# Generation	ratio_optimal	mean_fitness
0	0.03139	22.9808
1	0.03511	23.3762
2	0.03593	23.4003
3	0.03536	23.4185
4	0.03564	23.4114
5	0.03659	23.4422
6	0.03623	23.4361
7	0.03654	23.4257
8	0.03652	23.4702
9	0.0366	23.4603
10	0.03642	23.4577
11	0.0371	23.4501
12	0.03682	23.4688
13	0.0364	23.4492
14	0.03668	23.4579
15	0.03689	23.469
16	0.0361	23.464
17	0.03614	23.437
18	0.03718	23.4801
19	0.03709	23.4658
20	0.0378	23.4762
21	0.03743	23.4663
22	0.03769	23.4625
23	0.03694	23.458
24	0.0362	23.4739
25	0.03727	23.4701
26	0.037	23.4804
27	0.0379	23.4767
28	0.0384	23.5088
29	0.03693	23.5053
30	0.03794	23.5218
31	0.03763	23.4798
32	0.0378	23.5209
33	0.03802	23.514
34	0.03724	23.4831
35	0.03794	23.505
36	0.03697	23.4704
37	0.03769	23.5099
38	0.03734	23.4732
39	0.0387	23.535
40	0.03797	23.5253
41	0.03735	23.5587
42	0.03779	23.5248
43	0.03822	23.5549
44	0.03888	23.5258
45	0.03865	23.5404
46	0.0382	23.5246
47	0.03873	23.5256
48	0.03822	23.5228
49	0.03838	23.5668
50	0.03817	23.5479
51	0.03783	23.57
52	0.03745	23.5486
53	0.03858	23.5652
54	0.03748	23.5522
55	0.03801	23.5636
56	0.03763	23.5453
57	0.03801	23.5766
58	0.03774	23.5889
59	0.03964	23.57
60	0.03844	23.5757
61	0.0382	23.5776
62	0.03782	23.5836
63	0.03897	23.5644
64	0.03795	23.5759
65	0.03897	23.5722
66	0.03834	23.6115
67	0.03876	23.5968
68	0.03909	23.5949
69	0.03884	23.5834
70	0.03853	23.5942
71	0.03883	23.6182
72	0.03935	23.6099
73	0.03884	23.6319
74	0.04025	23.6176
75	0.03985	23.5973
76	0.03901	23.603
77	0.03905	23.6146
78	0.03828	23.6109
79	0.03925	23.6368
80	0.03802	23.5907
81	0.03976	23.624
82	0.03898	23.6306
83	0.03937	23.6306
84	0.03875	23.6393
85	0.0384	23.6342
86	0.03983	23.6505
87	0.04053	23.679
88	0.03955	23.6575
89	0.03939	23.668
90	0.04059	23.6746
91	0.03979	23.672
92	0.03898	23.6738
93	0.03986	23.67
94	0.03986	23.6873
95	0.03982	23.6742
96	0.03969	23.6944
97	0.03966	23.7073
98	0.03868	23.6978
99	0.04063	23.7081
100	0.04081	23.7014
101	0.04119	23.6964
102	0.04035	23.7221
103	0.04107	23.7328
104	0.04045	23.7226
105	0.04002	23.7358
106	0.0406	23.7364
107	0.04039	23.7413
108	0.04061	23.7356
109	0.04151	23.7656
110	0.041	23.734
111	0.04042	23.7199
112	0.04109	23.7477
113	0.04114	23.764
114	0.04104	23.7841
115	0.04139	23.7617
116	0.04054	23.7456
117	0.03963	23.7715
118	0.04131	23.757
119	0.04038	23.7464
120	0.03997	23.7565
121	0.04033	23.7493
122	0.0416	23.767
123	0.0406	23.773
124	0.04145	23.8094
125	0.04156	23.7919
126	0.04136	23.8203
127	0.04113	23.8164
128	0.04296	23.819
129	0.04331	23.8276
130	0.04405	23.8365
131	0.04232	23.8201
132	0.04231	23.8311
133	0.04155	23.8222
134	0.0412	23.8448
135	0.04113	23.8391
136	0.04239	23.8352
137	0.04128	23.8451
138	0.04192	23.8496
139	0.04209	23.8603
140	0.04251	23.8469
141	0.04269	23.8572
142	0.0421	23.8493
143	0.04297	23.8703
144	0.04269	23.8743
145	0.04266	23.8998
146	0.0421	23.8959
147	0.04239	23.8843
148	0.04195	23.89
149	0.04267	23.8948
150	0.04248	23.907
151	0.04436	23.8946
152	0.04255	23.908
153	0.04318	23.9136
154	0.04332	23.9078
155	0.04341	23.9262
156	0.04354	23.9261
157	0.04352	23.9449
158	0.04291	23.921
159	0.04256	23.9445
160	0.04272	23.9412
161	0.04378	23.9415
162	0.04422	23.9566
163	0.04416	23.9422
164	0.04422	23.9671
165	0.04514	23.9862
166	0.04505	24.0047
167	0.04445	23.9791
168	0.04423	23.9725
169	0.04369	23.9677
170	0.04447	23.9818
171	0.04521	24.0058
172	0.04491	24.0007
173	0.04443	23.9934
174	0.04514	24.0026
175	0.04539	23.9998
176	0.04528	24.0281
177	0.04534	23.9954
178	0.04551	24.0433
179	0.04383	24.0217
180	0.04464	24.0581
181	0.04455	24.0568
182	0.04429	24.0429
183	0.04454	24.0233
184	0.04449	24.0406
185	0.04464	24.0469
186	0.04508	24.0642
187	0.04558	24.0715
188	0.04484	24.0827
189	0.04453	24.0938
190	0.04569	24.1227
191	0.0455	24.0912
192	0.04563	24.1138
193	0.04659	24.0967
194	0.04562	24.1121
195	0.04496	24.0874
196	0.04688	24.1398
197	0.04712	24.1423
198	0.04624	24.1535
199	0.04671	24.1552
200	0.04651	24.1608
201	0.04659	24.1228
202	0.04645	24.1389
203	0.04612	24.1455
204	0.0469	24.2018
205	0.04724	24.1742
206	0.04777	24.1779
207	0.0474	24.1746
208	0.04765	24.2018
209	0.04773	24.214
210	0.04774	24.2096
211	0.0473	24.2024
212	0.04703	24.1974
213	0.04671	24.2059
214	0.04842	24.2276
215	0.04769	24.2552
216	0.04856	24.2306
217	0.0482	24.2445
218	0.0498	24.2602
219	0.04893	24.2686
220	0.0487	24.2617
221	0.04836	24.2679
222	0.0487	24.2863
223	0.04888	24.2802
224	0.0491	24.2855
225	0.04924	24.2956
226	0.05008	24.309
227	0.05038	24.3218
228	0.04949	24.3472
229	0.05042	24.3189
230	0.05109	24.3526
231	0.05047	24.3568
232	0.05014	24.36
233	0.05023	24.3735
234	0.05087	24.379
235	0.04921	24.3521
236	0.05002	24.3538
237	0.04934	24.3534
238	0.05156	24.387
239	0.05154	24.3808
240	0.04975	24.4106
241	0.0507	24.4009
242	0.05093	24.4039
243	0.05049	24.3922
244	0.0503	24.4112
245	0.05015	24.4287
246	0.05201	24.4527
247	0.05051	24.4273
248	0.0515	24.4372
249	0.05244	24.4528
250	0.05022	24.4593
251	0.05105	24.4644
252	0.05175	24.4767
253	0.05199	24.4809
254	0.05184	24.4986
255	0.05225	24.509
256	0.0523	24.5252
257	0.05386	24.5333
258	0.05317	24.5565
259	0.05338	24.5397
260	0.05275	24.5492
261	0.05299	24.5706
262	0.05298	24.5648
263	0.0522	24.5623
264	0.05352	24.5698
265	0.05417	24.5907
266	0.05381	24.6
267	0.05359	24.5873
268	0.05413	24.5972
269	0.05508	24.6103
270	0.0546	24.6076
271	0.05284	24.6099
272	0.05308	24.6228
273	0.05385	24.6113
274	0.05328	24.6249
275	0.0545	24.6517
276	0.05593	24.6418
277	0.05559	24.6392
278	0.0558	24.6631
279	0.05586	24.6871
280	0.05602	24.7094
281	0.05617	24.6913
282	0.05559	24.6835
283	0.05674	24.7245
284	0.05625	24.7358
285	0.05761	24.7615
286	0.05628	24.7461
287	0.05593	24.7182
288	0.05659	24.747
289	0.05623	24.7437
290	0.05704	24.7569
291	0.05649	24.7774
292	0.05727	24.7996
293	0.05806	24.7911
294	0.05783	24.8105
295	0.05849	24.816
296	0.05879	24.8012
297	0.05746	24.8317
298	0.05681	24.8206
299	0.05778	24.822
300	0.05637	24.8473
301	0.05934	24.844
302	0.05817	24.8801
303	0.05834	24.9046
304	0.06006	24.8974
305	0.05874	24.8819
306	0.0593	24.9074
307	0.05945	24.9161
308	0.06015	24.9525
309	0.06055	24.925
310	0.0608	24.9439
311	0.06018	24.9544
312	0.05985	24.9467
313	0.06037	24.9611
314	0.06084	24.9656
315	0.06153	25.0046
316	0.06082	24.9855
317	0.06256	25.0228
318	0.06204	25.0238
319	0.06093	25.0111
320	0.06213	25.0203
321	0.06098	25.027
322	0.06213	25.048
323	0.06148	25.0867
324	0.06247	25.0987
325	0.06411	25.1138
326	0.06347	25.1109
327	0.06266	25.1004
328	0.06184	25.1035
329	0.0628	25.1165
330	0.06594	25.1407
331	0.06377	25.1222
332	0.06424	25.1438
333	0.06414	25.1493
334	0.06415	25.151
335	0.06542	25.1756
336	0.06449	25.1964
337	0.06546	25.2334
338	0.06573	25.2132
339	0.06445	25.2019
340	0.06618	25.2282
341	0.06651	25.2358
342	0.06623	25.2723
343	0.06693	25.2638
344	0.0666	25.2844
345	0.0671	25.2993
346	0.0674	25.3063
347	0.06713	25.3188
348	0.06756	25.3051
349	0.06694	25.3207
350	0.06765	25.3348
351	0.06901	25.3406
352	0.06843	25.3644
353	0.06825	25.3478
354	0.06881	25.3649
355	0.06927	25.3931
356	0.06949	25.4014
357	0.07	25.4151
358	0.06971	25.3992
359	0.07075	25.4196
360	0.06916	25.4382
361	0.07011	25.4645
362	0.06919	25.4566
363	0.07148	25.4626
364	0.07152	25.4824
365	0.07144	25.5054
366	0.07035	25.5096
367	0.07183	25.5192
368	0.07257	25.5183
369	0.07107	25.526
370	0.07173	25.5533
371	0.07209	25.5583
372	0.0717	25.5748
373	0.07095	25.5732
374	0.07141	25.5925
375	0.0724	25.6002
376	0.07251	25.5974
377	0.07323	25.6376
378	0.07377	25.655
379	0.07444	25.6474
380	0.0752	25.6745
381	0.07475	25.6793
382	0.07528	25.6876
383	0.07521	25.6983
384	0.07645	25.6978
385	0.07654	25.7432
386	0.07721	25.7491
387	0.07712	25.7462
388	0.07606	25.7686
389	0.07723	25.7831
390	0.07647	25.7755
391	0.07682	25.7652
392	0.07697	25.7839
393	0.07918	25.8301
394	0.07845	25.8146
395	0.07945	25.8397
396	0.07996	25.855
397	0.07971	25.8706
398	0.07943	25.8823
399	0.0797	25.8962
400	0.0809	25.9041
401	0.08127	25.9263
402	0.08156	25.9339
403	0.08203	25.9328
404	0.08265	25.9516
405	0.08128	25.965
406	0.08259	25.9777
407	0.08303	25.9684
408	0.08332	25.9799
409	0.08295	25.9923
410	0.08506	26.037
411	0.08495	26.0393
412	0.08555	26.0523
413	0.08388	26.0594
414	0.08559	26.0822
415	0.08651	26.0962
416	0.08588	26.1201
417	0.08713	26.1401
418	0.08663	26.153
419	0.08654	26.1396
420	0.08822	26.1611
421	0.08801	26.1671
422	0.08788	26.1814
423	0.0879	26.2051
424	0.0886	26.2264
425	0.08886	26.2226
426	0.08924	26.2321
427	0.09068	26.2512
428	0.0913	26.2562
429	0.08946	26.2538
430	0.09011	26.2655
431	0.09183	26.2974
432	0.08981	26.2987
433	0.09177	26.3186
434	0.09158	26.3448
435	0.09148	26.3371
436	0.09213	26.3567
437	0.09147	26.3763
438	0.09356	26.3756
439	0.09362	26.3995
440	0.09348	26.3871
441	0.09416	26.418
442	0.09472	26.4597
443	0.09503	26.4631
444	0.09623	26.4628
445	0.09593	26.4655
446	0.09578	26.4826
447	0.09632	26.5
448	0.09654	26.5038
449	0.09763	26.5392
450	0.09676	26.5467
451	0.09715	26.5578
452	0.09841	26.5647
453	0.09912	26.5969
454	0.10096	26.6041
455	0.10103	26.6189
456	0.101	26.6326
457	0.10116	26.6568
458	0.10197	26.6627
459	0.1025	26.6805
460	0.10262	26.6802
461	0.10335	26.695
462	0.10316	26.7052
463	0.10103	26.7062
464	0.10217	26.7451
465	0.10329	26.7599
466	0.10404	26.7724
467	0.1048	26.7859
468	0.10386	26.7954
469	0.10633	26.8084
470	0.10716	26.8213
471	0.10713	26.8269
472	0.10683	26.8519
473	0.10853	26.8748
474	0.10912	26.8853
475	0.11072	26.8955
476	0.10988	26.9214
477	0.11068	26.9352
478	0.11079	26.9253
479	0.1125	26.9356
480	0.11171	26.9564
481	0.11301	26.974
482	0.11322	26.9917
483	0.11512	27.0106
484	0.11264	26.9914
485	0.11508	27.0165
486	0.11447	27.0301
487	0.11497	27.049
488	0.11433	27.0502
489	0.11535	27.0742
490	0.11415	27.0814
491	0.11462	27.0964
492	0.11482	27.1099
493	0.11678	27.1356
494	0.1169	27.1484
495	0.11706	27.1573
496	0.11747	27.1901
497	0.11852	27.1996
498	0.11968	27.2238
499	0.12077	27.2336
500	0.1212	27.2556
501	0.12064	27.2625
502	0.12219	27.2739
503	0.12301	27.2834
504	0.12253	27.2941
505	0.12262	27.3169
506	0.12564	27.3384
507	0.12603	27.343
508	0.12594	27.3524
509	0.12732	27.3625
510	0.12757	27.3726
511	0.12624	27.394
512	0.12755	27.4105
513	0.12801	27.4305
514	0.12811	27.4278
515	0.12912	27.4426
516	0.12981	27.4602
517	0.12989	27.4777
518	0.13085	27.474
519	0.13161	27.4884
520	0.13169	27.5024
521	0.13273	27.5295
522	0.13283	27.5576
523	0.13396	27.5557
524	0.13243	27.5793
525	0.13419	27.5839
526	0.13737	27.6115
527	0.13768	27.6169
528	0.13792	27.6228
529	0.1379	27.6194
530	0.13698	27.6541
531	0.13724	27.66
532	0.13934	27.6727
533	0.14085	27.6895
534	0.14118	27.6974
535	0.14103	27.7071
536	0.14238	27.7266
537	0.14242	27.738
538	0.14407	27.7688
539	0.14382	27.7875
540	0.14386	27.7961
541	0.14553	27.7942
542	0.14451	27.8181
543	0.14483	27.8316
544	0.14656	27.8547
545	0.148	27.8766
546	0.14828	27.8877
547	0.14902	27.8953
548	0.14896	27.9084
549	0.15069	27.9013
550	0.15167	27.9344
551	0.15366	27.9464
552	0.15398	27.9668
553	0.15408	27.9668
554	0.15406	27.9851
555	0.15584	27.9881
556	0.15591	28.0082
557	0.15562	28.0189
558	0.15816	28.0387
559	0.15798	28.0509
560	0.15988	28.0584
561	0.16051	28.0835
562	0.1595	28.0905
563	0.16005	28.1036
564	0.16026	28.1086
565	0.16236	28.1211
566	0.16413	28.1456
567	0.16523	28.1644
568	0.1673	28.1734
569	0.16718	28.1808
570	0.1682	28.1986
571	0.16994	28.2178
572	0.17019	28.2233
573	0.1702	28.2321
574	0.17101	28.2368
575	0.17232	28.258
576	0.17388	28.2803
577	0.17363	28.2869
578	0.17502	28.2967
579	0.17425	28.3097
580	0.17644	28.3376
581	0.17772	28.3431
582	0.17825	28.3515
583	0.17969	28.3701
584	0.17928	28.3695
585	0.17974	28.3798
586	0.18044	28.3924
587	0.18174	28.4102
588	0.18327	28.4201
589	0.18432	28.4405
590	0.18393	28.4478
591	0.1853	28.4598
592	0.18629	28.4712
593	0.18688	28.4832
594	0.18762	28.4844
595	0.18862	28.4929
596	0.188	28.5042
597	0.18834	28.5227
598	0.18984	28.5374
599	0.18959	28.5471
600	0.19079	28.5614
601	0.19097	28.5619
602	0.19439	28.5837
603	0.19578	28.5942
604	0.19519	28.6027
605	0.19641	28.6172
606	0.19798	28.625
607	0.19764	28.6359
608	0.19909	28.6557
609	0.19893	28.6649
610	0.20105	28.6767
611	0.20223	28.6899
612	0.20398	28.7048
613	0.20523	28.7223
614	0.20516	28.7303
615	0.20536	28.7416
616	0.20801	28.7582
617	0.20814	28.7696
618	0.20999	28.7799
619	0.2096	28.7839
620	0.21286	28.7921
621	0.21302	28.8065
622	0.21436	28.8264
623	0.21495	28.8395
624	0.21643	28.8459
625	0.21594	28.8613
626	0.21614	28.8652
627	0.21671	28.8753
628	0.21918	28.874
629	0.21954	28.8876
630	0.2224	28.9036
631	0.22241	28.9132
632	0.22303	28.9158
633	0.22387	28.9309
634	0.22552	28.9405
635	0.22526	28.9462
636	0.2252	28.9578
637	0.22521	28.9694
638	0.22627	28.9752
639	0.22821	28.9923
640	0.22865	29.006
641	0.23064	29.0156
642	0.23201	29.0252
643	0.23135	29.0253
644	0.2322	29.0341
645	0.23303	29.0382
646	0.23469	29.0479
647	0.23569	29.0576
648	0.23628	29.0661
649	0.23786	29.0768
650	0.23746	29.0955
651	0.24027	29.1043
652	0.24334	29.1126
653	0.24521	29.1219
654	0.24639	29.1313
655	0.24696	29.1372
656	0.24834	29.1549
657	0.24914	29.1704
658	0.25137	29.1798
659	0.25187	29.1851
660	0.25508	29.2028
661	0.25512	29.2092
662	0.25602	29.2165
663	0.25743	29.2253
664	0.25767	29.2366
665	0.2585	29.2502
666	0.25897	29.2548
667	0.26168	29.2669
668	0.26159	29.271
669	0.26389	29.2767
670	0.26488	29.2825
671	0.26654	29.2932
672	0.26766	29.3039
673	0.26923	29.3088
674	0.26924	29.3136
675	0.27022	29.3302
676	0.27112	29.3354
677	0.27137	29.3437
678	0.27307	29.3515
679	0.27297	29.3596
680	0.2738	29.3645
681	0.27546	29.3736
682	0.27686	29.3859
683	0.27879	29.3896
684	0.2796	29.3978
685	0.28198	29.4088
686	0.28267	29.4214
687	0.2848	29.4236
688	0.28506	29.426
689	0.28744	29.4431
690	0.2879	29.4502
691	0.2896	29.4595
692	0.29082	29.4668
693	0.29383	29.4782
694	0.29632	29.4881
695	0.29532	29.4964
696	0.29574	29.5037
697	0.29693	29.5017
698	0.2993	29.5108
699	0.30052	29.5221
700	0.30325	29.5321
701	0.30248	29.538
702	0.3031	29.5451
703	0.30264	29.5527
704	0.3033	29.5549
705	0.30551	29.5634
706	0.3082	29.5766
707	0.30961	29.5802
708	0.30977	29.586
709	0.3095	29.5895
710	0.31112	29.6001
711	0.31248	29.6033
712	0.31344	29.607
713	0.31467	29.6187
714	0.31684	29.6261
715	0.31851	29.6303
716	0.31823	29.6364
717	0.321	29.6503
718	0.32327	29.658
719	0.32682	29.6726
720	0.32792	29.6785
721	0.32866	29.6827
722	0.33126	29.6938
723	0.3325	29.6978
724	0.33365	29.7029
725	0.33419	29.7063
726	0.33492	29.7144
727	0.33564	29.7196
728	0.337	29.7278
729	0.33895	29.7321
730	0.33964	29.7378
731	0.34193	29.7463
732	0.34373	29.7532
733	0.34629	29.7583
734	0.34733	29.7634
735	0.34728	29.7688
736	0.34908	29.7741
737	0.35172	29.7814
738	0.35251	29.7887
739	0.35338	29.795
740	0.35389	29.7969
741	0.35328	29.8012
742	0.35448	29.8094
743	0.35579	29.8169
744	0.35844	29.8226
745	0.36058	29.8305
746	0.36117	29.8322
747	0.36238	29.8374
748	0.36295	29.8395
749	0.36373	29.8469
750	0.36489	29.8542
751	0.36588	29.8589
752	0.36767	29.8636
753	0.36822	29.8695
754	0.3698	29.8753
755	0.3709	29.8802
756	0.37261	29.8858
757	0.37524	29.8918
758	0.37826	29.9008
759	0.37773	29.9043
760	0.37794	29.9063
761	0.37892	29.9124
762	0.38057	29.9186
763	0.38204	29.9212
764	0.38279	29.9268
765	0.38442	29.933
766	0.38648	29.941
767	0.389	29.9465
768	0.39089	29.9508
769	0.39272	29.9577
770	0.39526	29.9639
771	0.39606	29.9663
772	0.39747	29.9716
773	0.39821	29.9774
774	0.39935	29.9834
775	0.40092	29.9847
776	0.40086	29.986
777	0.40239	29.9909
778	0.4033	29.9949
779	0.40513	30.0019
780	0.40715	30.0102
781	0.40829	30.0142
782	0.40926	30.0199
783	0.40973	30.0236
784	0.41065	30.0256
785	0.41276	30.0315
786	0.41501	30.0358
787	0.41592	30.0376
788	0.41607	30.0423
789	0.41881	30.048
790	0.41983	30.051
791	0.42109	30.056
792	0.42249	30.0605
793	0.42327	30.0634
794	0.42506	30.0686
795	0.42836	30.073
796	0.42825	30.0745
797	0.43009	30.0808
798	0.43078	30.0836
799	0.43105	30.0906
800	0.43348	30.0951
801	0.43679	30.1026
802	0.43878	30.1075
803	0.44091	30.1123
804	0.4411	30.1151
805	0.4431	30.1183
806	0.44465	30.1203
807	0.44633	30.1238
808	0.44742	30.1283
809	0.44742	30.1304
810	0.44908	30.1371
811	0.45107	30.1403
812	0.45278	30.1441
813	0.45432	30.1483
814	0.45541	30.1514
815	0.45623	30.1544
816	0.45856	30.1596
817	0.46088	30.1639
818	0.46326	30.1688
819	0.46447	30.1731
820	0.46585	30.1759
821	0.46832	30.18
822	0.46803	30.1801
823	0.47046	30.1861
824	0.47124	30.1912
825	0.47206	30.1937
826	0.47327	30.1961
827	0.47471	30.2007
828	0.47653	30.2031
829	0.47844	30.2075
830	0.47958	30.2126
831	0.4803	30.2149
832	0.48217	30.2163
833	0.48269	30.2173
834	0.48379	30.2231
835	0.4841	30.2232
836	0.4859	30.2275
837	0.48666	30.2299
838	0.48824	30.234
839	0.48875	30.2372
840	0.49019	30.24
841	0.49312	30.2446
842	0.49492	30.248
843	0.49553	30.2505
844	0.49647	30.2536
845	0.49892	30.2561
846	0.50057	30.2589
847	0.50265	30.2629
848	0.50403	30.2652
849	0.50574	30.2695
850	0.50742	30.2728
851	0.50843	30.2752
852	0.50986	30.2788
853	0.51161	30.2827
854	0.51277	30.2839
855	0.51319	30.2869
856	0.51524	30.2901
857	0.51622	30.2932
858	0.51731	30.2962
859	0.51859	30.2989
860	0.51884	30.3013
861	0.52036	30.3028
862	0.52234	30.3057
863	0.52248	30.3073
864	0.52522	30.3124
865	0.526	30.3138
866	0.5275	30.3171
867	0.52952	30.321
868	0.53165	30.3245
869	0.53268	30.3267
870	0.5343	30.3294
871	0.53462	30.3312
872	0.53485	30.3324
873	0.53687	30.335
874	0.53807	30.3378
875	0.53933	30.3397
876	0.53881	30.3398
877	0.54149	30.3433
878	0.54209	30.3448
879	0.54227	30.3457
880	0.54378	30.3475
881	0.54621	30.3515
882	0.54719	30.3533
883	0.5493	30.3569
884	0.55066	30.3592
885	0.55208	30.3629
886	0.55202	30.3633
887	0.5547	30.3666
888	0.55599	30.3689
889	0.55715	30.3706
890	0.55857	30.3738
891	0.55924	30.3757
892	0.56013	30.3772
893	0.5616	30.3797
894	0.56272	30.3819
895	0.56322	30.383
896	0.56346	30.3841
897	0.56467	30.3865
898	0.56682	30.3891
899	0.56779	30.3909
900	0.56887	30.3932
901	0.57094	30.396
902	0.57159	30.3977
903	0.57219	30.3986
904	0.57269	30.3997
905	0.57441	30.4026
906	0.57549	30.4044
907	0.57661	30.4062
908	0.57648	30.4069
909	0.5766	30.4076
910	0.57759	30.4089
911	0.57939	30.4112
912	0.58113	30.4139
913	0.58355	30.417
914	0.58456	30.4185
915	0.58597	30.4211
916	0.58727	30.4223
917	0.58761	30.4232
918	0.58809	30.4239
919	0.58936	30.4256
920	0.5904	30.4275
921	0.59237	30.43
922	0.59229	30.4305
923	0.59413	30.4329
924	0.59619	30.4362
925	0.59702	30.4374
926	0.5976	30.439
927	0.59801	30.4399
928	0.59917	30.4414
929	0.60086	30.4439
930	0.60167	30.4452
931	0.60221	30.4462
932	0.60404	30.4481
933	0.60518	30.4502
934	0.60599	30.4514
935	0.6068	30.4528
936	0.60782	30.4544
937	0.6086	30.4551
938	0.60913	30.4562
939	0.60981	30.4575
940	0.61025	30.4585
941	0.61189	30.4603
942	0.61291	30.4618
943	0.61413	30.4633
944	0.61551	30.4654
945	0.61623	30.4662
946	0.61686	30.4676
947	0.61778	30.4689
948	0.61845	30.4698
949	0.61941	30.4712
950	0.62	30.4723
951	0.62109	30.4742
952	0.62173	30.4753
953	0.62294	30.4766
954	0.62339	30.4774
955	0.6246	30.4786
956	0.62522	30.4798
957	0.6261	30.4811
958	0.62656	30.4822
959	0.62827	30.4844
960	0.62937	30.4855
961	0.63032	30.4872
962	0.63068	30.4878
963	0.63211	30.4895
964	0.63295	30.4907
965	0.63412	30.4923
966	0.63495	30.4934
967	0.63644	30.4955
968	0.63723	30.4962
969	0.63779	30.4973
970	0.63788	30.4975
971	0.63924	30.4992
972	0.64028	30.5002
973	0.64103	30.5013
974	0.64129	30.5016
975	0.64197	30.5025
976	0.64231	30.5033
977	0.64321	30.5043
978	0.6443	30.5057
979	0.64472	30.5064
980	0.64512	30.5069
981	0.64599	30.5076
982	0.64659	30.5087
983	0.64768	30.5101
984	0.64835	30.5112
985	0.64928	30.5124
986	0.64964	30.513
987	0.64932	30.513
988	0.6503	30.5142
989	0.65086	30.5149
990	0.65119	30.5155
991	0.65176	30.5164
992	0.65245	30.5173
993	0.65299	30.518
994	0.65381	30.519
995	0.65515	30.5203
996	0.65581	30.5213
997	0.65635	30.5221
998	0.65685	30.5226
999	0.65758	30.5238
1000	0.65824	30.5246
1001	0.658	30.5244
1002	0.65964	30.5263
1003	0.66039	30.5272
1004	0.66061	30.5275
1005	0.66124	30.5281
1006	0.66151	30.5285
1007	0.66243	30.5297
1008	0.66327	30.5304
1009	0.66362	30.5311
1010	0.66385	30.5315
1011	0.66444	30.5323
1012	0.66485	30.5328
1013	0.66579	30.5338
1014	0.66661	30.535
1015	0.66684	30.5351
1016	0.66716	30.5356
1017	0.66763	30.5362
1018	0.66804	30.5369
1019	0.66876	30.5377
1020	0.66879	30.5378
1021	0.66896	30.5382
1022	0.66933	30.5387
1023	0.66963	30.5392
1024	0.67028	30.5399
1025	0.67098	30.5407
1026	0.67148	30.5413
1027	0.67176	30.5416
1028	0.67224	30.542
1029	0.67294	30.5429
1030	0.67359	30.5437
1031	0.67322	30.5432
1032	0.67385	30.5439
1033	0.67441	30.5446
1034	0.67515	30.5456
1035	0.67559	30.5463
1036	0.67597	30.5467
1037	0.67584	30.5467
1038	0.67631	30.5472
1039	0.67685	30.5479
1040	0.67711	30.5481
1041	0.67752	30.5487
1042	0.67789	30.5491
1043	0.67792	30.5492
1044	0.67868	30.5499
1045	0.67937	30.5506
1046	0.67985	30.5511
1047	0.68041	30.5518
1048	0.68074	30.5522
1049	0.68099	30.5525
1050	0.68159	30.5531
1051	0.68176	30.5533
1052	0.68201	30.5535
1053	0.68205	30.5537
1054	0.68239	30.5541
1055	0.68286	30.5547
1056	0.68298	30.5549
1057	0.68366	30.5556
1058	0.68399	30.556
1059	0.68403	30.5561
1060	0.6846	30.5565
1061	0.68498	30.557
1062	0.68509	30.5572
1063	0.6857	30.5579
1064	0.68581	30.558
1065	0.68589	30.5582
1066	0.6863	30.5586
1067	0.68658	30.559
1068	0.68663	30.5591
1069	0.68688	30.5594
1070	0.68697	30.5596
1071	0.68718	30.5598
1072	0.68731	30.5599
1073	0.68779	30.5604
1074	0.68813	30.5609
1075	0.68813	30.561
1076	0.6888	30.5617
1077	0.68884	30.5617
1078	0.68925	30.5622
1079	0.68963	30.5627
1080	0.68974	30.5628
1081	0.69004	30.5631
1082	0.69023	30.5633
1083	0.69059	30.5637
1084	0.69062	30.5638
1085	0.69059	30.5638
1086	0.69051	30.5638
1087	0.69081	30.5641
1088	0.69094	30.5642
1089	0.69147	30.5648
1090	0.69155	30.5649
1091	0.692	30.5653
1092	0.69227	30.5656
1093	0.69213	30.5655
1094	0.6922	30.5656
1095	0.69195	30.5653
1096	0.69215	30.5655
1097	0.69234	30.5657
1098	0.6926	30.566
1099	0.693	30.5663
1100	0.69324	30.5666
1101	0.69324	30.5667
1102	0.69315	30.5667
1103	0.6934	30.5669
1104	0.69348	30.567
1105	0.69349	30.5671
1106	0.69364	30.5672
1107	0.69391	30.5676
1108	0.6939	30.5676
1109	0.69416	30.5678
1110	0.6943	30.568
1111	0.6947	30.5684
1112	0.69491	30.5687
1113	0.6952	30.569
1114	0.69515	30.569
1115	0.69521	30.569
1116	0.69536	30.5691
1117	0.69547	30.5693
1118	0.69555	30.5693
1119	0.69561	30.5694
1120	0.69568	30.5695
1121	0.69575	30.5697
1122	0.69579	30.5697
1123	0.69595	30.5699
1124	0.69586	30.5698
1125	0.69603	30.57
1126	0.6961	30.5701
1127	0.69621	30.5703
1128	0.69628	30.5703
1129	0.69638	30.5704
1130	0.69633	30.5704
1131	0.69643	30.5705
1132	0.69635	30.5704
1133	0.69648	30.5706
1134	0.6967	30.5709
1135	0.69699	30.5711
1136	0.69717	30.5713
1137	0.69714	30.5713
1138	0.69714	30.5713
1139	0.69704	30.5712
1140	0.69707	30.5713
1141	0.69725	30.5714
1142	0.69722	30.5714
1143	0.69723	30.5715
1144	0.69739	30.5716
1145	0.69741	30.5717
1146	0.69752	30.5718
1147	0.69764	30.5719
1148	0.6978	30.5721
1149	0.69789	30.5721
1150	0.69796	30.5722
1151	0.69788	30.5721
1152	0.69785	30.5721
1153	0.69776	30.572
1154	0.69789	30.5721
1155	0.69781	30.5721
1156	0.69792	30.5722
1157	0.69806	30.5723
1158	0.69806	30.5723
1159	0.69815	30.5724
1160	0.69818	30.5724
1161	0.69823	30.5725
1162	0.69826	30.5725
1163	0.69835	30.5726
1164	0.69849	30.5727
1165	0.69849	30.5727
1166	0.69849	30.5727
1167	0.69848	30.5727
1168	0.69858	30.5728
1169	0.69856	30.5728
1170	0.69864	30.5729
1171	0.69865	30.5729
1172	0.69863	30.5729
1173	0.69866	30.5729
1174	0.69864	30.5729
1175	0.69871	30.573
1176	0.69867	30.573
1177	0.69873	30.573
1178	0.69872	30.573
1179	0.6988	30.5731
1180	0.69879	30.5731
1181	0.69877	30.5731
1182	0.6988	30.5731
1183	0.6988	30.5731
1184	0.6988	30.5731
1185	0.69886	30.5732
1186	0.69888	30.5732
1187	0.6989	30.5732
1188	0.69896	30.5733
1189	0.69896	30.5733
1190	0.69896	30.5733
1191	0.69904	30.5734
1192	0.699	30.5733
1193	0.69898	30.5733
1194	0.69895	30.5733
1195	0.69896	30.5733
1196	0.69897	30.5733
1197	0.69897	30.5733
1198	0.69898	30.5733
1199	0.699	30.5733
1200	0.69904	30.5734
1201	0.69905	30.5734
1202	0.69909	30.5734
1203	0.69904	30.5734
1204	0.69902	30.5733
1205	0.69907	30.5734
1206	0.69909	30.5734
1207	0.69912	30.5735
1208	0.69915	30.5735
1209	0.69917	30.5735
1210	0.69916	30.5735
1211	0.69912	30.5735
1212	0.69913	30.5735
1213	0.69909	30.5734
1214	0.69912	30.5735
1215	0.69914	30.5735
1216	0.69915	30.5735
1217	0.69915	30.5735
1218	0.69915	30.5735
1219	0.69915	30.5735
1220	0.69915	30.5735
1221	0.69917	30.5735
1222	0.69917	30.5735
1223	0.69918	30.5735
1224	0.69917	30.5735
1225	0.69919	30.5735
1226	0.69919	30.5735
1227	0.6992	30.5736
1228	0.6992	30.5736
1229	0.69918	30.5735
1230	0.69919	30.5735
1231	0.69921	30.5736
1232	0.69921	30.5736
1233	0.69922	30.5736
1234	0.6992	30.5736
1235	0.69919	30.5735
1236	0.69918	30.5735
1237	0.69919	30.5735
1238	0.69921	30.5736
1239	0.69921	30.5736
1240	0.69921	30.5736
1241	0.69923	30.5736
1242	0.69924	30.5736
1243	0.69924	30.5736
1244	0.69924	30.5736
1245	0.69925	30.5736
1246	0.69923	30.5736
1247	0.69923	30.5736
1248	0.69926	30.5736
1249	0.69926	30.5736
1250	0.69925	30.5736
1251	0.69926	30.5736
1252	0.69926	30.5736
1253	0.69926	30.5736
1254	0.69926	30.5736
1255	0.69926	30.5736
1256	0.69926	30.5736
1257	0.69926	30.5736
1258	0.69925	30.5736
1259	0.69925	30.5736
1260	0.69925	30.5736
1261	0.69926	30.5736
1262	0.69925	30.5736
1263	0.69925	30.5736
1264	0.69926	30.5736
1265	0.69926	30.5736
1266	0.69926	30.5736
1267	0.69926	30.5736
1268	0.69926	30.5736
1269	0.69925	30.5736
1270	0.69925	30.5736
1271	0.69924	30.5736
1272	0.69924	30.5736
1273	0.69923	30.5736
1274	0.69923	30.5736
1275	0.69926	30.5736
1276	0.69926	30.5736
1277	0.69926	30.5736
1278	0.69926	30.5736
1279	0.69926	30.5736
1280	0.69927	30.5736
1281	0.69927	30.5736
1282	0.69927	30.5736
1283	0.69927	30.5736
1284	0.69926	30.5736
1285	0.69926	30.5736
1286	0.69926	30.5736
1287	0.69926	30.5736
1288	0.69926	30.5736
1289	0.69926	30.5736
1290	0.69926	30.5736
1291	0.69926	30.5736
1292	0.69926	30.5736
1293	0.69927	30.5736
1294	0.69927	30.5736
1295	0.69926	30.5736
1296	0.69926	30.5736
1297	0.69927	30.5736
1298	0.69927	30.5736
1299	0.69927	30.5736
1300	0.69927	30.5736
1301	0.69927	30.5736
1302	0.69927	30.5736
1303	0.69927	30.5736
1304	0.69927	30.5736
1305	0.69927	30.5736
1306	0.69927	30.5736
1307	0.69927	30.5736
1308	0.69927	30.5736
1309	0.69927	30.5736
1310	0.69927	30.5736
1311	0.69927	30.5736
1312	0.69927	30.5736
1313	0.69927	30.5736
1314	0.69927	30.5736
1315	0.69927	30.5736
1316	0.69927	30.5736
1317	0.69927	30.5736
1318	0.69927	30.5736
1319	0.69927	30.5736
1320	0.69927	30.5736
1321	0.69927	30.5736
1322	0.69927	30.5736
1323	0.69927	30.5736
1324	0.69927	30.5736
1325	0.69927	30.5736
1326	0.69927	30.5736
1327	0.69927	30.5736
1328	0.69927	30.5736
1329	0.69927	30.5736
1330	0.69927	30.5736
1331	0.69927	30.5736
1332	0.69927	30.5736
1333	0.69927	30.5736
1334	0.69927	30.5736
1335	0.69927	30.5736
1336	0.69927	30.5736
1337	0.69927	30.5736
1338	0.69927	30.5736
1339	0.69927	30.5736
1340	0.69927	30.5736
1341	0.69927	30.5736
1342	0.69927	30.5736
1343	0.69927	30.5736
1344	0.69927	30.5736
1345	0.69927	30.5736
1346	0.69927	30.5736
1347	0.69927	30.5736
1348	0.69927	30.5736
1349	0.69927	30.5736
1350	0.69927	30.5736
1351	0.69927	30.5736
1352	0.69927	30.5736
1353	0.69927	30.5736
1354	0.69927	30.5736
1355	0.69927	30.5736
1356	0.69927	30.5736
1357	0.69927	30.5736
1358	0.69927	30.5736
1359	0.69927	30.5736
1360	0.69927	30.5736
1361	0.69927	30.5736
1362	0.69927	30.5736
1363	0.69927	30.5736
1364	0.69927	30.5736
1365	0.69927	30.5736
1366	0.69927	30.5736
1367	0.69927	30.5736
1368	0.69927	30.5736
1369	0.69927	30.5736
1370	0.69927	30.5736
1371	0.69927	30.5736
1372	0.69927	30.5736
1373	0.69927	30.5736
1374	0.69927	30.5736
1375	0.69927	30.5736
1376	0.69927	30.5736
1377	0.69927	30.5736
1378	0.69927	30.5736
1379	0.69927	30.5736
1380	0.69927	30.5736
1381	0.69927	30.5736
1382	0.69927	30.5736
1383	0.69927	30.5736
1384	0.69927	30.5736
1385	0.69927	30.5736
1386	0.69927	30.5736
1387	0.69927	30.5736
1388	0.69927	30.5736
1389	0.69927	30.5736
1390	0.69927	30.5736
1391	0.69927	30.5736
1392	0.69927	30.5736
1393	0.69927	30.5736
1394	0.69927	30.5736
1395	0.69927	30.5736
1396	0.69927	30.5736
1397	0.69927	30.5736
1398	0.69927	30.5736
1399	0.69927	30.5736
1400	0.69927	30.5736
1401	0.69927	30.5736
1402	0.69927	30.5736
1403	0.69927	30.5736
1404	0.69927	30.5736
1405	0.69927	30.5736
1406	0.69927	30.5736
1407	0.69927	30.5736
1408	0.69927	30.5736
1409	0.69927	30.5736
1410	0.69927	30.5736
1411	0.69927	30.5736
1412	0.69927	30.5736
1413	0.69927	30.5736
1414	0.69927	30.5736
1415	0.69927	30.5736
1416	0.69927	30.5736
1417	0.69927	30.5736
1418	0.69927	30.5736
1419	0.69927	30.5736
1420	0.69927	30.5736
1421	0.69927	30.5736
1422	0.69927	30.5736
1423	0.69927	30.5736
1424	0.69927	30.5736
1425	0.69927	30.5736
1426	0.69927	30.5736
1427	0.69927	30.5736
1428	0.69927	30.5736
1429	0.69927	30.5736
1430	0.69927	30.5736
1431	0.69927	30.5736
1432	0.69927	30.5736
1433	0.69927	30.5736
1434	0.69927	30.5736
1435	0.69927	30.5736
1436	0.69927	30.5736
1437	0.69927	30.5736
1438	0.69927	30.5736
1439	0.69927	30.5736
1440	0.69927	30.5736
1441	0.69927	30.5736
1442	0.69927	30.5736
1443	0.69927	30.5736
1444	0.69927	30.5736
1445	0.69927	30.5736
1446	0.69927	30.5736
1447	0.69927	30.5736
1448	0.69927	30.5736
1449	0.69927	30.5736
1450	0.69927	30.5736
1451	0.69927	30.5736
1452	0.69927	30.5736
1453	0.69927	30.5736
1454	0.69927	30.5736
1455	0.69927	30.5736
1456	0.69927	30.5736
1457	0.69927	30.5736
1458	0.69927	30.5736
1459	0.69927	30.5736
1460	0.69927	30.5736
1461	0.69927	30.5736
1462	0.69927	30.5736
1463	0.69927	30.5736
1464	0.69927	30.5736
1465	0.69927	30.5736
1466	0.69927	30.5736
1467	0.69927	30.5736
1468	0.69927	30.5736
1469	0.69927	30.5736
1470	0.69927	30.5736
1471	0.69927	30.5736
1472	0.69927	30.5736
1473	0.69927	30.5736
1474	0.69927	30.5736
1475	0.69927	30.5736
1476	0.69927	30.5736
1477	0.69927	30.5736
1478	0.69927	30.5736
1479	0.69927	30.5736
1480	0.69927	30.5736
1481	0.69927	30.5736
1482	0.69927	30.5736
1483	0.69927	30.5736
1484	0.69927	30.5736
1485	0.69927	30.5736
1486	0.69927	30.5736
1487	0.69927	30.5736
1488	0.69927	30.5736
1489	0.69927	30.5736
1490	0.69927	30.5736
1491	0.69927	30.5736
1492	0.69927	30.5736
1493	0.69927	30.5736
1494	0.69927	30.5736
1495	0.69927	30.5736
1496	0.69927	30.5736
1497	0.69927	30.5736
1498	0.69927	30.5736
1499	0.69927	30.5736
1500	0.69927	30.5736
1501	0.69927	30.5736
1502	0.69927	30.5736
1503	0.69927	30.5736
1504	0.69927	30.5736
1505	0.69927	30.5736
1506	0.69927	30.5736
1507	0.69927	30.5736
1508	0.69927	30.5736
1509	0.69927	30.5736
1510	0.69927	30.5736
1511	0.69927	30.5736
1512	0.69927	30.5736
1513	0.69927	30.5736
1514	0.69927	30.5736
1515	0.69927	30.5736
1516	0.69927	30.5736
1517	0.69927	30.5736
1518	0.69927	30.5736
1519	0.69927	30.5736
1520	0.69927	30.5736
1521	0.69927	30.5736
1522	0.69927	30.5736
1523	0.69927	30.5736
1524	0.69927	30.5736
1525	0.69927	30.5736
1526	0.69927	30.5736
1527	0.69927	30.5736
1528	0.69927	30.5736
1529	0.69927	30.5736
1530	0.69927	30.5736
1531	0.69927	30.5736
1532	0.69927	30.5736
1533	0.69927	30.5736
1534	0.69927	30.5736
1535	0.69927	30.5736
1536	0.69927	30.5736
1537	0.69927	30.5736
1538	0.69927	30.5736
1539	0.69927	30.5736
1540	0.69927	30.5736
1541	0.69927	30.5736
1542	0.69927	30.5736
1543	0.69927	30.5736
1544	0.69927	30.5736
1545	0.69927	30.5736
1546	0.69927	30.5736
1547	0.69927	30.5736
1548	0.69927	30.5736
1549	0.69927	30.5736
1550	0.69927	30.5736
1551	0.69927	30.5736
1552	0.69927	30.5736
1553	0.69927	30.5736
1554	0.69927	30.5736
1555	0.69927	30.5736
1556	0.69927	30.5736
1557	0.69927	30.5736
1558	0.69927	30.5736
1559	0.69927	30.5736
1560	0.69927	30.5736
1561	0.69927	30.5736
1562	0.69927	30.5736
1563	0.69927	30.5736
1564	0.69927	30.5736
1565	0.69927	30.5736
1566	0.69927	30.5736
1567	0.69927	30.5736
1568	0.69927	30.5736
1569	0.69927	30.5736
1570	0.69927	30.5736
1571	0.69927	30.5736
1572	0.69927	30.5736
1573	0.69927	30.5736
1574	0.69927	30.5736
1575	0.69927	30.5736
1576	0.69927	30.5736
1577	0.69927	30.5736
1578	0.69927	30.5736
1579	0.69927	30.5736
1580	0.69927	30.5736
1581	0.69927	30.5736
1582	0.69927	30.5736
1583	0.69927	30.5736
1584	0.69927	30.5736
1585	0.69927	30.5736
1586	0.69927	30.5736
1587	0.69927	30.5736
1588	0.69927	30.5736
1589	0.69927	30.5736
1590	0.69927	30.5736
1591	0.69927	30.5736
1592	0.69927	30.5736
1593	0.69927	30.5736
1594	0.69927	30.5736
1595	0.69927	30.5736
1596	0.69927	30.5736
1597	0.69927	30.5736
1598	0.69927	30.5736
1599	0.69927	30.5736
1600	0.69927	30.5736
1601	0.69927	30.5736
1602	0.69927	30.5736
1603	0.69927	30.5736
1604	0.69927	30.5736
1605	0.69927	30.5736
1606	0.69927	30.5736
1607	0.69927	30.5736
1608	0.69927	30.5736
1609	0.69927	30.5736
1610	0.69927	30.5736
1611	0.69927	30.5736
1612	0.69927	30.5736
1613	0.69927	30.5736
1614	0.69927	30.5736
1615	0.69927	30.5736
1616	0.69927	30.5736
1617	0.69927	30.5736
1618	0.69927	30.5736
1619	0.69927	30.5736
1620	0.69927	30.5736
1621	0.69927	30.5736
1622	0.69927	30.5736
1623	0.69927	30.5736
1624	0.69927	30.5736
1625	0.69927	30.5736
1626	0.69927	30.5736
1627	0.69927	30.5736
1628	0.69927	30.5736
1629	0.69927	30.5736
1630	0.69927	30.5736
1631	0.69927	30.5736
1632	0.69927	30.5736
1633	0.69927	30.5736
1634	0.69927	30.5736
1635	0.69927	30.5736
1636	0.69927	30.5736
1637	0.69927	30.5736
1638	0.69927	30.5736
1639	0.69927	30.5736
1640	0.69927	30.5736
1641	0.69927	30.5736
1642	0.69927	30.5736
1643	0.69927	30.5736
1644	0.69927	30.5736
1645	0.69927	30.5736
1646	0.69927	30.5736
1647	0.69927	30.5736
1648	0.69927	30.5736
1649	0.69927	30.5736
1650	0.69927	30.5736
1651	0.69927	30.5736
1652	0.69927	30.5736
1653	0.69927	30.5736
1654	0.69927	30.5736
1655	0.69927	30.5736
1656	0.69927	30.5736
1657	0.69927	30.5736
1658	0.69927	30.5736
1659	0.69927	30.5736
1660	0.69927	30.5736
1661	0.69927	30.5736
1662	0.69927	30.5736
1663	0.69927	30.5736
1664	0.69927	30.5736
1665	0.69927	30.5736
1666	0.69927	30.5736
1667	0.69927	30.5736
1668	0.69927	30.5736
1669	0.69927	30.5736
1670	0.69927	30.5736
1671	0.69927	30.5736
1672	0.69927	30.5736
1673	0.69927	30.5736
1674	0.69927	30.5736
1675	0.69927	30.5736
1676	0.69927	30.5736
1677	0.69927	30.5736
1678	0.69927	30.5736
1679	0.69927	30.5736
1680	0.69927	30.5736
1681	0.69927	30.5736
1682	0.69927	30.5736
1683	0.69927	30.5736
1684	0.69927	30.5736
1685	0.69927	30.5736
1686	0.69927	30.5736
1687	0.69927	30.5736
1688	0.69927	30.5736
1689	0.69927	30.5736
1690	0.69927	30.5736
1691	0.69927	30.5736
1692	0.69927	30.5736
1693	0.69927	30.5736
1694	0.69927	30.5736
1695	0.69927	30.5736
1696	0.69927	30.5736
1697	0.69927	30.5736
1698	0.69927	30.5736
1699	0.69927	30.5736
1700	0.69927	30.5736
1701	0.69927	30.5736
1702	0.69927	30.5736
1703	0.69927	30.5736
1704	0.69927	30.5736
1705	0.69927	30.5736
1706	0.69927	30.5736
1707	0.69927	30.5736
1708	0.69927	30.5736
1709	0.69927	30.5736
1710	0.69927	30.5736
1711	0.69927	30.5736
1712	0.69927	30.5736
1713	0.69927	30.5736
1714	0.69927	30.5736
1715	0.69927	30.5736
1716	0.69927	30.5736
1717	0.69927	30.5736
1718	0.69927	30.5736
1719	0.69927	30.5736
1720	0.69927	30.5736
1721	0.69927	30.5736
1722	0.69927	30.5736
1723	0.69927	30.5736
1724	0.69927	30.5736
1725	0.69927	30.5736
1726	0.69927	30.5736
1727	0.69927	30.5736
1728	0.69927	30.5736
1729	0.69927	30.5736
1730	0.69927	30.5736
1731	0.69927	30.5736
1732	0.69927	30.5736
1733	0.69927	30.5736
1734	0.69927	30.5736
1735	0.69927	30.5736
1736	0.69927	30.5736
1737	0.69927	30.5736
1738	0.69927	30.5736
1739	0.69927	30.5736
1740	0.69927	30.5736
1741	0.69927	30.5736
1742	0.69927	30.5736
1743	0.69927	30.5736
1744	0.69927	30.5736
1745	0.69927	30.5736
1746	0.69927	30.5736
1747	0.69927	30.5736
1748	0.69927	30.5736
1749	0.69927	30.5736
1750	0.69927	30.5736
1751	0.69927	30.5736
1752	0.69927	30.5736
1753	0.69927	30.5736
1754	0.69927	30.5736
1755	0.69927	30.5736
1756	0.69927	30.5736
1757	0.69927	30.5736
1758	0.69927	30.5736
1759	0.69927	30.5736
1760	0.69927	30.5736
1761	0.69927	30.5736
1762	0.69927	30.5736
1763	0.69927	30.5736
1764	0.69927	30.5736
1765	0.69927	30.5736
1766	0.69927	30.5736
1767	0.69927	30.5736
1768	0.69927	30.5736
1769	0.69927	30.5736
1770	0.69927	30.5736
1771	0.69927	30.5736
1772	0.69927	30.5736
1773	0.69927	30.5736
1774	0.69927	30.5736
1775	0.69927	30.5736
1776	0.69927	30.5736
1777	0.69927	30.5736
1778	0.69927	30.5736
1779	0.69927	30.5736
1780	0.69927	30.5736
1781	0.69927	30.5736
1782	0.69927	30.5736
1783	0.69927	30.5736
1784	0.69927	30.5736
1785	0.69927	30.5736
1786	0.69927	30.5736
1787	0.69927	30.5736
1788	0.69927	30.5736
1789	0.69927	30.5736
1790	0.69927	30.5736
1791	0.69927	30.5736
1792	0.69927	30.5736
1793	0.69927	30.5736
1794	0.69927	30.5736
1795	0.69927	30.5736
1796	0.69927	30.5736
1797	0.69927	30.5736
1798	0.69927	30.5736
1799	0.69927	30.5736
1800	0.69927	30.5736
1801	0.69927	30.5736
1802	0.69927	30.5736
1803	0.69927	30.5736
1804	0.69927	30.5736
1805	0.69927	30.5736
1806	0.69927	30.5736
1807	0.69927	30.5736
1808	0.69927	30.5736
1809	0.69927	30.5736
1810	0.69927	30.5736
1811	0.69927	30.5736
1812	0.69927	30.5736
1813	0.69927	30.5736
1814	0.69927	30.5736
1815	0.69927	30.5736
1816	0.69927	30.5736
1817	0.69927	30.5736
1818	0.69927	30.5736
1819	0.69927	30.5736
1820	0.69927	30.5736
1821	0.69927	30.5736
1822	0.69927	30.5736
1823	0.69927	30.5736
1824	0.69927	30.5736
1825	0.69927	30.5736
1826	0.69927	30.5736
1827	0.69927	30.5736
1828	0.69927	30.5736
1829	0.69927	30.5736
1830	0.69927	30.5736
1831	0.69927	30.5736
1832	0.69927	30.5736
1833	0.69927	30.5736
1834	0.69927	30.5736
1835	0.69927	30.5736
1836	0.69927	30.5736
1837	0.69927	30.5736
1838	0.69927	30.5736
1839	0.69927	30.5736
1840	0.69927	30.5736
1841	0.69927	30.5736
1842	0.69927	30.5736
1843	0.69927	30.5736
1844	0.69927	30.5736
1845	0.69927	30.5736
1846	0.69927	30.5736
1847	0.69927	30.5736
1848	0.69927	30.5736
1849	0.69927	30.5736
1850	0.69927	30.5736
1851	0.69927	30.5736
1852	0.69927	30.5736
1853	0.69927	30.5736
1854	0.69927	30.5736
1855	0.69927	30.5736
1856	0.69927	30.5736
1857	0.69927	30.5736
1858	0.69927	30.5736
1859	0.69927	30.5736
1860	0.69927	30.5736
1861	0.69927	30.5736
1862	0.69927	30.5736
1863	0.69927	30.5736
1864	0.69927	30.5736
1865	0.69927	30.5736
1866	0.69927	30.5736
1867	0.69927	30.5736
1868	0.69927	30.5736
1869	0.69927	30.5736
1870	0.69927	30.5736
1871	0.69927	30.5736
1872	0.69927	30.5736
1873	0.69927	30.5736
1874	0.69927	30.5736
1875	0.69927	30.5736
1876	0.69927	30.5736
1877	0.69927	30.5736
1878	0.69927	30.5736
1879	0.69927	30.5736
1880	0.69927	30.5736
1881	0.69927	30.5736
1882	0.69927	30.5736
1883	0.69927	30.5736
1884	0.69927	30.5736
1885	0.69927	30.5736
1886	0.69927	30.5736
1887	0.69927	30.5736
1888	0.69927	30.5736
1889	0.69927	30.5736
1890	0.69927	30.5736
1891	0.69927	30.5736
1892	0.69927	30.5736
1893	0.69927	30.5736
1894	0.69927	30.5736
1895	0.69927	30.5736
1896	0.69927	30.5736
1897	0.69927	30.5736
1898	0.69927	30.5736
1899	0.69927	30.5736
1900	0.69927	30.5736
1901	0.69927	30.5736
1902	0.69927	30.5736
1903	0.69927	30.5736
1904	0.69927	30.5736
1905	0.69927	30.5736
1906	0.69927	30.5736
1907	0.69927	30.5736
1908	0.69927	30.5736
1909	0.69927	30.5736
1910	0.69927	30.5736
1911	0.69927	30.5736
1912	0.69927	30.5736
1913	0.69927	30.5736
1914	0.69927	30.5736
1915	0.69927	30.5736
1916	0.69927	30.5736
1917	0.69927	30.5736
1918	0.69927	30.5736
1919	0.69927	30.5736
1920	0.69927	30.5736
1921	0.69927	30.5736
1922	0.69927	30.5736
1923	0.69927	30.5736
1924	0.69927	30.5736
1925	0.69927	30.5736
1926	0.69927	30.5736
1927	0.69927	30.5736
1928	0.69927	30.5736
1929	0.69927	30.5736
1930	0.69927	30.5736
1931	0.69927	30.5736
1932	0.69927	30.5736
1933	0.69927	30.5736
1934	0.69927	30.5736
1935	0.69927	30.5736
1936	0.69927	30.5736
1937	0.69927	30.5736
1938	0.69927	30.5736
1939	0.69927	30.5736
1940	0.69927	30.5736
1941	0.69927	30.5736
1942	0.69927	30.5736
1943	0.69927	30.5736
1944	0.69927	30.5736
1945	0.69927	30.5736
1946	0.69927	30.5736
1947	0.69927	30.5736
1948	0.69927	30.5736
1949	0.69927	30.5736
1950	0.69927	30.5736
1951	0.69927	30.5736
1952	0.69927	30.5736
1953	0.69927	30.5736
1954	0.69927	30.5736
1955	0.69927	30.5736
1956	0.69927	30.5736
1957	0.69927	30.5736
1958	0.69927	30.5736
1959	0.69927	30.5736
1960	0.69927	30.5736
1961	0.69927	30.5736
1962	0.69927	30.5736
1963	0.69927	30.5736
1964	0.69927	30.5736
1965	0.69927	30.5736
1966	0.69927	30.5736
1967	0.69927	30.5736
1968	0.69927	30.5736
1969	0.69927	30.5736
1970	0.69927	30.5736
1971	0.69927	30.5736
1972	0.69927	30.5736
1973	0.69927	30.5736
1974	0.69927	30.5736
1975	0.69927	30.5736
1976	0.69927	30.5736
1977	0.69927	30.5736
1978	0.69927	30.5736
1979	0.69927	30.5736
1980	0.69927	30.5736
1981	0.69927	30.5736
1982	0.69927	30.5736
1983	0.69927	30.5736
1984	0.69927	30.5736
1985	0.69927	30.5736
1986	0.69927	30.5736
1987	0.69927	30.5736
1988	0.69927	30.5736
1989	0.69927	30.5736
1990	0.69927	30.5736
1991	0.69927	30.5736
1992	0.69927	30.5736
1993	0.69927	30.5736
1994	0.69927	30.5736
1995	0.69927	30.5736
1996	0.69927	30.5736
1997	0.69927	30.5736
1998	0.69927	30.5736
1999	0.69927	30.5736
