MINIMIZING EASOM FUNCTION (1000 gens, gray)
EASOM FUNCTION
1000
gray
Gen #	minima
1	-5.66378962714458e-253
2	-2.9026917283264675e-76
3	-2.9026917283264675e-76
4	-3.4938292099186963e-12
5	-4.517924918780791e-12
6	-4.517924918780791e-12
7	-4.517924918780791e-12
8	-4.766245962094859e-12
9	-2.8342953492123776e-08
10	-2.497738189983084e-07
11	-5.333983608733454e-07
12	-1.2578013546171862e-06
13	-1.2578013546171862e-06
14	-1.2578013546171862e-06
15	-1.763771372695258e-05
16	-1.763771372695258e-05
17	-2.2329990390672413e-05
18	-2.2329990390672413e-05
19	-2.3491340736570563e-05
20	-2.3491340736570563e-05
21	-5.649976713388322e-05
22	-5.649976713388322e-05
23	-5.649976713388322e-05
24	-5.6860349105084624e-05
25	-6.230514770524373e-05
26	-6.757666560496208e-05
27	-6.757666560496208e-05
28	-6.757666560496208e-05
29	-6.940314823262042e-05
30	-7.105530937707717e-05
31	-7.105530937707717e-05
32	-7.105530937707717e-05
33	-7.105530937707717e-05
34	-7.234736682863259e-05
35	-7.234736682863259e-05
36	-7.234736682863259e-05
37	-7.39446647899186e-05
38	-7.39446647899186e-05
39	-7.39446647899186e-05
40	-7.39446647899186e-05
41	-7.39446647899186e-05
42	-7.39446647899186e-05
43	-7.39446647899186e-05
44	-7.39446647899186e-05
45	-7.39446647899186e-05
46	-7.39446647899186e-05
47	-7.451142348016645e-05
48	-7.593943568340547e-05
49	-7.593943568340547e-05
50	-7.593943568340547e-05
51	-8.070524153502242e-05
52	-8.070524153502242e-05
53	-8.070524153502242e-05
54	-8.070524153502242e-05
55	-8.070524153502242e-05
56	-8.070524153502242e-05
57	-8.070885363955938e-05
58	-8.070885363955938e-05
59	-8.070885363955938e-05
60	-8.070885363955938e-05
61	-8.070885363955938e-05
62	-8.070885363955938e-05
63	-8.070885363955938e-05
64	-8.109683389954899e-05
65	-8.109683389954899e-05
66	-8.109683389954899e-05
67	-8.109857847780194e-05
68	-8.109857847780194e-05
69	-8.109857847780194e-05
70	-8.109857847780194e-05
71	-8.109857847780194e-05
72	-8.109961792100301e-05
73	-8.109961792100301e-05
74	-8.109961792100301e-05
75	-8.109961792100301e-05
76	-8.109961792100301e-05
77	-8.109961792100301e-05
78	-8.109961792100301e-05
79	-8.109961792100301e-05
80	-8.109961792100301e-05
81	-8.109961792100301e-05
82	-8.109961792100301e-05
83	-8.109961792100301e-05
84	-8.109961792100301e-05
85	-8.110003197277665e-05
86	-8.110003197277665e-05
87	-8.110003197277665e-05
88	-8.110003197277665e-05
89	-8.110003197277665e-05
90	-8.110003197277665e-05
91	-8.110003197277665e-05
92	-8.110003197277665e-05
93	-8.110003197277665e-05
94	-8.110003197277665e-05
95	-8.110177661982755e-05
96	-8.110177661982755e-05
97	-8.110177661982755e-05
98	-8.110177661982755e-05
99	-8.110177661982755e-05
100	-8.110177661982755e-05
101	-8.110177661982755e-05
102	-8.110177661982755e-05
103	-8.110177661982755e-05
104	-8.110177661982755e-05
105	-8.110177661982755e-05
106	-8.110177661982755e-05
107	-8.110177661982755e-05
108	-8.110177661982755e-05
109	-8.110177661982755e-05
110	-8.110177661982755e-05
111	-8.110177661982755e-05
112	-8.110177661982755e-05
113	-8.110177661982755e-05
114	-8.110177661982755e-05
115	-8.110177661982755e-05
116	-8.110177661982755e-05
117	-8.110219068262243e-05
118	-8.110219068262243e-05
119	-8.110219068262243e-05
120	-8.110219068262243e-05
121	-8.110219068262243e-05
122	-8.110219068262243e-05
123	-8.110219068262243e-05
124	-8.110219068262243e-05
125	-8.110219068262243e-05
126	-8.110219068262243e-05
127	-8.110219068262243e-05
128	-8.110219068262243e-05
129	-8.110219068262243e-05
130	-8.110219068262243e-05
131	-8.110219068262243e-05
132	-8.110219068262243e-05
133	-8.110219068262243e-05
134	-8.110219068262243e-05
135	-8.110219068262243e-05
136	-8.110219068262243e-05
137	-8.110219068262243e-05
138	-8.110219068262243e-05
139	-8.110219068262243e-05
140	-8.110219068262243e-05
141	-8.110219068262243e-05
142	-8.110219068262243e-05
143	-8.110219068262243e-05
144	-8.110219068262243e-05
145	-8.110219068262243e-05
146	-8.110219068262243e-05
147	-8.110219068262243e-05
148	-8.110219068262243e-05
149	-8.110219068262243e-05
150	-8.110219068262243e-05
151	-8.110219068262243e-05
152	-8.110219068262243e-05
153	-8.110219068262243e-05
154	-8.110219068262243e-05
155	-8.110219068262243e-05
156	-8.110219068262243e-05
157	-8.110219068262243e-05
158	-8.110219068262243e-05
159	-8.110219068262243e-05
160	-8.110219068262243e-05
161	-8.110219068262243e-05
162	-8.110219068262243e-05
163	-8.110219068262243e-05
164	-8.110219068262243e-05
165	-8.110219068262243e-05
166	-8.110219068262243e-05
167	-8.110219068262243e-05
168	-8.110219068262243e-05
169	-8.110219068262243e-05
170	-8.110219068262243e-05
171	-8.110219068262243e-05
172	-8.110219068262243e-05
173	-8.110219068262243e-05
174	-8.110219068262243e-05
175	-8.110219068262243e-05
176	-8.110219068262243e-05
177	-8.110219068262243e-05
178	-8.110219068262243e-05
179	-8.110219068262243e-05
180	-8.110219068262243e-05
181	-8.110219068262243e-05
182	-8.110219068262243e-05
183	-8.110219068262243e-05
184	-8.110219068262243e-05
185	-8.110219068262243e-05
186	-8.110219068262243e-05
187	-8.110219068262243e-05
188	-8.110219068262243e-05
189	-8.110219068262243e-05
190	-8.110219068262243e-05
191	-8.110219068262243e-05
192	-8.110219068262243e-05
193	-8.110219068262243e-05
194	-8.110219068262243e-05
195	-8.110219068262243e-05
196	-8.110219068262243e-05
197	-8.110219068262243e-05
198	-8.110219068262243e-05
199	-8.110219068262243e-05
200	-8.110219068262243e-05
201	-8.110219068262243e-05
202	-8.110219068262243e-05
203	-8.110219068262243e-05
204	-8.110219068262243e-05
205	-8.110219068262243e-05
206	-8.110219068262243e-05
207	-8.110219068262243e-05
208	-8.110219068262243e-05
209	-8.110219068262243e-05
210	-8.110219068262243e-05
211	-8.110219068262243e-05
212	-8.110219068262243e-05
213	-8.110219068262243e-05
214	-8.110219068262243e-05
215	-8.110219068262243e-05
216	-8.110219068262243e-05
217	-8.110219068262243e-05
218	-8.110219068262243e-05
219	-8.110219068262243e-05
220	-8.110219068262243e-05
221	-8.110219068262243e-05
222	-8.110219068262243e-05
223	-8.110219068262243e-05
224	-8.110219068262243e-05
225	-8.110219068262243e-05
226	-8.110219068262243e-05
227	-8.110219068262243e-05
228	-8.110219068262243e-05
229	-8.110219068262243e-05
230	-8.110219068262243e-05
231	-8.110219068262243e-05
232	-8.110219068262243e-05
233	-8.110219068262243e-05
234	-8.110219068262243e-05
235	-8.110219068262243e-05
236	-8.110219068262243e-05
237	-8.110219068262243e-05
238	-8.110219068262243e-05
239	-8.110219068262243e-05
240	-8.110219068262243e-05
241	-8.110219068262243e-05
242	-8.110219068262243e-05
243	-8.110219068262243e-05
244	-8.110219068262243e-05
245	-8.110219068262243e-05
246	-8.110219068262243e-05
247	-8.110219068262243e-05
248	-8.110219068262243e-05
249	-8.110219068262243e-05
250	-8.110219068262243e-05
251	-8.110219068262243e-05
252	-8.110219068262243e-05
253	-8.110219068262243e-05
254	-8.110219068262243e-05
255	-8.110219068262243e-05
256	-8.110219068262243e-05
257	-8.110219068262243e-05
258	-8.110219068262243e-05
259	-8.110219068262243e-05
260	-8.110219068262243e-05
261	-8.110219068262243e-05
262	-8.110219068262243e-05
263	-8.110219068262243e-05
264	-8.110219068262243e-05
265	-8.110219068262243e-05
266	-8.110219068262243e-05
267	-8.110219068262243e-05
268	-8.110219068262243e-05
269	-8.110219068262243e-05
270	-8.110219068262243e-05
271	-8.110219068262243e-05
272	-8.110219068262243e-05
273	-8.110219068262243e-05
274	-8.110219068262243e-05
275	-8.110219068262243e-05
276	-8.110219068262243e-05
277	-8.110219068262243e-05
278	-8.110219068262243e-05
279	-8.110219068262243e-05
280	-8.110219068262243e-05
281	-8.110219068262243e-05
282	-8.110219068262243e-05
283	-8.110219068262243e-05
284	-8.110219068262243e-05
285	-8.110219068262243e-05
286	-8.110219068262243e-05
287	-8.110219068262243e-05
288	-8.110219068262243e-05
289	-8.110219068262243e-05
290	-8.110219068262243e-05
291	-8.110219068262243e-05
292	-8.110219068262243e-05
293	-8.110219068262243e-05
294	-8.110219068262243e-05
295	-8.110219068262243e-05
296	-8.110219068262243e-05
297	-8.110219068262243e-05
298	-8.110219068262243e-05
299	-8.110219068262243e-05
300	-8.110219068262243e-05
301	-8.110219068262243e-05
302	-8.110219068262243e-05
303	-8.110219068262243e-05
304	-8.110219068262243e-05
305	-8.110219068262243e-05
306	-8.110219068262243e-05
307	-8.110219068262243e-05
308	-8.110219068262243e-05
309	-8.110219068262243e-05
310	-8.110219068262243e-05
311	-8.110219068262243e-05
312	-8.110219068262243e-05
313	-8.110219068262243e-05
314	-8.110219068262243e-05
315	-8.110219068262243e-05
316	-8.110219068262243e-05
317	-8.110219068262243e-05
318	-8.110219068262243e-05
319	-8.110219068262243e-05
320	-8.110219068262243e-05
321	-8.110219068262243e-05
322	-8.110219068262243e-05
323	-8.110219068262243e-05
324	-8.110219068262243e-05
325	-8.110219068262243e-05
326	-8.110219068262243e-05
327	-8.110219068262243e-05
328	-8.110219068262243e-05
329	-8.110219068262243e-05
330	-8.110219068262243e-05
331	-8.110219068262243e-05
332	-8.110219068262243e-05
333	-8.110219068262243e-05
334	-8.110219068262243e-05
335	-8.110219068262243e-05
336	-8.110219068262243e-05
337	-8.110219068262243e-05
338	-8.110219068262243e-05
339	-8.110219068262243e-05
340	-8.110219068262243e-05
341	-8.110219068262243e-05
342	-8.110219068262243e-05
343	-8.110219068262243e-05
344	-8.110219068262243e-05
345	-8.110219068262243e-05
346	-8.110219068262243e-05
347	-8.110219068262243e-05
348	-8.110219068262243e-05
349	-8.110219068262243e-05
350	-8.110219068262243e-05
351	-8.110219068262243e-05
352	-8.110219068262243e-05
353	-8.110219068262243e-05
354	-8.110219068262243e-05
355	-8.110219068262243e-05
356	-8.110219068262243e-05
357	-8.110219068262243e-05
358	-8.110219068262243e-05
359	-8.110219068262243e-05
360	-8.110219068262243e-05
361	-8.110219068262243e-05
362	-8.110219068262243e-05
363	-8.110219068262243e-05
364	-8.110219068262243e-05
365	-8.110219068262243e-05
366	-8.110219068262243e-05
367	-8.110219068262243e-05
368	-8.110219068262243e-05
369	-8.110219068262243e-05
370	-8.110219068262243e-05
371	-8.110219068262243e-05
372	-8.110219068262243e-05
373	-8.110219068262243e-05
374	-8.110219068262243e-05
375	-8.110219068262243e-05
376	-8.110219068262243e-05
377	-8.110219068262243e-05
378	-8.110219068262243e-05
379	-8.110219068262243e-05
380	-8.110219068262243e-05
381	-8.110219068262243e-05
382	-8.110219068262243e-05
383	-8.110219068262243e-05
384	-8.110219068262243e-05
385	-8.110219068262243e-05
386	-8.110219068262243e-05
387	-8.110219068262243e-05
388	-8.110219068262243e-05
389	-8.110219068262243e-05
390	-8.110219068262243e-05
391	-8.110219068262243e-05
392	-8.110219068262243e-05
393	-8.110219068262243e-05
394	-8.110219068262243e-05
395	-8.110219068262243e-05
396	-8.110219068262243e-05
397	-8.110219068262243e-05
398	-8.110219068262243e-05
399	-8.110219068262243e-05
400	-8.110219068262243e-05
401	-8.110219068262243e-05
402	-8.110219068262243e-05
403	-8.110219068262243e-05
404	-8.110219068262243e-05
405	-8.110219068262243e-05
406	-8.110219068262243e-05
407	-8.110219068262243e-05
408	-8.110219068262243e-05
409	-8.110219068262243e-05
410	-8.110219068262243e-05
411	-8.110219068262243e-05
412	-8.110219068262243e-05
413	-8.110219068262243e-05
414	-8.110219068262243e-05
415	-8.110219068262243e-05
416	-8.110219068262243e-05
417	-8.110219068262243e-05
418	-8.110219068262243e-05
419	-8.110219068262243e-05
420	-8.110219068262243e-05
421	-8.110219068262243e-05
422	-8.110219068262243e-05
423	-8.110219068262243e-05
424	-8.110219068262243e-05
425	-8.110219068262243e-05
426	-8.110219068262243e-05
427	-8.110219068262243e-05
428	-8.110219068262243e-05
429	-8.110219068262243e-05
430	-8.110219068262243e-05
431	-8.110219068262243e-05
432	-8.110219068262243e-05
433	-8.110219068262243e-05
434	-8.110219068262243e-05
435	-8.110219068262243e-05
436	-8.110219068262243e-05
437	-8.110219068262243e-05
438	-8.110219068262243e-05
439	-8.110219068262243e-05
440	-8.110219068262243e-05
441	-8.110219068262243e-05
442	-8.110219068262243e-05
443	-8.110219068262243e-05
444	-8.110219068262243e-05
445	-8.110219068262243e-05
446	-8.110219068262243e-05
447	-8.110219068262243e-05
448	-8.110219068262243e-05
449	-8.110219068262243e-05
450	-8.110219068262243e-05
451	-8.110219068262243e-05
452	-8.110219068262243e-05
453	-8.110219068262243e-05
454	-8.110219068262243e-05
455	-8.110219068262243e-05
456	-8.110219068262243e-05
457	-8.110219068262243e-05
458	-8.110219068262243e-05
459	-8.110219068262243e-05
460	-8.110219068262243e-05
461	-8.110219068262243e-05
462	-8.110219068262243e-05
463	-8.110219068262243e-05
464	-8.110219068262243e-05
465	-8.110219068262243e-05
466	-8.110219068262243e-05
467	-8.110219068262243e-05
468	-8.110219068262243e-05
469	-8.110219068262243e-05
470	-8.110219068262243e-05
471	-8.110219068262243e-05
472	-8.110219068262243e-05
473	-8.110219068262243e-05
474	-8.110219068262243e-05
475	-8.110219068262243e-05
476	-8.110219068262243e-05
477	-8.110219068262243e-05
478	-8.110219068262243e-05
479	-8.110219068262243e-05
480	-8.110219068262243e-05
481	-8.110219068262243e-05
482	-8.110219068262243e-05
483	-8.110219068262243e-05
484	-8.110219068262243e-05
485	-8.110219068262243e-05
486	-8.110219068262243e-05
487	-8.110219068262243e-05
488	-8.110219068262243e-05
489	-8.110219068262243e-05
490	-8.110219068262243e-05
491	-8.110219068262243e-05
492	-8.110219068262243e-05
493	-8.110219068262243e-05
494	-8.110219068262243e-05
495	-8.110219068262243e-05
496	-8.110219068262243e-05
497	-8.110219068262243e-05
498	-8.110219068262243e-05
499	-8.110219068262243e-05
500	-8.110219068262243e-05
501	-8.110219068262243e-05
502	-8.110219068262243e-05
503	-8.110219068262243e-05
504	-8.110219068262243e-05
505	-8.110219068262243e-05
506	-8.110219068262243e-05
507	-8.110219068262243e-05
508	-8.110219068262243e-05
509	-8.110219068262243e-05
510	-8.110219068262243e-05
511	-8.110219068262243e-05
512	-8.110219068262243e-05
513	-8.110219068262243e-05
514	-8.110219068262243e-05
515	-8.110219068262243e-05
516	-8.110219068262243e-05
517	-8.110219068262243e-05
518	-8.110219068262243e-05
519	-8.110219068262243e-05
520	-8.110219068262243e-05
521	-8.110219068262243e-05
522	-8.110219068262243e-05
523	-8.110219068262243e-05
524	-8.110219068262243e-05
525	-8.110219068262243e-05
526	-8.110219068262243e-05
527	-8.110219068262243e-05
528	-8.110219068262243e-05
529	-8.110219068262243e-05
530	-8.110219068262243e-05
531	-8.110219068262243e-05
532	-8.110219068262243e-05
533	-8.110219068262243e-05
534	-8.110219068262243e-05
535	-8.110219068262243e-05
536	-8.110219068262243e-05
537	-8.110219068262243e-05
538	-8.110219068262243e-05
539	-8.110219068262243e-05
540	-8.110219068262243e-05
541	-8.110219068262243e-05
542	-8.110219068262243e-05
543	-8.110219068262243e-05
544	-8.110219068262243e-05
545	-8.110219068262243e-05
546	-8.110219068262243e-05
547	-8.110219068262243e-05
548	-8.110219068262243e-05
549	-8.110219068262243e-05
550	-8.110219068262243e-05
551	-8.110219068262243e-05
552	-8.110219068262243e-05
553	-8.110219068262243e-05
554	-8.110219068262243e-05
555	-8.110219068262243e-05
556	-8.110219068262243e-05
557	-8.110219068262243e-05
558	-8.110219068262243e-05
559	-8.110219068262243e-05
560	-8.110219068262243e-05
561	-8.110219068262243e-05
562	-8.110219068262243e-05
563	-8.110219068262243e-05
564	-8.110219068262243e-05
565	-8.110219068262243e-05
566	-8.110219068262243e-05
567	-8.110219068262243e-05
568	-8.110219068262243e-05
569	-8.110219068262243e-05
570	-8.110219068262243e-05
571	-8.110219068262243e-05
572	-8.110219068262243e-05
573	-8.110219068262243e-05
574	-8.110219068262243e-05
575	-8.110219068262243e-05
576	-8.110219068262243e-05
577	-8.110219068262243e-05
578	-8.110219068262243e-05
579	-8.110219068262243e-05
580	-8.110219068262243e-05
581	-8.110219068262243e-05
582	-8.110219068262243e-05
583	-8.110219068262243e-05
584	-8.110219068262243e-05
585	-8.110219068262243e-05
586	-8.110219068262243e-05
587	-8.110219068262243e-05
588	-8.110219068262243e-05
589	-8.110219068262243e-05
590	-8.110219068262243e-05
591	-8.110219068262243e-05
592	-8.110219068262243e-05
593	-8.110219068262243e-05
594	-8.110219068262243e-05
595	-8.110219068262243e-05
596	-8.110219068262243e-05
597	-8.110219068262243e-05
598	-8.110219068262243e-05
599	-8.110219068262243e-05
600	-8.110219068262243e-05
601	-8.110219068262243e-05
602	-8.110219068262243e-05
603	-8.110219068262243e-05
604	-8.110219068262243e-05
605	-8.110219068262243e-05
606	-8.110219068262243e-05
607	-8.110219068262243e-05
608	-8.110219068262243e-05
609	-8.110219068262243e-05
610	-8.110219068262243e-05
611	-8.110219068262243e-05
612	-8.110219068262243e-05
613	-8.110219068262243e-05
614	-8.110219068262243e-05
615	-8.110219068262243e-05
616	-8.110219068262243e-05
617	-8.110219068262243e-05
618	-8.110219068262243e-05
619	-8.110219068262243e-05
620	-8.110219068262243e-05
621	-8.110219068262243e-05
622	-8.110219068262243e-05
623	-8.110219068262243e-05
624	-8.110219068262243e-05
625	-8.110219068262243e-05
626	-8.110219068262243e-05
627	-8.110219068262243e-05
628	-8.110219068262243e-05
629	-8.110219068262243e-05
630	-8.110219068262243e-05
631	-8.110219068262243e-05
632	-8.110219068262243e-05
633	-8.110219068262243e-05
634	-8.110219068262243e-05
635	-8.110219068262243e-05
636	-8.110219068262243e-05
637	-8.110219068262243e-05
638	-8.110219068262243e-05
639	-8.110219068262243e-05
640	-8.110219068262243e-05
641	-8.110219068262243e-05
642	-8.110219068262243e-05
643	-8.110219068262243e-05
644	-8.110219068262243e-05
645	-8.110219068262243e-05
646	-8.110219068262243e-05
647	-8.110219068262243e-05
648	-8.110219068262243e-05
649	-8.110219068262243e-05
650	-8.110219068262243e-05
651	-8.110219068262243e-05
652	-8.110219068262243e-05
653	-8.110219068262243e-05
654	-8.110219068262243e-05
655	-8.110219068262243e-05
656	-8.110219068262243e-05
657	-8.110219068262243e-05
658	-8.110219068262243e-05
659	-8.110219068262243e-05
660	-8.110219068262243e-05
661	-8.110219068262243e-05
662	-8.110219068262243e-05
663	-8.110219068262243e-05
664	-8.110219068262243e-05
665	-8.110219068262243e-05
666	-8.110219068262243e-05
667	-8.110219068262243e-05
668	-8.110219068262243e-05
669	-8.110219068262243e-05
670	-8.110219068262243e-05
671	-8.110219068262243e-05
672	-8.110219068262243e-05
673	-8.110219068262243e-05
674	-8.110219068262243e-05
675	-8.110219068262243e-05
676	-8.110219068262243e-05
677	-8.110219068262243e-05
678	-8.110219068262243e-05
679	-8.110219068262243e-05
680	-8.110219068262243e-05
681	-8.110219068262243e-05
682	-8.110219068262243e-05
683	-8.110219068262243e-05
684	-8.110219068262243e-05
685	-8.110219068262243e-05
686	-8.110219068262243e-05
687	-8.110219068262243e-05
688	-8.110219068262243e-05
689	-8.110219068262243e-05
690	-8.110219068262243e-05
691	-8.110219068262243e-05
692	-8.110219068262243e-05
693	-8.110219068262243e-05
694	-8.110219068262243e-05
695	-8.110219068262243e-05
696	-8.110219068262243e-05
697	-8.110219068262243e-05
698	-8.110219068262243e-05
699	-8.110219068262243e-05
700	-8.110219068262243e-05
701	-8.110219068262243e-05
702	-8.110219068262243e-05
703	-8.110219068262243e-05
704	-8.110219068262243e-05
705	-8.110219068262243e-05
706	-8.110219068262243e-05
707	-8.110219068262243e-05
708	-8.110219068262243e-05
709	-8.110219068262243e-05
710	-8.110219068262243e-05
711	-8.110219068262243e-05
712	-8.110219068262243e-05
713	-8.110219068262243e-05
714	-8.110219068262243e-05
715	-8.110219068262243e-05
716	-8.110219068262243e-05
717	-8.110219068262243e-05
718	-8.110219068262243e-05
719	-8.110219068262243e-05
720	-8.110219068262243e-05
721	-8.110219068262243e-05
722	-8.110219068262243e-05
723	-8.110219068262243e-05
724	-8.110219068262243e-05
725	-8.110219068262243e-05
726	-8.110219068262243e-05
727	-8.110219068262243e-05
728	-8.110219068262243e-05
729	-8.110219068262243e-05
730	-8.110219068262243e-05
731	-8.110219068262243e-05
732	-8.110219068262243e-05
733	-8.110219068262243e-05
734	-8.110219068262243e-05
735	-8.110219068262243e-05
736	-8.110219068262243e-05
737	-8.110219068262243e-05
738	-8.110219068262243e-05
739	-8.110219068262243e-05
740	-8.110219068262243e-05
741	-8.110219068262243e-05
742	-8.110219068262243e-05
743	-8.110219068262243e-05
744	-8.110219068262243e-05
745	-8.110219068262243e-05
746	-8.110219068262243e-05
747	-8.110219068262243e-05
748	-8.110219068262243e-05
749	-8.110219068262243e-05
750	-8.110219068262243e-05
751	-8.110219068262243e-05
752	-8.110219068262243e-05
753	-8.110219068262243e-05
754	-8.110219068262243e-05
755	-8.110219068262243e-05
756	-8.110219068262243e-05
757	-8.110219068262243e-05
758	-8.110219068262243e-05
759	-8.110219068262243e-05
760	-8.110219068262243e-05
761	-8.110219068262243e-05
762	-8.110219068262243e-05
763	-8.110219068262243e-05
764	-8.110219068262243e-05
765	-8.110219068262243e-05
766	-8.110219068262243e-05
767	-8.110219068262243e-05
768	-8.110219068262243e-05
769	-8.110219068262243e-05
770	-8.110219068262243e-05
771	-8.110219068262243e-05
772	-8.110219068262243e-05
773	-8.110219068262243e-05
774	-8.110219068262243e-05
775	-8.110219068262243e-05
776	-8.110219068262243e-05
777	-8.110219068262243e-05
778	-8.110219068262243e-05
779	-8.110219068262243e-05
780	-8.110219068262243e-05
781	-8.110219068262243e-05
782	-8.110219068262243e-05
783	-8.110219068262243e-05
784	-8.110219068262243e-05
785	-8.110219068262243e-05
786	-8.110219068262243e-05
787	-8.110219068262243e-05
788	-8.110219068262243e-05
789	-8.110219068262243e-05
790	-8.110219068262243e-05
791	-8.110219068262243e-05
792	-8.110219068262243e-05
793	-8.110219068262243e-05
794	-8.110219068262243e-05
795	-8.110219068262243e-05
796	-8.110219068262243e-05
797	-8.110219068262243e-05
798	-8.110219068262243e-05
799	-8.110219068262243e-05
800	-8.110219068262243e-05
801	-8.110219068262243e-05
802	-8.110219068262243e-05
803	-8.110219068262243e-05
804	-8.110219068262243e-05
805	-8.110219068262243e-05
806	-8.110219068262243e-05
807	-8.110219068262243e-05
808	-8.110219068262243e-05
809	-8.110219068262243e-05
810	-8.110219068262243e-05
811	-8.110219068262243e-05
812	-8.110219068262243e-05
813	-8.110219068262243e-05
814	-8.110219068262243e-05
815	-8.110219068262243e-05
816	-8.110219068262243e-05
817	-8.110219068262243e-05
818	-8.110219068262243e-05
819	-8.110219068262243e-05
820	-8.110219068262243e-05
821	-8.110219068262243e-05
822	-8.110219068262243e-05
823	-8.110219068262243e-05
824	-8.110219068262243e-05
825	-8.110219068262243e-05
826	-8.110219068262243e-05
827	-8.110219068262243e-05
828	-8.110219068262243e-05
829	-8.110219068262243e-05
830	-8.110219068262243e-05
831	-8.110219068262243e-05
832	-8.110219068262243e-05
833	-8.110219068262243e-05
834	-8.110219068262243e-05
835	-8.110219068262243e-05
836	-8.110219068262243e-05
837	-8.110219068262243e-05
838	-8.110219068262243e-05
839	-8.110219068262243e-05
840	-8.110219068262243e-05
841	-8.110219068262243e-05
842	-8.110219068262243e-05
843	-8.110219068262243e-05
844	-8.110219068262243e-05
845	-8.110219068262243e-05
846	-8.110219068262243e-05
847	-8.110219068262243e-05
848	-8.110219068262243e-05
849	-8.110219068262243e-05
850	-8.110219068262243e-05
851	-8.110219068262243e-05
852	-8.110219068262243e-05
853	-8.110219068262243e-05
854	-8.110219068262243e-05
855	-8.110219068262243e-05
856	-8.110219068262243e-05
857	-8.110219068262243e-05
858	-8.110219068262243e-05
859	-8.110219068262243e-05
860	-8.110219068262243e-05
861	-8.110219068262243e-05
862	-8.110219068262243e-05
863	-8.110219068262243e-05
864	-8.110219068262243e-05
865	-8.110219068262243e-05
866	-8.110219068262243e-05
867	-8.110219068262243e-05
868	-8.110219068262243e-05
869	-8.110219068262243e-05
870	-8.110219068262243e-05
871	-8.110219068262243e-05
872	-8.110219068262243e-05
873	-8.110219068262243e-05
874	-8.110219068262243e-05
875	-8.110219068262243e-05
876	-8.110219068262243e-05
877	-8.110219068262243e-05
878	-8.110219068262243e-05
879	-8.110219068262243e-05
880	-8.110219068262243e-05
881	-8.110219068262243e-05
882	-8.110219068262243e-05
883	-8.110219068262243e-05
884	-8.110219068262243e-05
885	-8.110219068262243e-05
886	-8.110219068262243e-05
887	-8.110219068262243e-05
888	-8.110219068262243e-05
889	-8.110219068262243e-05
890	-8.110219068262243e-05
891	-8.110219068262243e-05
892	-8.110219068262243e-05
893	-8.110219068262243e-05
894	-8.110219068262243e-05
895	-8.110219068262243e-05
896	-8.110219068262243e-05
897	-8.110219068262243e-05
898	-8.110219068262243e-05
899	-8.110219068262243e-05
900	-8.110219068262243e-05
901	-8.110219068262243e-05
902	-8.110219068262243e-05
903	-8.110219068262243e-05
904	-8.110219068262243e-05
905	-8.110219068262243e-05
906	-8.110219068262243e-05
907	-8.110219068262243e-05
908	-8.110219068262243e-05
909	-8.110219068262243e-05
910	-8.110219068262243e-05
911	-8.110219068262243e-05
912	-8.110219068262243e-05
913	-8.110219068262243e-05
914	-8.110219068262243e-05
915	-8.110219068262243e-05
916	-8.110219068262243e-05
917	-8.110219068262243e-05
918	-8.110219068262243e-05
919	-8.110219068262243e-05
920	-8.110219068262243e-05
921	-8.110219068262243e-05
922	-8.110219068262243e-05
923	-8.110219068262243e-05
924	-8.110219068262243e-05
925	-8.110219068262243e-05
926	-8.110219068262243e-05
927	-8.110219068262243e-05
928	-8.110219068262243e-05
929	-8.110219068262243e-05
930	-8.110219068262243e-05
931	-8.110219068262243e-05
932	-8.110219068262243e-05
933	-8.110219068262243e-05
934	-8.110219068262243e-05
935	-8.110219068262243e-05
936	-8.110219068262243e-05
937	-8.110219068262243e-05
938	-8.110219068262243e-05
939	-8.110219068262243e-05
940	-8.110219068262243e-05
941	-8.110219068262243e-05
942	-8.110219068262243e-05
943	-8.110219068262243e-05
944	-8.110219068262243e-05
945	-8.110219068262243e-05
946	-8.110219068262243e-05
947	-8.110219068262243e-05
948	-8.110219068262243e-05
949	-8.110219068262243e-05
950	-8.110219068262243e-05
951	-8.110219068262243e-05
952	-8.110219068262243e-05
953	-8.110219068262243e-05
954	-8.110219068262243e-05
955	-8.110219068262243e-05
956	-8.110219068262243e-05
957	-8.110219068262243e-05
958	-8.110219068262243e-05
959	-8.110219068262243e-05
960	-8.110219068262243e-05
961	-8.110219068262243e-05
962	-8.110219068262243e-05
963	-8.110219068262243e-05
964	-8.110219068262243e-05
965	-8.110219068262243e-05
966	-8.110219068262243e-05
967	-8.110219068262243e-05
968	-8.110219068262243e-05
969	-8.110219068262243e-05
970	-8.110219068262243e-05
971	-8.110219068262243e-05
972	-8.110219068262243e-05
973	-8.110219068262243e-05
974	-8.110219068262243e-05
975	-8.110219068262243e-05
976	-8.110219068262243e-05
977	-8.110219068262243e-05
978	-8.110219068262243e-05
979	-8.110219068262243e-05
980	-8.110219068262243e-05
981	-8.110219068262243e-05
982	-8.110219068262243e-05
983	-8.110219068262243e-05
984	-8.110219068262243e-05
985	-8.110219068262243e-05
986	-8.110219068262243e-05
987	-8.110219068262243e-05
988	-8.110219068262243e-05
989	-8.110219068262243e-05
990	-8.110219068262243e-05
991	-8.110219068262243e-05
992	-8.110219068262243e-05
993	-8.110219068262243e-05
994	-8.110219068262243e-05
995	-8.110219068262243e-05
996	-8.110219068262243e-05
997	-8.110219068262243e-05
998	-8.110219068262243e-05
999	-8.110219068262243e-05
1000	-8.110219068262243e-05
minimum found: [4.978, 4.978], -8.110219068262243e-05

