MINIMIZING EASOM FUNCTION (1000 gens, gray)
EASOM FUNCTION
1000
gray
Gen #	minima
1	0.0
2	0.0
3	-4.1482420271358325e-202
4	-1.2541085208820099e-74
5	-1.2541085208820099e-74
6	-1.5215573635699695e-36
7	-1.5215573635699695e-36
8	-2.748546312911118e-27
9	-2.748546312911118e-27
10	-2.748546312911118e-27
11	-2.9030162617335555e-17
12	-5.388487882932851e-17
13	-5.388487882932851e-17
14	-5.388487882932851e-17
15	-5.799146499238251e-17
16	-7.673741849691371e-17
17	-8.351249383131022e-17
18	-8.351249383131022e-17
19	-3.2090972613859575e-12
20	-3.957654051927844e-12
21	-3.957654051927844e-12
22	-4.970186138918107e-12
23	-5.273079583057099e-12
24	-0.40302968981449344
25	-0.40302968981449344
26	-0.40302968981449344
27	-0.40302968981449344
28	-0.40302968981449344
29	-0.40302968981449344
30	-0.40302968981449344
31	-0.40302968981449344
32	-0.40302968981449344
33	-0.40302968981449344
34	-0.40302968981449344
35	-0.40302968981449344
36	-0.40302968981449344
37	-0.40302968981449344
38	-0.40302968981449344
39	-0.40302968981449344
40	-0.40302968981449344
41	-0.40302968981449344
42	-0.40302968981449344
43	-0.40302968981449344
44	-0.40302968981449344
45	-0.40302968981449344
46	-0.40302968981449344
47	-0.40302968981449344
48	-0.40302968981449344
49	-0.40302968981449344
50	-0.40302968981449344
51	-0.40302968981449344
52	-0.40302968981449344
53	-0.40302968981449344
54	-0.40302968981449344
55	-0.40302968981449344
56	-0.40302968981449344
57	-0.40302968981449344
58	-0.40302968981449344
59	-0.40302968981449344
60	-0.40302968981449344
61	-0.40302968981449344
62	-0.40302968981449344
63	-0.40302968981449344
64	-0.40302968981449344
65	-0.40302968981449344
66	-0.40302968981449344
67	-0.40302968981449344
68	-0.40302968981449344
69	-0.40302968981449344
70	-0.40302968981449344
71	-0.40302968981449344
72	-0.40302968981449344
73	-0.40302968981449344
74	-0.40302968981449344
75	-0.40302968981449344
76	-0.40302968981449344
77	-0.40302968981449344
78	-0.40302968981449344
79	-0.40302968981449344
80	-0.40302968981449344
81	-0.40302968981449344
82	-0.40302968981449344
83	-0.40302968981449344
84	-0.40302968981449344
85	-0.40302968981449344
86	-0.40302968981449344
87	-0.40302968981449344
88	-0.40302968981449344
89	-0.40302968981449344
90	-0.40302968981449344
91	-0.40302968981449344
92	-0.40302968981449344
93	-0.40302968981449344
94	-0.40302968981449344
95	-0.40302968981449344
96	-0.40302968981449344
97	-0.40302968981449344
98	-0.40302968981449344
99	-0.40302968981449344
100	-0.40302968981449344
101	-0.40302968981449344
102	-0.40302968981449344
103	-0.40302968981449344
104	-0.40302968981449344
105	-0.40302968981449344
106	-0.40302968981449344
107	-0.40302968981449344
108	-0.40302968981449344
109	-0.40302968981449344
110	-0.40302968981449344
111	-0.40302968981449344
112	-0.40302968981449344
113	-0.40302968981449344
114	-0.40302968981449344
115	-0.40302968981449344
116	-0.40302968981449344
117	-0.40302968981449344
118	-0.40302968981449344
119	-0.40302968981449344
120	-0.40302968981449344
121	-0.40302968981449344
122	-0.40302968981449344
123	-0.40302968981449344
124	-0.40302968981449344
125	-0.40302968981449344
126	-0.40302968981449344
127	-0.40302968981449344
128	-0.40302968981449344
129	-0.40302968981449344
130	-0.40302968981449344
131	-0.40302968981449344
132	-0.40302968981449344
133	-0.40302968981449344
134	-0.40302968981449344
135	-0.40302968981449344
136	-0.40302968981449344
137	-0.40302968981449344
138	-0.40302968981449344
139	-0.40302968981449344
140	-0.40302968981449344
141	-0.40302968981449344
142	-0.40302968981449344
143	-0.40302968981449344
144	-0.40302968981449344
145	-0.40302968981449344
146	-0.40302968981449344
147	-0.40302968981449344
148	-0.40302968981449344
149	-0.40302968981449344
150	-0.40302968981449344
151	-0.40302968981449344
152	-0.40302968981449344
153	-0.40302968981449344
154	-0.40302968981449344
155	-0.40302968981449344
156	-0.40302968981449344
157	-0.40302968981449344
158	-0.40302968981449344
159	-0.40302968981449344
160	-0.40302968981449344
161	-0.40302968981449344
162	-0.40302968981449344
163	-0.40302968981449344
164	-0.40302968981449344
165	-0.40302968981449344
166	-0.40302968981449344
167	-0.40302968981449344
168	-0.40302968981449344
169	-0.40302968981449344
170	-0.40302968981449344
171	-0.40302968981449344
172	-0.40302968981449344
173	-0.40302968981449344
174	-0.40302968981449344
175	-0.40302968981449344
176	-0.40302968981449344
177	-0.40302968981449344
178	-0.40302968981449344
179	-0.40302968981449344
180	-0.40302968981449344
181	-0.40302968981449344
182	-0.40302968981449344
183	-0.40302968981449344
184	-0.40302968981449344
185	-0.40302968981449344
186	-0.40302968981449344
187	-0.40302968981449344
188	-0.40302968981449344
189	-0.40302968981449344
190	-0.40302968981449344
191	-0.40302968981449344
192	-0.40302968981449344
193	-0.40302968981449344
194	-0.40302968981449344
195	-0.40302968981449344
196	-0.40302968981449344
197	-0.40302968981449344
198	-0.40302968981449344
199	-0.40302968981449344
200	-0.40302968981449344
201	-0.40302968981449344
202	-0.40302968981449344
203	-0.40302968981449344
204	-0.40302968981449344
205	-0.40302968981449344
206	-0.40302968981449344
207	-0.40302968981449344
208	-0.40302968981449344
209	-0.40302968981449344
210	-0.40302968981449344
211	-0.40302968981449344
212	-0.40302968981449344
213	-0.40302968981449344
214	-0.40302968981449344
215	-0.40302968981449344
216	-0.40302968981449344
217	-0.40302968981449344
218	-0.40302968981449344
219	-0.40302968981449344
220	-0.40302968981449344
221	-0.40302968981449344
222	-0.40302968981449344
223	-0.40302968981449344
224	-0.40302968981449344
225	-0.40302968981449344
226	-0.40302968981449344
227	-0.40302968981449344
228	-0.40302968981449344
229	-0.40302968981449344
230	-0.40302968981449344
231	-0.40302968981449344
232	-0.40302968981449344
233	-0.40302968981449344
234	-0.40302968981449344
235	-0.40302968981449344
236	-0.40302968981449344
237	-0.40302968981449344
238	-0.40302968981449344
239	-0.40302968981449344
240	-0.40302968981449344
241	-0.40302968981449344
242	-0.40302968981449344
243	-0.40302968981449344
244	-0.40302968981449344
245	-0.40302968981449344
246	-0.40302968981449344
247	-0.40302968981449344
248	-0.40302968981449344
249	-0.40302968981449344
250	-0.40302968981449344
251	-0.40302968981449344
252	-0.40302968981449344
253	-0.40302968981449344
254	-0.40302968981449344
255	-0.40302968981449344
256	-0.40302968981449344
257	-0.40302968981449344
258	-0.40302968981449344
259	-0.40302968981449344
260	-0.40302968981449344
261	-0.40302968981449344
262	-0.40302968981449344
263	-0.40302968981449344
264	-0.40302968981449344
265	-0.40302968981449344
266	-0.40302968981449344
267	-0.40302968981449344
268	-0.40302968981449344
269	-0.40302968981449344
270	-0.40302968981449344
271	-0.40302968981449344
272	-0.40302968981449344
273	-0.40302968981449344
274	-0.40302968981449344
275	-0.40302968981449344
276	-0.40302968981449344
277	-0.40302968981449344
278	-0.40302968981449344
279	-0.40302968981449344
280	-0.40302968981449344
281	-0.40302968981449344
282	-0.40302968981449344
283	-0.40302968981449344
284	-0.40302968981449344
285	-0.40302968981449344
286	-0.40302968981449344
287	-0.40302968981449344
288	-0.40302968981449344
289	-0.40302968981449344
290	-0.40302968981449344
291	-0.40302968981449344
292	-0.40302968981449344
293	-0.40302968981449344
294	-0.40302968981449344
295	-0.40302968981449344
296	-0.40302968981449344
297	-0.40302968981449344
298	-0.40302968981449344
299	-0.40302968981449344
300	-0.40302968981449344
301	-0.40302968981449344
302	-0.40302968981449344
303	-0.40302968981449344
304	-0.40302968981449344
305	-0.40302968981449344
306	-0.40302968981449344
307	-0.40302968981449344
308	-0.40302968981449344
309	-0.40302968981449344
310	-0.40302968981449344
311	-0.40302968981449344
312	-0.40302968981449344
313	-0.40302968981449344
314	-0.40302968981449344
315	-0.40302968981449344
316	-0.40302968981449344
317	-0.40302968981449344
318	-0.40302968981449344
319	-0.40302968981449344
320	-0.40302968981449344
321	-0.40302968981449344
322	-0.40302968981449344
323	-0.40302968981449344
324	-0.40302968981449344
325	-0.40302968981449344
326	-0.40302968981449344
327	-0.40302968981449344
328	-0.40302968981449344
329	-0.40302968981449344
330	-0.40302968981449344
331	-0.40302968981449344
332	-0.40302968981449344
333	-0.40302968981449344
334	-0.40302968981449344
335	-0.40302968981449344
336	-0.40302968981449344
337	-0.40302968981449344
338	-0.40302968981449344
339	-0.40302968981449344
340	-0.40302968981449344
341	-0.40302968981449344
342	-0.40302968981449344
343	-0.40302968981449344
344	-0.40302968981449344
345	-0.40302968981449344
346	-0.40302968981449344
347	-0.40302968981449344
348	-0.40302968981449344
349	-0.40302968981449344
350	-0.40302968981449344
351	-0.40302968981449344
352	-0.40302968981449344
353	-0.40302968981449344
354	-0.40302968981449344
355	-0.40302968981449344
356	-0.40302968981449344
357	-0.40302968981449344
358	-0.40302968981449344
359	-0.40302968981449344
360	-0.40302968981449344
361	-0.40302968981449344
362	-0.40302968981449344
363	-0.40302968981449344
364	-0.40302968981449344
365	-0.40302968981449344
366	-0.40302968981449344
367	-0.40302968981449344
368	-0.40302968981449344
369	-0.40302968981449344
370	-0.40302968981449344
371	-0.40302968981449344
372	-0.40302968981449344
373	-0.40302968981449344
374	-0.40302968981449344
375	-0.40302968981449344
376	-0.40302968981449344
377	-0.40302968981449344
378	-0.40302968981449344
379	-0.40302968981449344
380	-0.40302968981449344
381	-0.40302968981449344
382	-0.40302968981449344
383	-0.40302968981449344
384	-0.40302968981449344
385	-0.40302968981449344
386	-0.40302968981449344
387	-0.40302968981449344
388	-0.40302968981449344
389	-0.40302968981449344
390	-0.40302968981449344
391	-0.40302968981449344
392	-0.40302968981449344
393	-0.40302968981449344
394	-0.40302968981449344
395	-0.40302968981449344
396	-0.40302968981449344
397	-0.40302968981449344
398	-0.40302968981449344
399	-0.40302968981449344
400	-0.40302968981449344
401	-0.40302968981449344
402	-0.40302968981449344
403	-0.40302968981449344
404	-0.40302968981449344
405	-0.40302968981449344
406	-0.40302968981449344
407	-0.40302968981449344
408	-0.40302968981449344
409	-0.40302968981449344
410	-0.40302968981449344
411	-0.40302968981449344
412	-0.40302968981449344
413	-0.40302968981449344
414	-0.40302968981449344
415	-0.40302968981449344
416	-0.40302968981449344
417	-0.40302968981449344
418	-0.40302968981449344
419	-0.40302968981449344
420	-0.40302968981449344
421	-0.40302968981449344
422	-0.40302968981449344
423	-0.40302968981449344
424	-0.40302968981449344
425	-0.40302968981449344
426	-0.40302968981449344
427	-0.40302968981449344
428	-0.40302968981449344
429	-0.40302968981449344
430	-0.40302968981449344
431	-0.40302968981449344
432	-0.40302968981449344
433	-0.40302968981449344
434	-0.40302968981449344
435	-0.40302968981449344
436	-0.40302968981449344
437	-0.40302968981449344
438	-0.40302968981449344
439	-0.40302968981449344
440	-0.40302968981449344
441	-0.40302968981449344
442	-0.40302968981449344
443	-0.40302968981449344
444	-0.40302968981449344
445	-0.40302968981449344
446	-0.40302968981449344
447	-0.40302968981449344
448	-0.40302968981449344
449	-0.40302968981449344
450	-0.40302968981449344
451	-0.40302968981449344
452	-0.40302968981449344
453	-0.40302968981449344
454	-0.40302968981449344
455	-0.40302968981449344
456	-0.40302968981449344
457	-0.40302968981449344
458	-0.40302968981449344
459	-0.40302968981449344
460	-0.40302968981449344
461	-0.40302968981449344
462	-0.40302968981449344
463	-0.40302968981449344
464	-0.40302968981449344
465	-0.40302968981449344
466	-0.40302968981449344
467	-0.40302968981449344
468	-0.40302968981449344
469	-0.40302968981449344
470	-0.40302968981449344
471	-0.40302968981449344
472	-0.40302968981449344
473	-0.40302968981449344
474	-0.40302968981449344
475	-0.40302968981449344
476	-0.40302968981449344
477	-0.40302968981449344
478	-0.40302968981449344
479	-0.40302968981449344
480	-0.40302968981449344
481	-0.40302968981449344
482	-0.40302968981449344
483	-0.40302968981449344
484	-0.40302968981449344
485	-0.40302968981449344
486	-0.40302968981449344
487	-0.40302968981449344
488	-0.40302968981449344
489	-0.40302968981449344
490	-0.40302968981449344
491	-0.40302968981449344
492	-0.40302968981449344
493	-0.40302968981449344
494	-0.40302968981449344
495	-0.40302968981449344
496	-0.40302968981449344
497	-0.40302968981449344
498	-0.40302968981449344
499	-0.40302968981449344
500	-0.40302968981449344
501	-0.40302968981449344
502	-0.40302968981449344
503	-0.40302968981449344
504	-0.40302968981449344
505	-0.40302968981449344
506	-0.40302968981449344
507	-0.40302968981449344
508	-0.40302968981449344
509	-0.40302968981449344
510	-0.40302968981449344
511	-0.40302968981449344
512	-0.40302968981449344
513	-0.40302968981449344
514	-0.40302968981449344
515	-0.40302968981449344
516	-0.40302968981449344
517	-0.40302968981449344
518	-0.40302968981449344
519	-0.40302968981449344
520	-0.40302968981449344
521	-0.40302968981449344
522	-0.40302968981449344
523	-0.40302968981449344
524	-0.40302968981449344
525	-0.40302968981449344
526	-0.40302968981449344
527	-0.40302968981449344
528	-0.40302968981449344
529	-0.40302968981449344
530	-0.40302968981449344
531	-0.40302968981449344
532	-0.40302968981449344
533	-0.40302968981449344
534	-0.40302968981449344
535	-0.40302968981449344
536	-0.40302968981449344
537	-0.40302968981449344
538	-0.40302968981449344
539	-0.40302968981449344
540	-0.40302968981449344
541	-0.40302968981449344
542	-0.40302968981449344
543	-0.40302968981449344
544	-0.40302968981449344
545	-0.40302968981449344
546	-0.40302968981449344
547	-0.40302968981449344
548	-0.40302968981449344
549	-0.40302968981449344
550	-0.40302968981449344
551	-0.40302968981449344
552	-0.40302968981449344
553	-0.40302968981449344
554	-0.40302968981449344
555	-0.40302968981449344
556	-0.40302968981449344
557	-0.40302968981449344
558	-0.40302968981449344
559	-0.40302968981449344
560	-0.40302968981449344
561	-0.40302968981449344
562	-0.40302968981449344
563	-0.40302968981449344
564	-0.40302968981449344
565	-0.40302968981449344
566	-0.40302968981449344
567	-0.40302968981449344
568	-0.40302968981449344
569	-0.40302968981449344
570	-0.40302968981449344
571	-0.40302968981449344
572	-0.40302968981449344
573	-0.40302968981449344
574	-0.40302968981449344
575	-0.40302968981449344
576	-0.40302968981449344
577	-0.40302968981449344
578	-0.40302968981449344
579	-0.40302968981449344
580	-0.40302968981449344
581	-0.40302968981449344
582	-0.40302968981449344
583	-0.40302968981449344
584	-0.40302968981449344
585	-0.40302968981449344
586	-0.40302968981449344
587	-0.40302968981449344
588	-0.40302968981449344
589	-0.40302968981449344
590	-0.40302968981449344
591	-0.40302968981449344
592	-0.40302968981449344
593	-0.40302968981449344
594	-0.40302968981449344
595	-0.40302968981449344
596	-0.40302968981449344
597	-0.40302968981449344
598	-0.40302968981449344
599	-0.40302968981449344
600	-0.40302968981449344
601	-0.40302968981449344
602	-0.40302968981449344
603	-0.40302968981449344
604	-0.40302968981449344
605	-0.40302968981449344
606	-0.40302968981449344
607	-0.40302968981449344
608	-0.40302968981449344
609	-0.40302968981449344
610	-0.40302968981449344
611	-0.40302968981449344
612	-0.40302968981449344
613	-0.40302968981449344
614	-0.40302968981449344
615	-0.40302968981449344
616	-0.40302968981449344
617	-0.40302968981449344
618	-0.40302968981449344
619	-0.40302968981449344
620	-0.40302968981449344
621	-0.40302968981449344
622	-0.40302968981449344
623	-0.40302968981449344
624	-0.40302968981449344
625	-0.40302968981449344
626	-0.40302968981449344
627	-0.40302968981449344
628	-0.40302968981449344
629	-0.40302968981449344
630	-0.40302968981449344
631	-0.40302968981449344
632	-0.40302968981449344
633	-0.40302968981449344
634	-0.40302968981449344
635	-0.40302968981449344
636	-0.40302968981449344
637	-0.40302968981449344
638	-0.40302968981449344
639	-0.40302968981449344
640	-0.40302968981449344
641	-0.40302968981449344
642	-0.40302968981449344
643	-0.40302968981449344
644	-0.40302968981449344
645	-0.40302968981449344
646	-0.40302968981449344
647	-0.40302968981449344
648	-0.40302968981449344
649	-0.40302968981449344
650	-0.40302968981449344
651	-0.40302968981449344
652	-0.40302968981449344
653	-0.40302968981449344
654	-0.40302968981449344
655	-0.40302968981449344
656	-0.40302968981449344
657	-0.40302968981449344
658	-0.40302968981449344
659	-0.40302968981449344
660	-0.40302968981449344
661	-0.40302968981449344
662	-0.40302968981449344
663	-0.40302968981449344
664	-0.40302968981449344
665	-0.40302968981449344
666	-0.40302968981449344
667	-0.40302968981449344
668	-0.40302968981449344
669	-0.40302968981449344
670	-0.40302968981449344
671	-0.40302968981449344
672	-0.40302968981449344
673	-0.40302968981449344
674	-0.40302968981449344
675	-0.40302968981449344
676	-0.40302968981449344
677	-0.40302968981449344
678	-0.40302968981449344
679	-0.40302968981449344
680	-0.40302968981449344
681	-0.40302968981449344
682	-0.40302968981449344
683	-0.40302968981449344
684	-0.40302968981449344
685	-0.40302968981449344
686	-0.40302968981449344
687	-0.40302968981449344
688	-0.40302968981449344
689	-0.40302968981449344
690	-0.40302968981449344
691	-0.40302968981449344
692	-0.40302968981449344
693	-0.40302968981449344
694	-0.40302968981449344
695	-0.40302968981449344
696	-0.40302968981449344
697	-0.40302968981449344
698	-0.40302968981449344
699	-0.40302968981449344
700	-0.40302968981449344
701	-0.40302968981449344
702	-0.40302968981449344
703	-0.40302968981449344
704	-0.40302968981449344
705	-0.40302968981449344
706	-0.40302968981449344
707	-0.40302968981449344
708	-0.40302968981449344
709	-0.40302968981449344
710	-0.40302968981449344
711	-0.40302968981449344
712	-0.40302968981449344
713	-0.40302968981449344
714	-0.40302968981449344
715	-0.40302968981449344
716	-0.40302968981449344
717	-0.40302968981449344
718	-0.40302968981449344
719	-0.40302968981449344
720	-0.40302968981449344
721	-0.40302968981449344
722	-0.40302968981449344
723	-0.40302968981449344
724	-0.40302968981449344
725	-0.40302968981449344
726	-0.40302968981449344
727	-0.40302968981449344
728	-0.40302968981449344
729	-0.40302968981449344
730	-0.40302968981449344
731	-0.40302968981449344
732	-0.40302968981449344
733	-0.40302968981449344
734	-0.40302968981449344
735	-0.40302968981449344
736	-0.40302968981449344
737	-0.40302968981449344
738	-0.40302968981449344
739	-0.40302968981449344
740	-0.40302968981449344
741	-0.40302968981449344
742	-0.40302968981449344
743	-0.40302968981449344
744	-0.40302968981449344
745	-0.40302968981449344
746	-0.40302968981449344
747	-0.40302968981449344
748	-0.40302968981449344
749	-0.40302968981449344
750	-0.40302968981449344
751	-0.40302968981449344
752	-0.40302968981449344
753	-0.40302968981449344
754	-0.40302968981449344
755	-0.40302968981449344
756	-0.40302968981449344
757	-0.40302968981449344
758	-0.40302968981449344
759	-0.40302968981449344
760	-0.40302968981449344
761	-0.40302968981449344
762	-0.40302968981449344
763	-0.40302968981449344
764	-0.40302968981449344
765	-0.40302968981449344
766	-0.40302968981449344
767	-0.40302968981449344
768	-0.40302968981449344
769	-0.40302968981449344
770	-0.40302968981449344
771	-0.40302968981449344
772	-0.40302968981449344
773	-0.40302968981449344
774	-0.40302968981449344
775	-0.40302968981449344
776	-0.40302968981449344
777	-0.40302968981449344
778	-0.40302968981449344
779	-0.40302968981449344
780	-0.40302968981449344
781	-0.40302968981449344
782	-0.40302968981449344
783	-0.40302968981449344
784	-0.40302968981449344
785	-0.40302968981449344
786	-0.40302968981449344
787	-0.40302968981449344
788	-0.40302968981449344
789	-0.40302968981449344
790	-0.40302968981449344
791	-0.40302968981449344
792	-0.40302968981449344
793	-0.40302968981449344
794	-0.40302968981449344
795	-0.40302968981449344
796	-0.40302968981449344
797	-0.40302968981449344
798	-0.40302968981449344
799	-0.40302968981449344
800	-0.40302968981449344
801	-0.40302968981449344
802	-0.40302968981449344
803	-0.40302968981449344
804	-0.40302968981449344
805	-0.40302968981449344
806	-0.40302968981449344
807	-0.40302968981449344
808	-0.40302968981449344
809	-0.40302968981449344
810	-0.40302968981449344
811	-0.40302968981449344
812	-0.40302968981449344
813	-0.40302968981449344
814	-0.40302968981449344
815	-0.40302968981449344
816	-0.40302968981449344
817	-0.40302968981449344
818	-0.40302968981449344
819	-0.40302968981449344
820	-0.40302968981449344
821	-0.40302968981449344
822	-0.40302968981449344
823	-0.40302968981449344
824	-0.40302968981449344
825	-0.40302968981449344
826	-0.40302968981449344
827	-0.40302968981449344
828	-0.40302968981449344
829	-0.40302968981449344
830	-0.40302968981449344
831	-0.40302968981449344
832	-0.40302968981449344
833	-0.40302968981449344
834	-0.40302968981449344
835	-0.40302968981449344
836	-0.40302968981449344
837	-0.40302968981449344
838	-0.40302968981449344
839	-0.40302968981449344
840	-0.40302968981449344
841	-0.40302968981449344
842	-0.40302968981449344
843	-0.40302968981449344
844	-0.40302968981449344
845	-0.40302968981449344
846	-0.40302968981449344
847	-0.40302968981449344
848	-0.40302968981449344
849	-0.40302968981449344
850	-0.40302968981449344
851	-0.40302968981449344
852	-0.40302968981449344
853	-0.40302968981449344
854	-0.40302968981449344
855	-0.40302968981449344
856	-0.40302968981449344
857	-0.40302968981449344
858	-0.40302968981449344
859	-0.40302968981449344
860	-0.40302968981449344
861	-0.40302968981449344
862	-0.40302968981449344
863	-0.40302968981449344
864	-0.40302968981449344
865	-0.40302968981449344
866	-0.40302968981449344
867	-0.40302968981449344
868	-0.40302968981449344
869	-0.40302968981449344
870	-0.40302968981449344
871	-0.40302968981449344
872	-0.40302968981449344
873	-0.40302968981449344
874	-0.40302968981449344
875	-0.40302968981449344
876	-0.40302968981449344
877	-0.40302968981449344
878	-0.40302968981449344
879	-0.40302968981449344
880	-0.40302968981449344
881	-0.40302968981449344
882	-0.40302968981449344
883	-0.40302968981449344
884	-0.40302968981449344
885	-0.40302968981449344
886	-0.40302968981449344
887	-0.40302968981449344
888	-0.40302968981449344
889	-0.40302968981449344
890	-0.40302968981449344
891	-0.40302968981449344
892	-0.40302968981449344
893	-0.40302968981449344
894	-0.40302968981449344
895	-0.40302968981449344
896	-0.40302968981449344
897	-0.40302968981449344
898	-0.40302968981449344
899	-0.40302968981449344
900	-0.40302968981449344
901	-0.40302968981449344
902	-0.40302968981449344
903	-0.40302968981449344
904	-0.40302968981449344
905	-0.40302968981449344
906	-0.40302968981449344
907	-0.40302968981449344
908	-0.40302968981449344
909	-0.40302968981449344
910	-0.40302968981449344
911	-0.40302968981449344
912	-0.40302968981449344
913	-0.40302968981449344
914	-0.40302968981449344
915	-0.40302968981449344
916	-0.40302968981449344
917	-0.40302968981449344
918	-0.40302968981449344
919	-0.40302968981449344
920	-0.40302968981449344
921	-0.40302968981449344
922	-0.40302968981449344
923	-0.40302968981449344
924	-0.40302968981449344
925	-0.40302968981449344
926	-0.40302968981449344
927	-0.40302968981449344
928	-0.40302968981449344
929	-0.40302968981449344
930	-0.40302968981449344
931	-0.40302968981449344
932	-0.40302968981449344
933	-0.40302968981449344
934	-0.40302968981449344
935	-0.40302968981449344
936	-0.40302968981449344
937	-0.40302968981449344
938	-0.40302968981449344
939	-0.40302968981449344
940	-0.40302968981449344
941	-0.40302968981449344
942	-0.40302968981449344
943	-0.40302968981449344
944	-0.40302968981449344
945	-0.40302968981449344
946	-0.40302968981449344
947	-0.40302968981449344
948	-0.40302968981449344
949	-0.40302968981449344
950	-0.40302968981449344
951	-0.40302968981449344
952	-0.40302968981449344
953	-0.40302968981449344
954	-0.40302968981449344
955	-0.40302968981449344
956	-0.40302968981449344
957	-0.40302968981449344
958	-0.40302968981449344
959	-0.40302968981449344
960	-0.40302968981449344
961	-0.40302968981449344
962	-0.40302968981449344
963	-0.40302968981449344
964	-0.40302968981449344
965	-0.40302968981449344
966	-0.40302968981449344
967	-0.40302968981449344
968	-0.40302968981449344
969	-0.40302968981449344
970	-0.40302968981449344
971	-0.40302968981449344
972	-0.40302968981449344
973	-0.40302968981449344
974	-0.40302968981449344
975	-0.40302968981449344
976	-0.40302968981449344
977	-0.40302968981449344
978	-0.40302968981449344
979	-0.40302968981449344
980	-0.40302968981449344
981	-0.40302968981449344
982	-0.40302968981449344
983	-0.40302968981449344
984	-0.40302968981449344
985	-0.40302968981449344
986	-0.40302968981449344
987	-0.40302968981449344
988	-0.40302968981449344
989	-0.40302968981449344
990	-0.40302968981449344
991	-0.40302968981449344
992	-0.40302968981449344
993	-0.40302968981449344
994	-0.40302968981449344
995	-0.40302968981449344
996	-0.40302968981449344
997	-0.40302968981449344
998	-0.40302968981449344
999	-0.40302968981449344
1000	-0.40302968981449344
minimum found: [3.803, 2.748], -0.40302968981449344

