MINIMIZING QUARTIC WITH NOISE (1000 gens, binary)
QUARTIC WITH NOISE
1000
binary
Gen #	minima
1	99.60421624166305
2	82.860629362499
3	82.860629362499
4	82.860629362499
5	82.860629362499
6	82.860629362499
7	82.860629362499
8	77.22606271378548
9	77.22606271378548
10	69.15271913853412
11	49.38712418407097
12	49.38712418407097
13	45.499968371620504
14	45.499968371620504
15	43.10404457619039
16	42.8346442431383
17	31.05541469179125
18	31.05541469179125
19	30.677295069328
20	25.75152091787926
21	25.75152091787926
22	21.380912655699614
23	21.009351415612716
24	21.009351415612716
25	21.009351415612716
26	20.922606584152522
27	20.922606584152522
28	17.832310475998625
29	14.018278081955565
30	14.018278081955565
31	14.018278081955565
32	14.018278081955565
33	14.018278081955565
34	14.018278081955565
35	14.018278081955565
36	14.018278081955565
37	12.627733725722472
38	12.366855775611524
39	12.366855775611524
40	12.007632737734639
41	12.007632737734639
42	12.007632737734639
43	12.007632737734639
44	12.007632737734639
45	11.649004459028173
46	11.649004459028173
47	11.649004459028173
48	11.649004459028173
49	11.556015904243353
50	11.540352234268779
51	11.540352234268779
52	11.492553018671098
53	11.492553018671098
54	11.492553018671098
55	11.492553018671098
56	11.492553018671098
57	11.223366729683416
58	11.149615311600858
59	11.149615311600858
60	11.149615311600858
61	11.149615311600858
62	11.149615311600858
63	11.149615311600858
64	10.704137296600146
65	10.400831163035374
66	10.400831163035374
67	10.294629200979005
68	10.155020862249163
69	10.155020862249163
70	10.155020862249163
71	10.155020862249163
72	10.155020862249163
73	10.155020862249163
74	10.155020862249163
75	10.155020862249163
76	10.155020862249163
77	10.155020862249163
78	10.023845687544597
79	10.023845687544597
80	10.023845687544597
81	10.023845687544597
82	10.023845687544597
83	10.023845687544597
84	9.999949731078972
85	9.9895906684294
86	9.610731272383664
87	9.610731272383664
88	9.610731272383664
89	9.610731272383664
90	9.610731272383664
91	9.610731272383664
92	9.610731272383664
93	9.610731272383664
94	9.610731272383664
95	9.589058961390874
96	9.467936762894894
97	9.187797676088568
98	6.171442166314912
99	6.171442166314912
100	6.144158353194664
101	6.051421648636642
102	6.051421648636642
103	6.051421648636642
104	5.811681550515031
105	5.804351085419008
106	5.804351085419008
107	5.786042699693448
108	5.777074474332163
109	5.777074474332163
110	5.777074474332163
111	5.777074474332163
112	5.777074474332163
113	5.496192829694362
114	5.496192829694362
115	5.496192829694362
116	5.25381016804213
117	5.25381016804213
118	5.25381016804213
119	5.25381016804213
120	5.25381016804213
121	5.25381016804213
122	5.25381016804213
123	5.25381016804213
124	5.25381016804213
125	5.127906342342513
126	5.101332499620072
127	5.101332499620072
128	4.748910160813105
129	4.748910160813105
130	4.748910160813105
131	4.748910160813105
132	4.748910160813105
133	4.748910160813105
134	4.748910160813105
135	4.748910160813105
136	4.748910160813105
137	4.748910160813105
138	4.748910160813105
139	4.748910160813105
140	4.748910160813105
141	4.717899054910237
142	4.717899054910237
143	4.6055546682009565
144	4.6055546682009565
145	4.6055546682009565
146	4.6055546682009565
147	4.6055546682009565
148	4.577091449604412
149	4.577091449604412
150	4.577091449604412
151	4.577091449604412
152	4.577091449604412
153	4.577091449604412
154	4.555657064423401
155	4.53137372147714
156	4.53137372147714
157	4.520142873343558
158	4.520142873343558
159	4.520142873343558
160	4.520142873343558
161	4.520142873343558
162	4.517658585727852
163	4.517658585727852
164	4.515231013234681
165	4.515231013234681
166	4.515231013234681
167	4.515231013234681
168	4.515231013234681
169	4.515231013234681
170	4.515231013234681
171	4.515231013234681
172	4.515231013234681
173	4.515231013234681
174	4.515231013234681
175	4.515231013234681
176	4.50738359104985
177	4.50738359104985
178	4.50738359104985
179	4.50738359104985
180	4.50738359104985
181	4.50738359104985
182	4.50738359104985
183	4.50738359104985
184	4.50738359104985
185	4.50738359104985
186	4.50738359104985
187	4.50738359104985
188	4.50738359104985
189	4.50738359104985
190	4.50738359104985
191	4.474684661957201
192	4.474684661957201
193	4.474684661957201
194	4.474684661957201
195	4.474684661957201
196	4.474684661957201
197	4.474684661957201
198	4.474684661957201
199	4.474684661957201
200	4.474684661957201
201	4.474684661957201
202	4.474684661957201
203	4.474684661957201
204	4.474684661957201
205	4.474684661957201
206	4.474684661957201
207	4.474684661957201
208	4.474684661957201
209	4.474684661957201
210	4.474684661957201
211	4.474684661957201
212	4.474684661957201
213	4.474684661957201
214	4.463538935159545
215	4.463538935159545
216	4.463538935159545
217	4.463538935159545
218	4.463538935159545
219	4.463538935159545
220	4.463538935159545
221	4.463538935159545
222	4.463538935159545
223	4.463538935159545
224	4.463538935159545
225	4.463538935159545
226	4.463538935159545
227	4.463538935159545
228	4.454388962493237
229	4.454388962493237
230	4.454388962493237
231	4.454388962493237
232	4.454388962493237
233	4.454388962493237
234	4.454388962493237
235	4.454388962493237
236	4.454388962493237
237	4.425255810087503
238	1.3331622596959907
239	1.3331622596959907
240	1.3331622596959907
241	1.3331622596959907
242	1.3331622596959907
243	1.3331622596959907
244	1.3331622596959907
245	1.3331622596959907
246	1.3331622596959907
247	1.3331622596959907
248	1.3331622596959907
249	1.3331622596959907
250	1.3331622596959907
251	1.3331622596959907
252	1.3331622596959907
253	1.3331622596959907
254	1.3331622596959907
255	1.3331622596959907
256	1.3331622596959907
257	1.3331622596959907
258	1.3331622596959907
259	1.3331622596959907
260	1.3331622596959907
261	1.3331622596959907
262	1.3331622596959907
263	1.3331622596959907
264	1.3331622596959907
265	1.3331622596959907
266	1.3331622596959907
267	1.3331622596959907
268	1.3331622596959907
269	1.3331622596959907
270	1.3331622596959907
271	1.3331622596959907
272	1.3331622596959907
273	1.3331622596959907
274	1.3331622596959907
275	1.3331622596959907
276	1.3331622596959907
277	1.3331622596959907
278	1.3331622596959907
279	1.3331622596959907
280	1.3331622596959907
281	1.3331622596959907
282	1.3331622596959907
283	1.3331622596959907
284	1.3331622596959907
285	1.3331622596959907
286	1.3331622596959907
287	1.3331622596959907
288	1.3331622596959907
289	1.3331622596959907
290	1.3331622596959907
291	1.3331622596959907
292	1.3331622596959907
293	1.3331622596959907
294	1.3331622596959907
295	1.3331622596959907
296	1.3331622596959907
297	1.3331622596959907
298	1.3331622596959907
299	1.3331622596959907
300	1.3331622596959907
301	1.3331622596959907
302	1.3331622596959907
303	1.3331622596959907
304	1.3331622596959907
305	1.3331622596959907
306	1.3331622596959907
307	1.3331622596959907
308	1.3331622596959907
309	1.3331622596959907
310	1.3331622596959907
311	1.3331622596959907
312	1.3331622596959907
313	1.3331622596959907
314	1.3331622596959907
315	1.3331622596959907
316	1.3331622596959907
317	1.3331622596959907
318	1.3331622596959907
319	1.3331622596959907
320	1.3331622596959907
321	1.3331622596959907
322	1.3331622596959907
323	1.3331622596959907
324	1.3331622596959907
325	1.3331622596959907
326	1.3331622596959907
327	1.3331622596959907
328	1.3331622596959907
329	1.3331622596959907
330	1.3331622596959907
331	1.3331622596959907
332	1.3331622596959907
333	1.3331622596959907
334	1.3331622596959907
335	1.3331622596959907
336	1.3331622596959907
337	1.3331622596959907
338	1.3331622596959907
339	1.3331622596959907
340	1.3331622596959907
341	1.3331622596959907
342	1.3331622596959907
343	1.3331622596959907
344	1.3331622596959907
345	1.3331622596959907
346	1.3331622596959907
347	1.3331622596959907
348	1.3331622596959907
349	1.3331622596959907
350	1.3331622596959907
351	1.3331622596959907
352	1.3331622596959907
353	1.3331622596959907
354	1.3331622596959907
355	1.3331622596959907
356	1.3331622596959907
357	1.3331622596959907
358	1.3331622596959907
359	1.3331622596959907
360	1.3331622596959907
361	1.3331622596959907
362	1.3331622596959907
363	1.3331622596959907
364	1.3331622596959907
365	1.3331622596959907
366	1.3331622596959907
367	1.3331622596959907
368	1.3331622596959907
369	1.3331622596959907
370	1.3331622596959907
371	1.3331622596959907
372	1.3331622596959907
373	1.3331622596959907
374	1.3331622596959907
375	1.3331622596959907
376	1.3331622596959907
377	1.3331622596959907
378	1.3331622596959907
379	1.3331622596959907
380	0.9818371233700443
381	0.9818371233700443
382	0.9818371233700443
383	0.9818371233700443
384	0.9818371233700443
385	0.9818371233700443
386	0.9818371233700443
387	0.9818371233700443
388	0.9818371233700443
389	0.9818371233700443
390	0.9818371233700443
391	0.9818371233700443
392	0.9818371233700443
393	0.9818371233700443
394	0.9818371233700443
395	0.9818371233700443
396	0.9646663641718265
397	0.9075340686505768
398	0.9075340686505768
399	0.9073587186717648
400	0.9073587186717648
401	0.9073587186717648
402	0.9073587186717648
403	0.9073587186717648
404	0.9073587186717648
405	0.8962990492266943
406	0.24404419864811883
407	0.12979239809046314
408	0.12979239809046314
409	0.12979239809046314
410	0.12979239809046314
411	0.12702664442907438
412	0.12702664442907438
413	0.12702664442907438
414	0.12702664442907438
415	0.1230784291945864
416	0.121956722157495
417	0.121956722157495
418	0.121956722157495
419	0.121956722157495
420	0.121956722157495
421	0.121956722157495
422	0.121956722157495
423	0.121956722157495
424	0.121956722157495
425	0.121956722157495
426	0.121956722157495
427	0.121956722157495
428	0.121956722157495
429	0.121956722157495
430	0.121956722157495
431	0.121956722157495
432	0.12104039156713056
433	0.12104039156713056
434	0.12050421207164932
435	0.12050421207164932
436	0.12050421207164932
437	0.12050421207164932
438	0.12050421207164932
439	0.12050421207164932
440	0.12050421207164932
441	0.12050421207164932
442	0.12050421207164932
443	0.12050421207164932
444	0.11970613955856926
445	0.11970613955856926
446	0.11970613955856926
447	0.11970613955856926
448	0.11970613955856926
449	0.11970613955856926
450	0.11970613955856926
451	0.11970613955856926
452	0.11970613955856926
453	0.11970613955856926
454	0.11970613955856926
455	0.11970613955856926
456	0.11970613955856926
457	0.11970613955856926
458	0.11970613955856926
459	0.11970613955856926
460	0.11970613955856926
461	0.11970613955856926
462	0.1185942447958113
463	0.1185942447958113
464	0.1185942447958113
465	0.1185942447958113
466	0.1185942447958113
467	0.1185942447958113
468	0.1185942447958113
469	0.11835181287040895
470	0.11835181287040895
471	0.11835181287040895
472	0.11835181287040895
473	0.11698190146491748
474	0.11698190146491748
475	0.11698190146491748
476	0.11698190146491748
477	0.11698190146491748
478	0.11698190146491748
479	0.11698190146491748
480	0.11698190146491748
481	0.11698190146491748
482	0.11698190146491748
483	0.11698190146491748
484	0.11063134326074216
485	0.11063134326074216
486	0.11063134326074216
487	0.11063134326074216
488	0.11063134326074216
489	0.11063134326074216
490	0.11063134326074216
491	0.11063134326074216
492	0.11063134326074216
493	0.11063134326074216
494	0.11063134326074216
495	0.11063134326074216
496	0.11063134326074216
497	0.11063134326074216
498	0.10673713168054214
499	0.10673713168054214
500	0.10673713168054214
501	0.10673713168054214
502	0.10673713168054214
503	0.10673713168054214
504	0.10673713168054214
505	0.10673713168054214
506	0.10673713168054214
507	0.10673713168054214
508	0.10673713168054214
509	0.10673713168054214
510	0.10673713168054214
511	0.10673713168054214
512	0.10673713168054214
513	0.10673713168054214
514	0.10673713168054214
515	0.10673713168054214
516	0.10673713168054214
517	0.10673713168054214
518	0.10673713168054214
519	0.10673713168054214
520	0.10673713168054214
521	0.10673713168054214
522	0.10673713168054214
523	0.10673713168054214
524	0.10673713168054214
525	0.10673713168054214
526	0.10673713168054214
527	0.10673713168054214
528	0.10673713168054214
529	0.10673713168054214
530	0.10673713168054214
531	0.10673713168054214
532	0.10673713168054214
533	0.10673713168054214
534	0.10673713168054214
535	0.10673713168054214
536	0.10673713168054214
537	0.09402639843442041
538	0.09402639843442041
539	0.09402639843442041
540	0.09402639843442041
541	0.09402639843442041
542	0.09402639843442041
543	0.09402639843442041
544	0.09402639843442041
545	0.09402639843442041
546	0.09402639843442041
547	0.09402639843442041
548	0.09402639843442041
549	0.09402639843442041
550	0.09402639843442041
551	0.09402639843442041
552	0.09402639843442041
553	0.09402639843442041
554	0.09402639843442041
555	0.09402639843442041
556	0.09402639843442041
557	0.09402639843442041
558	0.09402639843442041
559	0.09402639843442041
560	0.09402639843442041
561	0.09402639843442041
562	0.09402639843442041
563	0.09402639843442041
564	0.09402639843442041
565	0.09402639843442041
566	0.09402639843442041
567	0.09402639843442041
568	0.09402639843442041
569	0.09402639843442041
570	0.09402639843442041
571	0.09402639843442041
572	0.09402639843442041
573	0.09402639843442041
574	0.09402639843442041
575	0.09402639843442041
576	0.09402639843442041
577	0.09402639843442041
578	0.09402639843442041
579	0.09402639843442041
580	0.09402639843442041
581	0.09402639843442041
582	0.09402639843442041
583	0.09402639843442041
584	0.09402639843442041
585	0.09402639843442041
586	0.09402639843442041
587	0.09402639843442041
588	0.09402639843442041
589	0.09402639843442041
590	0.09402639843442041
591	0.09402639843442041
592	0.09402639843442041
593	0.09402639843442041
594	0.09402639843442041
595	0.09402639843442041
596	0.09402639843442041
597	0.09402639843442041
598	0.09402639843442041
599	0.09402639843442041
600	0.09402639843442041
601	0.09402639843442041
602	0.09402639843442041
603	0.09402639843442041
604	0.09402639843442041
605	0.09402639843442041
606	0.09402639843442041
607	0.09402639843442041
608	0.09402639843442041
609	0.09402639843442041
610	0.09402639843442041
611	0.09402639843442041
612	0.09402639843442041
613	0.09402639843442041
614	0.09402639843442041
615	0.09402639843442041
616	0.09402639843442041
617	0.09402639843442041
618	0.09402639843442041
619	0.09402639843442041
620	0.09402639843442041
621	0.09402639843442041
622	0.09402639843442041
623	0.09402639843442041
624	0.09402639843442041
625	0.09402639843442041
626	0.09402639843442041
627	0.09402639843442041
628	0.09402639843442041
629	0.09402639843442041
630	0.09402639843442041
631	0.09402639843442041
632	0.09402639843442041
633	0.09402639843442041
634	0.09402639843442041
635	0.09402639843442041
636	0.09402639843442041
637	0.09402639843442041
638	0.09402639843442041
639	0.09402639843442041
640	0.09402639843442041
641	0.09402639843442041
642	0.09402639843442041
643	0.09402639843442041
644	0.09402639843442041
645	0.09402639843442041
646	0.09402639843442041
647	0.09402639843442041
648	0.09402639843442041
649	0.09402639843442041
650	0.09402639843442041
651	0.09402639843442041
652	0.09402639843442041
653	0.09402639843442041
654	0.09402639843442041
655	0.09402639843442041
656	0.09402639843442041
657	0.09402639843442041
658	0.09402639843442041
659	0.09402639843442041
660	0.09402639843442041
661	0.09402639843442041
662	0.09402639843442041
663	0.09402639843442041
664	0.09402639843442041
665	0.09402639843442041
666	0.09402639843442041
667	0.09402639843442041
668	0.09402639843442041
669	0.09402639843442041
670	0.09402639843442041
671	0.09402639843442041
672	0.09402639843442041
673	0.09402639843442041
674	0.09402639843442041
675	0.09402639843442041
676	0.09402639843442041
677	0.09402639843442041
678	0.09402639843442041
679	0.09402639843442041
680	0.09402639843442041
681	0.09402639843442041
682	0.09402639843442041
683	0.09402639843442041
684	0.09402639843442041
685	0.09402639843442041
686	0.09402639843442041
687	0.09402639843442041
688	0.09402639843442041
689	0.09402639843442041
690	0.09402639843442041
691	0.09402639843442041
692	0.09402639843442041
693	0.09402639843442041
694	0.09402639843442041
695	0.09402639843442041
696	0.09402639843442041
697	0.09402639843442041
698	0.09402639843442041
699	0.09402639843442041
700	0.09402639843442041
701	0.09402639843442041
702	0.09402639843442041
703	0.09402639843442041
704	0.09402639843442041
705	0.09402639843442041
706	0.09402639843442041
707	0.09402639843442041
708	0.09402639843442041
709	0.09402639843442041
710	0.09402639843442041
711	0.09402639843442041
712	0.09402639843442041
713	0.09402639843442041
714	0.09402639843442041
715	0.09402639843442041
716	0.09402639843442041
717	0.09402639843442041
718	0.09402639843442041
719	0.09402639843442041
720	0.09402639843442041
721	0.09402639843442041
722	0.09402639843442041
723	0.09402639843442041
724	0.09402639843442041
725	0.09402639843442041
726	0.09402639843442041
727	0.09402639843442041
728	0.09402639843442041
729	0.09402639843442041
730	0.09402639843442041
731	0.09402639843442041
732	0.09402639843442041
733	0.09402639843442041
734	0.09402639843442041
735	0.09402639843442041
736	0.09402639843442041
737	0.09402639843442041
738	0.09402639843442041
739	0.09402639843442041
740	0.09402639843442041
741	0.09402639843442041
742	0.09402639843442041
743	0.09402639843442041
744	0.09402639843442041
745	0.09402639843442041
746	0.09402639843442041
747	0.09402639843442041
748	0.09402639843442041
749	0.09402639843442041
750	0.09402639843442041
751	0.09402639843442041
752	0.09402639843442041
753	0.09402639843442041
754	0.09402639843442041
755	0.09402639843442041
756	0.09402639843442041
757	0.09402639843442041
758	0.09402639843442041
759	0.09402639843442041
760	0.09402639843442041
761	0.09402639843442041
762	0.09402639843442041
763	0.09402639843442041
764	0.09402639843442041
765	0.09402639843442041
766	0.09402639843442041
767	0.09402639843442041
768	0.09402639843442041
769	0.09402639843442041
770	0.09402639843442041
771	0.09402639843442041
772	0.09402639843442041
773	0.09402639843442041
774	0.09402639843442041
775	0.09402639843442041
776	0.09402639843442041
777	0.09402639843442041
778	0.09402639843442041
779	0.09402639843442041
780	0.09402639843442041
781	0.09402639843442041
782	0.09402639843442041
783	0.09402639843442041
784	0.09402639843442041
785	0.09402639843442041
786	0.09402639843442041
787	0.09402639843442041
788	0.09402639843442041
789	0.09402639843442041
790	0.09402639843442041
791	0.09402639843442041
792	0.09402639843442041
793	0.09402639843442041
794	0.09402639843442041
795	0.09402639843442041
796	0.09402639843442041
797	0.09402639843442041
798	0.09402639843442041
799	0.09402639843442041
800	0.09402639843442041
801	0.09402639843442041
802	0.09402639843442041
803	0.09402639843442041
804	0.09402639843442041
805	0.09402639843442041
806	0.09402639843442041
807	0.09402639843442041
808	0.09402639843442041
809	0.09402639843442041
810	0.09402639843442041
811	0.09402639843442041
812	0.09402639843442041
813	0.09402639843442041
814	0.09402639843442041
815	0.09402639843442041
816	0.09402639843442041
817	0.09402639843442041
818	0.09402639843442041
819	0.09402639843442041
820	0.09402639843442041
821	0.09402639843442041
822	0.09402639843442041
823	0.09402639843442041
824	0.09402639843442041
825	0.09402639843442041
826	0.09402639843442041
827	0.09402639843442041
828	0.09402639843442041
829	0.09402639843442041
830	0.09402639843442041
831	0.09402639843442041
832	0.09402639843442041
833	0.09402639843442041
834	0.09402639843442041
835	0.09402639843442041
836	0.09402639843442041
837	0.09402639843442041
838	0.09402639843442041
839	0.09402639843442041
840	0.09402639843442041
841	0.09402639843442041
842	0.09402639843442041
843	0.09402639843442041
844	0.09402639843442041
845	0.09402639843442041
846	0.09402639843442041
847	0.09402639843442041
848	0.09402639843442041
849	0.09402639843442041
850	0.09402639843442041
851	0.09402639843442041
852	0.09402639843442041
853	0.09402639843442041
854	0.09402639843442041
855	0.09402639843442041
856	0.09402639843442041
857	0.09402639843442041
858	0.09402639843442041
859	0.09402639843442041
860	0.09402639843442041
861	0.09402639843442041
862	0.09402639843442041
863	0.09402639843442041
864	0.09402639843442041
865	0.09402639843442041
866	0.09402639843442041
867	0.09402639843442041
868	0.09402639843442041
869	0.09402639843442041
870	0.09402639843442041
871	0.09402639843442041
872	0.09402639843442041
873	0.09402639843442041
874	0.09402639843442041
875	0.09402639843442041
876	0.09402639843442041
877	0.09402639843442041
878	0.09402639843442041
879	0.09402639843442041
880	0.09402639843442041
881	0.09402639843442041
882	0.09402639843442041
883	0.09402639843442041
884	0.09402639843442041
885	0.09402639843442041
886	0.09402639843442041
887	0.09402639843442041
888	0.09402639843442041
889	0.09402639843442041
890	0.09402639843442041
891	0.09402639843442041
892	0.09402639843442041
893	0.09402639843442041
894	0.09402639843442041
895	0.09402639843442041
896	0.09402639843442041
897	0.09402639843442041
898	0.09402639843442041
899	0.09402639843442041
900	0.09402639843442041
901	0.09402639843442041
902	0.09402639843442041
903	0.09402639843442041
904	0.09402639843442041
905	0.09402639843442041
906	0.09402639843442041
907	0.09402639843442041
908	0.09402639843442041
909	0.09402639843442041
910	0.09402639843442041
911	0.09402639843442041
912	0.09402639843442041
913	0.09402639843442041
914	0.09402639843442041
915	0.09402639843442041
916	0.09402639843442041
917	0.09402639843442041
918	0.09402639843442041
919	0.09402639843442041
920	0.09402639843442041
921	0.09402639843442041
922	0.09402639843442041
923	0.09402639843442041
924	0.09402639843442041
925	0.09402639843442041
926	0.09402639843442041
927	0.09402639843442041
928	0.09402639843442041
929	0.09402639843442041
930	0.09402639843442041
931	0.09402639843442041
932	0.09402639843442041
933	0.09402639843442041
934	0.09402639843442041
935	0.09402639843442041
936	0.09402639843442041
937	0.09402639843442041
938	0.09402639843442041
939	0.09402639843442041
940	0.09402639843442041
941	0.09402639843442041
942	0.09402639843442041
943	0.09402639843442041
944	0.09402639843442041
945	0.09402639843442041
946	0.09402639843442041
947	0.09402639843442041
948	0.09402639843442041
949	0.09402639843442041
950	0.09402639843442041
951	0.09402639843442041
952	0.09045179372766321
953	0.09045179372766321
954	0.09045179372766321
955	0.08939102199978596
956	0.08939102199978596
957	0.08939102199978596
958	0.08939102199978596
959	0.08939102199978596
960	0.08939102199978596
961	0.08939102199978596
962	0.08939102199978596
963	0.08939102199978596
964	0.08939102199978596
965	0.08939102199978596
966	0.08939102199978596
967	0.08939102199978596
968	0.08939102199978596
969	0.08939102199978596
970	0.08939102199978596
971	0.08939102199978596
972	0.08939102199978596
973	0.08939102199978596
974	0.08939102199978596
975	0.08939102199978596
976	0.08939102199978596
977	0.08939102199978596
978	0.08939102199978596
979	0.08939102199978596
980	0.08939102199978596
981	0.08939102199978596
982	0.08939102199978596
983	0.08939102199978596
984	0.08939102199978596
985	0.08939102199978596
986	0.08939102199978596
987	0.08939102199978596
988	0.08939102199978596
989	0.08939102199978596
990	0.07899641737449808
991	0.07899641737449808
992	0.07899641737449808
993	0.07899641737449808
994	0.07899641737449808
995	0.07899641737449808
996	0.07899641737449808
997	0.07899641737449808
998	0.07899641737449808
999	0.07899641737449808
1000	0.07899641737449808
minimum found: [-0.01, 0.06, -0.08, 0.18, 0.02, -0.04, 0.09, -0.25, -0.09, -0.03, 0.05, 0.03, -0.11, -0.02, -0.14, -0.01, 0.04, -0.03, -0.01, 0.13, -0.11, -0.1, -0.03, -0.03, 0.0, -0.17, -0.07, -0.02, -0.06, -0.12], 0.07899641737449808

