MINIMIZING QUARTIC WITH NOISE (1000 gens, binary)
QUARTIC WITH NOISE
1000
binary
Gen #	minima
1	116.92148170475278
2	116.75090195454904
3	104.90658610974116
4	96.85193796295675
5	96.73916701630046
6	96.6135123058067
7	96.6135123058067
8	96.10306710851796
9	68.34150339059488
10	68.31685725261904
11	67.74500791866177
12	67.66419301160819
13	36.86881555826105
14	29.914055613297492
15	29.500555708905274
16	29.500555708905274
17	29.500555708905274
18	29.048103139898284
19	25.19240524861141
20	22.730471312782647
21	19.220301503060483
22	18.150686809703664
23	9.410144139846976
24	9.342185988900008
25	8.85739845967994
26	7.6940100256309965
27	7.6940100256309965
28	7.600652420813409
29	7.600652420813409
30	7.429460730251944
31	7.429460730251944
32	7.3004475200756325
33	7.28117090189052
34	6.96150096017964
35	6.96150096017964
36	6.887066722688527
37	6.887066722688527
38	6.624984306666955
39	6.562420228873517
40	6.3135330364123545
41	6.2619488566836505
42	6.2619488566836505
43	6.111045150270485
44	6.111045150270485
45	6.111045150270485
46	6.111045150270485
47	6.111045150270485
48	6.0861087002027565
49	6.070183062170932
50	5.905901841198267
51	5.905901841198267
52	5.8504876598702324
53	5.7795904868999175
54	5.7795904868999175
55	5.777066858239544
56	5.777066858239544
57	5.6984679701650505
58	5.6984679701650505
59	5.6984679701650505
60	5.6984679701650505
61	5.6911964199738545
62	5.655658212212204
63	5.635900949184523
64	5.481587431514067
65	5.411062955158772
66	5.411062955158772
67	5.411062955158772
68	5.411062955158772
69	5.315504094961025
70	4.820496433636863
71	4.820496433636863
72	4.820496433636863
73	4.820496433636863
74	4.820496433636863
75	4.783524521109553
76	4.638605443435688
77	4.536573615261391
78	4.536573615261391
79	4.536573615261391
80	4.536573615261391
81	4.536573615261391
82	4.536573615261391
83	4.536573615261391
84	4.536573615261391
85	4.45389897824692
86	4.45389897824692
87	4.45389897824692
88	4.45389897824692
89	4.45389897824692
90	4.45389897824692
91	4.372019770027575
92	4.372019770027575
93	4.372019770027575
94	4.372019770027575
95	4.372019770027575
96	4.372019770027575
97	4.372019770027575
98	4.372019770027575
99	4.372019770027575
100	4.177104833885484
101	3.5367286674888314
102	3.5367286674888314
103	3.5367286674888314
104	3.5367286674888314
105	3.5367286674888314
106	3.499893047156762
107	3.3351812831598413
108	3.3351812831598413
109	3.3351812831598413
110	3.3351812831598413
111	3.294804237197394
112	3.294804237197394
113	3.294804237197394
114	3.2523160516383944
115	3.2523160516383944
116	1.8879020920467422
117	1.8879020920467422
118	1.8663454180821355
119	1.8663454180821355
120	1.8663454180821355
121	1.8663454180821355
122	1.8663454180821355
123	1.8663454180821355
124	1.8663454180821355
125	1.6784177212499836
126	1.6784177212499836
127	1.6323383288988542
128	1.5806387041934225
129	1.5806387041934225
130	1.5806387041934225
131	1.5806387041934225
132	1.5806387041934225
133	1.5806387041934225
134	1.5806387041934225
135	1.3039831286099828
136	1.3039831286099828
137	1.3039831286099828
138	1.3039831286099828
139	1.2802628755241798
140	1.066207805967791
141	1.066207805967791
142	1.066207805967791
143	1.066207805967791
144	1.066207805967791
145	1.066207805967791
146	1.066207805967791
147	1.066207805967791
148	1.0624397525627725
149	0.9199859365091738
150	0.9199859365091738
151	0.9199859365091738
152	0.9199859365091738
153	0.9199859365091738
154	0.9199859365091738
155	0.9199859365091738
156	0.9199859365091738
157	0.9199859365091738
158	0.9199859365091738
159	0.9199859365091738
160	0.9199859365091738
161	0.9199859365091738
162	0.9199859365091738
163	0.9199859365091738
164	0.9199859365091738
165	0.9199859365091738
166	0.9199859365091738
167	0.9199859365091738
168	0.9199859365091738
169	0.9199859365091738
170	0.9199859365091738
171	0.9199859365091738
172	0.9199859365091738
173	0.9199859365091738
174	0.9199859365091738
175	0.9199859365091738
176	0.9199859365091738
177	0.9199859365091738
178	0.9199859365091738
179	0.9199859365091738
180	0.9199859365091738
181	0.9199859365091738
182	0.9199859365091738
183	0.9199859365091738
184	0.9199859365091738
185	0.9199859365091738
186	0.9199859365091738
187	0.9199859365091738
188	0.9199859365091738
189	0.9199859365091738
190	0.9199859365091738
191	0.9199859365091738
192	0.9199859365091738
193	0.9199859365091738
194	0.9199859365091738
195	0.9199859365091738
196	0.9199859365091738
197	0.9199859365091738
198	0.9199859365091738
199	0.9199859365091738
200	0.9199859365091738
201	0.9199859365091738
202	0.9199859365091738
203	0.9199859365091738
204	0.9199859365091738
205	0.9199859365091738
206	0.9199859365091738
207	0.9199859365091738
208	0.9199859365091738
209	0.9199859365091738
210	0.9199859365091738
211	0.9199859365091738
212	0.8875763133161094
213	0.8721612496109271
214	0.8721612496109271
215	0.8721612496109271
216	0.8721612496109271
217	0.8697016170313122
218	0.8697016170313122
219	0.8697016170313122
220	0.8697016170313122
221	0.8540840321892488
222	0.8536332802211744
223	0.8536332802211744
224	0.8536332802211744
225	0.8536332802211744
226	0.8536332802211744
227	0.8536332802211744
228	0.8536332802211744
229	0.8536332802211744
230	0.8536332802211744
231	0.8536332802211744
232	0.8536332802211744
233	0.8536332802211744
234	0.8536332802211744
235	0.8536332802211744
236	0.8536332802211744
237	0.8536332802211744
238	0.8536332802211744
239	0.8536332802211744
240	0.8536332802211744
241	0.8536332802211744
242	0.8536332802211744
243	0.8536332802211744
244	0.8536332802211744
245	0.8536332802211744
246	0.8536332802211744
247	0.8536332802211744
248	0.8536332802211744
249	0.8536332802211744
250	0.8536332802211744
251	0.8536332802211744
252	0.8243059090835556
253	0.8243059090835556
254	0.7336058340302024
255	0.7336058340302024
256	0.7336058340302024
257	0.7336058340302024
258	0.7336058340302024
259	0.7336058340302024
260	0.7336058340302024
261	0.7336058340302024
262	0.7336058340302024
263	0.7336058340302024
264	0.7336058340302024
265	0.7336058340302024
266	0.7336058340302024
267	0.7336058340302024
268	0.7336058340302024
269	0.7336058340302024
270	0.7336058340302024
271	0.7336058340302024
272	0.7336058340302024
273	0.7336058340302024
274	0.7336058340302024
275	0.7336058340302024
276	0.7336058340302024
277	0.7336058340302024
278	0.7336058340302024
279	0.7336058340302024
280	0.7336058340302024
281	0.7336058340302024
282	0.7336058340302024
283	0.7336058340302024
284	0.7336058340302024
285	0.7336058340302024
286	0.7336058340302024
287	0.7336058340302024
288	0.7336058340302024
289	0.7336058340302024
290	0.7336058340302024
291	0.7336058340302024
292	0.7336058340302024
293	0.7336058340302024
294	0.7158103312272718
295	0.696651425048078
296	0.696651425048078
297	0.696651425048078
298	0.696651425048078
299	0.696651425048078
300	0.6852644257233644
301	0.6852644257233644
302	0.6852644257233644
303	0.6852644257233644
304	0.6852644257233644
305	0.6852644257233644
306	0.6852644257233644
307	0.6852644257233644
308	0.5420074091300833
309	0.5420074091300833
310	0.5420074091300833
311	0.47415524024493033
312	0.47415524024493033
313	0.47415524024493033
314	0.47415524024493033
315	0.47415524024493033
316	0.47415524024493033
317	0.47415524024493033
318	0.4732938569610404
319	0.4732938569610404
320	0.4678616591018623
321	0.4678616591018623
322	0.4678616591018623
323	0.4678616591018623
324	0.4678616591018623
325	0.4678616591018623
326	0.4678616591018623
327	0.4678616591018623
328	0.4678616591018623
329	0.4678616591018623
330	0.4658198968122147
331	0.4658198968122147
332	0.44170642550460154
333	0.44170642550460154
334	0.44170642550460154
335	0.44170642550460154
336	0.44170642550460154
337	0.44170642550460154
338	0.44170642550460154
339	0.44170642550460154
340	0.44170642550460154
341	0.44170642550460154
342	0.44170642550460154
343	0.44170642550460154
344	0.44170642550460154
345	0.44170642550460154
346	0.44170642550460154
347	0.44170642550460154
348	0.44170642550460154
349	0.44170642550460154
350	0.44170642550460154
351	0.44170642550460154
352	0.44170642550460154
353	0.44170642550460154
354	0.44170642550460154
355	0.44170642550460154
356	0.44170642550460154
357	0.44170642550460154
358	0.44170642550460154
359	0.44170642550460154
360	0.44170642550460154
361	0.44170642550460154
362	0.44170642550460154
363	0.44170642550460154
364	0.44170642550460154
365	0.44170642550460154
366	0.44170642550460154
367	0.44170642550460154
368	0.44170642550460154
369	0.44170642550460154
370	0.44170642550460154
371	0.44170642550460154
372	0.44170642550460154
373	0.4261167389198898
374	0.4261167389198898
375	0.4261167389198898
376	0.4261167389198898
377	0.41067607177506016
378	0.41067607177506016
379	0.41067607177506016
380	0.41067607177506016
381	0.41067607177506016
382	0.41067607177506016
383	0.41067607177506016
384	0.41067607177506016
385	0.41067607177506016
386	0.41067607177506016
387	0.41067607177506016
388	0.41067607177506016
389	0.41067607177506016
390	0.41067607177506016
391	0.41067607177506016
392	0.41067607177506016
393	0.41067607177506016
394	0.41067607177506016
395	0.41067607177506016
396	0.41067607177506016
397	0.39912991413156046
398	0.39912991413156046
399	0.39912991413156046
400	0.39912991413156046
401	0.39912991413156046
402	0.39912991413156046
403	0.39912991413156046
404	0.39912991413156046
405	0.39912991413156046
406	0.39912991413156046
407	0.39912991413156046
408	0.39912991413156046
409	0.39912991413156046
410	0.39912991413156046
411	0.39912991413156046
412	0.39912991413156046
413	0.39912991413156046
414	0.39912991413156046
415	0.39912991413156046
416	0.39912991413156046
417	0.39912991413156046
418	0.39912991413156046
419	0.39912991413156046
420	0.39912991413156046
421	0.39912991413156046
422	0.39912991413156046
423	0.39912991413156046
424	0.39912991413156046
425	0.37250342737634357
426	0.37250342737634357
427	0.37250342737634357
428	0.37250342737634357
429	0.37250342737634357
430	0.37250342737634357
431	0.37250342737634357
432	0.37250342737634357
433	0.37250342737634357
434	0.37250342737634357
435	0.37250342737634357
436	0.37250342737634357
437	0.37250342737634357
438	0.37250342737634357
439	0.37250342737634357
440	0.37250342737634357
441	0.37250342737634357
442	0.37250342737634357
443	0.37250342737634357
444	0.37250342737634357
445	0.37250342737634357
446	0.37250342737634357
447	0.37250342737634357
448	0.37250342737634357
449	0.37250342737634357
450	0.37250342737634357
451	0.36937380795539876
452	0.36937380795539876
453	0.36937380795539876
454	0.36524110802812415
455	0.36524110802812415
456	0.36524110802812415
457	0.36524110802812415
458	0.36524110802812415
459	0.3562177728314609
460	0.3562177728314609
461	0.3562177728314609
462	0.3562177728314609
463	0.3562177728314609
464	0.3562177728314609
465	0.3562177728314609
466	0.3562177728314609
467	0.3467726217423132
468	0.3467726217423132
469	0.3467726217423132
470	0.3467726217423132
471	0.3467726217423132
472	0.3467726217423132
473	0.3467726217423132
474	0.3467726217423132
475	0.3467726217423132
476	0.3467726217423132
477	0.3467726217423132
478	0.3467726217423132
479	0.3467726217423132
480	0.3467726217423132
481	0.3467726217423132
482	0.3467726217423132
483	0.3467726217423132
484	0.3467726217423132
485	0.3467726217423132
486	0.3467726217423132
487	0.3467726217423132
488	0.3467726217423132
489	0.3467726217423132
490	0.3467726217423132
491	0.3467726217423132
492	0.3467726217423132
493	0.3467726217423132
494	0.3467726217423132
495	0.3467726217423132
496	0.3467726217423132
497	0.3467726217423132
498	0.3467726217423132
499	0.3467726217423132
500	0.3467726217423132
501	0.3467726217423132
502	0.3380936490675361
503	0.3380936490675361
504	0.3380936490675361
505	0.3380936490675361
506	0.3380936490675361
507	0.3380936490675361
508	0.3380936490675361
509	0.3380936490675361
510	0.3380936490675361
511	0.3380936490675361
512	0.3380936490675361
513	0.3380936490675361
514	0.3380936490675361
515	0.3380936490675361
516	0.3380936490675361
517	0.3380936490675361
518	0.3380936490675361
519	0.3380936490675361
520	0.3380936490675361
521	0.3380936490675361
522	0.3380936490675361
523	0.3380936490675361
524	0.3380936490675361
525	0.3380936490675361
526	0.3380936490675361
527	0.3380936490675361
528	0.3380936490675361
529	0.3380936490675361
530	0.3380936490675361
531	0.3380936490675361
532	0.3380936490675361
533	0.3334538036362848
534	0.3334538036362848
535	0.3334538036362848
536	0.3334538036362848
537	0.3334538036362848
538	0.3334538036362848
539	0.3334538036362848
540	0.3334538036362848
541	0.3334538036362848
542	0.3163135335311594
543	0.3163135335311594
544	0.3163135335311594
545	0.3163135335311594
546	0.3163135335311594
547	0.3163135335311594
548	0.3163135335311594
549	0.3163135335311594
550	0.3163135335311594
551	0.3163135335311594
552	0.3163135335311594
553	0.3163135335311594
554	0.3163135335311594
555	0.2614694865814188
556	0.25324462277110416
557	0.25324462277110416
558	0.25324462277110416
559	0.25324462277110416
560	0.25324462277110416
561	0.25324462277110416
562	0.25324462277110416
563	0.25324462277110416
564	0.25324462277110416
565	0.25324462277110416
566	0.25324462277110416
567	0.25324462277110416
568	0.25324462277110416
569	0.25324462277110416
570	0.25324462277110416
571	0.25324462277110416
572	0.25324462277110416
573	0.25324462277110416
574	0.25324462277110416
575	0.25324462277110416
576	0.25324462277110416
577	0.25324462277110416
578	0.25324462277110416
579	0.25324462277110416
580	0.25324462277110416
581	0.25324462277110416
582	0.25324462277110416
583	0.25324462277110416
584	0.25324462277110416
585	0.25324462277110416
586	0.25324462277110416
587	0.25324462277110416
588	0.25324462277110416
589	0.25324462277110416
590	0.25324462277110416
591	0.25324462277110416
592	0.25324462277110416
593	0.25324462277110416
594	0.25324462277110416
595	0.25324462277110416
596	0.25324462277110416
597	0.25324462277110416
598	0.25324462277110416
599	0.25324462277110416
600	0.25324462277110416
601	0.25324462277110416
602	0.25324462277110416
603	0.25324462277110416
604	0.25324462277110416
605	0.25324462277110416
606	0.25324462277110416
607	0.25324462277110416
608	0.25324462277110416
609	0.25324462277110416
610	0.25324462277110416
611	0.25324462277110416
612	0.25324462277110416
613	0.25324462277110416
614	0.25324462277110416
615	0.25324462277110416
616	0.25324462277110416
617	0.25324462277110416
618	0.25324462277110416
619	0.25324462277110416
620	0.25324462277110416
621	0.25324462277110416
622	0.25324462277110416
623	0.25324462277110416
624	0.25324462277110416
625	0.25324462277110416
626	0.25324462277110416
627	0.25324462277110416
628	0.25324462277110416
629	0.25324462277110416
630	0.25324462277110416
631	0.25324462277110416
632	0.25324462277110416
633	0.25324462277110416
634	0.25324462277110416
635	0.25324462277110416
636	0.25324462277110416
637	0.25324462277110416
638	0.25324462277110416
639	0.25324462277110416
640	0.25324462277110416
641	0.25324462277110416
642	0.25324462277110416
643	0.25324462277110416
644	0.25324462277110416
645	0.25324462277110416
646	0.25324462277110416
647	0.25324462277110416
648	0.25324462277110416
649	0.25324462277110416
650	0.25324462277110416
651	0.25324462277110416
652	0.25324462277110416
653	0.25324462277110416
654	0.25324462277110416
655	0.25324462277110416
656	0.25324462277110416
657	0.25324462277110416
658	0.25324462277110416
659	0.25324462277110416
660	0.25324462277110416
661	0.25324462277110416
662	0.25324462277110416
663	0.25324462277110416
664	0.25324462277110416
665	0.25324462277110416
666	0.25324462277110416
667	0.25324462277110416
668	0.25324462277110416
669	0.25324462277110416
670	0.25324462277110416
671	0.25324462277110416
672	0.25324462277110416
673	0.25324462277110416
674	0.25324462277110416
675	0.25324462277110416
676	0.25324462277110416
677	0.25324462277110416
678	0.25324462277110416
679	0.25324462277110416
680	0.25324462277110416
681	0.25324462277110416
682	0.25324462277110416
683	0.25324462277110416
684	0.25324462277110416
685	0.25324462277110416
686	0.25324462277110416
687	0.25324462277110416
688	0.25324462277110416
689	0.25324462277110416
690	0.25324462277110416
691	0.25324462277110416
692	0.25324462277110416
693	0.25324462277110416
694	0.25324462277110416
695	0.25324462277110416
696	0.25324462277110416
697	0.25324462277110416
698	0.25324462277110416
699	0.25324462277110416
700	0.25324462277110416
701	0.25324462277110416
702	0.25324462277110416
703	0.25324462277110416
704	0.25324462277110416
705	0.25324462277110416
706	0.25324462277110416
707	0.25324462277110416
708	0.25324462277110416
709	0.25324462277110416
710	0.25324462277110416
711	0.25324462277110416
712	0.25324462277110416
713	0.25324462277110416
714	0.25324462277110416
715	0.25324462277110416
716	0.25324462277110416
717	0.25324462277110416
718	0.25324462277110416
719	0.25324462277110416
720	0.25324462277110416
721	0.25324462277110416
722	0.25324462277110416
723	0.25324462277110416
724	0.25324462277110416
725	0.25324462277110416
726	0.25324462277110416
727	0.25324462277110416
728	0.25324462277110416
729	0.25324462277110416
730	0.25324462277110416
731	0.25324462277110416
732	0.25324462277110416
733	0.25324462277110416
734	0.25324462277110416
735	0.25324462277110416
736	0.25324462277110416
737	0.25324462277110416
738	0.25324462277110416
739	0.25324462277110416
740	0.25324462277110416
741	0.25324462277110416
742	0.25324462277110416
743	0.25324462277110416
744	0.25324462277110416
745	0.25324462277110416
746	0.25324462277110416
747	0.25324462277110416
748	0.25324462277110416
749	0.25324462277110416
750	0.25324462277110416
751	0.25324462277110416
752	0.25324462277110416
753	0.25324462277110416
754	0.25324462277110416
755	0.25324462277110416
756	0.25324462277110416
757	0.25324462277110416
758	0.25324462277110416
759	0.25324462277110416
760	0.25324462277110416
761	0.25324462277110416
762	0.25324462277110416
763	0.25324462277110416
764	0.25324462277110416
765	0.25324462277110416
766	0.25324462277110416
767	0.25324462277110416
768	0.25324462277110416
769	0.25324462277110416
770	0.25324462277110416
771	0.25324462277110416
772	0.25324462277110416
773	0.25324462277110416
774	0.25324462277110416
775	0.25324462277110416
776	0.25324462277110416
777	0.25324462277110416
778	0.25324462277110416
779	0.25324462277110416
780	0.25324462277110416
781	0.25324462277110416
782	0.25324462277110416
783	0.25324462277110416
784	0.25324462277110416
785	0.25324462277110416
786	0.25324462277110416
787	0.25324462277110416
788	0.25324462277110416
789	0.25324462277110416
790	0.25324462277110416
791	0.25324462277110416
792	0.25324462277110416
793	0.25324462277110416
794	0.25324462277110416
795	0.25324462277110416
796	0.25324462277110416
797	0.25324462277110416
798	0.25324462277110416
799	0.25324462277110416
800	0.25324462277110416
801	0.25324462277110416
802	0.25324462277110416
803	0.25324462277110416
804	0.25324462277110416
805	0.25324462277110416
806	0.25324462277110416
807	0.25324462277110416
808	0.25324462277110416
809	0.25324462277110416
810	0.25324462277110416
811	0.25324462277110416
812	0.25324462277110416
813	0.25324462277110416
814	0.25324462277110416
815	0.25324462277110416
816	0.25324462277110416
817	0.25324462277110416
818	0.25324462277110416
819	0.25324462277110416
820	0.25324462277110416
821	0.25324462277110416
822	0.25324462277110416
823	0.25324462277110416
824	0.25324462277110416
825	0.25324462277110416
826	0.25324462277110416
827	0.25324462277110416
828	0.25324462277110416
829	0.25324462277110416
830	0.25324462277110416
831	0.25324462277110416
832	0.25324462277110416
833	0.25324462277110416
834	0.25324462277110416
835	0.25324462277110416
836	0.25324462277110416
837	0.25324462277110416
838	0.25324462277110416
839	0.25324462277110416
840	0.22046504676556725
841	0.22046504676556725
842	0.22046504676556725
843	0.22046504676556725
844	0.22046504676556725
845	0.22046504676556725
846	0.22046504676556725
847	0.1931285173108919
848	0.1931285173108919
849	0.1931285173108919
850	0.1931285173108919
851	0.1931285173108919
852	0.1931285173108919
853	0.1931285173108919
854	0.1931285173108919
855	0.1931285173108919
856	0.1931285173108919
857	0.1931285173108919
858	0.1931285173108919
859	0.1931285173108919
860	0.1931285173108919
861	0.1931285173108919
862	0.1931285173108919
863	0.1931285173108919
864	0.1931285173108919
865	0.1931285173108919
866	0.1931285173108919
867	0.1931285173108919
868	0.1931285173108919
869	0.1931285173108919
870	0.1931285173108919
871	0.1931285173108919
872	0.1931285173108919
873	0.1931285173108919
874	0.1931285173108919
875	0.1931285173108919
876	0.1931285173108919
877	0.1931285173108919
878	0.1931285173108919
879	0.1931285173108919
880	0.1931285173108919
881	0.1931285173108919
882	0.1931285173108919
883	0.1931285173108919
884	0.1931285173108919
885	0.1931285173108919
886	0.1931285173108919
887	0.1931285173108919
888	0.1931285173108919
889	0.1931285173108919
890	0.1931285173108919
891	0.1931285173108919
892	0.1931285173108919
893	0.1931285173108919
894	0.1931285173108919
895	0.1931285173108919
896	0.1931285173108919
897	0.1931285173108919
898	0.1931285173108919
899	0.1931285173108919
900	0.1931285173108919
901	0.1931285173108919
902	0.1931285173108919
903	0.1931285173108919
904	0.1931285173108919
905	0.1931285173108919
906	0.1931285173108919
907	0.1931285173108919
908	0.1931285173108919
909	0.1931285173108919
910	0.1931285173108919
911	0.1931285173108919
912	0.1931285173108919
913	0.1931285173108919
914	0.1931285173108919
915	0.1931285173108919
916	0.1931285173108919
917	0.1931285173108919
918	0.1931285173108919
919	0.1931285173108919
920	0.1931285173108919
921	0.1931285173108919
922	0.1931285173108919
923	0.1931285173108919
924	0.1931285173108919
925	0.1931285173108919
926	0.1931285173108919
927	0.1931285173108919
928	0.1931285173108919
929	0.1931285173108919
930	0.1931285173108919
931	0.1931285173108919
932	0.1931285173108919
933	0.1931285173108919
934	0.1931285173108919
935	0.1931285173108919
936	0.1931285173108919
937	0.1931285173108919
938	0.1931285173108919
939	0.1931285173108919
940	0.1931285173108919
941	0.1931285173108919
942	0.1931285173108919
943	0.1931285173108919
944	0.1931285173108919
945	0.1931285173108919
946	0.1931285173108919
947	0.1931285173108919
948	0.1931285173108919
949	0.1931285173108919
950	0.1931285173108919
951	0.1931285173108919
952	0.1931285173108919
953	0.1931285173108919
954	0.1931285173108919
955	0.1931285173108919
956	0.1931285173108919
957	0.1931285173108919
958	0.1931285173108919
959	0.1931285173108919
960	0.1931285173108919
961	0.1931285173108919
962	0.1931285173108919
963	0.1931285173108919
964	0.1931285173108919
965	0.1931285173108919
966	0.1931285173108919
967	0.1931285173108919
968	0.1931285173108919
969	0.1931285173108919
970	0.1931285173108919
971	0.1931285173108919
972	0.1931285173108919
973	0.1931285173108919
974	0.1931285173108919
975	0.1931285173108919
976	0.1931285173108919
977	0.1931285173108919
978	0.1931285173108919
979	0.1931285173108919
980	0.1931285173108919
981	0.1931285173108919
982	0.1931285173108919
983	0.1931285173108919
984	0.1931285173108919
985	0.1931285173108919
986	0.1931285173108919
987	0.1931285173108919
988	0.1931285173108919
989	0.1931285173108919
990	0.1931285173108919
991	0.1931285173108919
992	0.1931285173108919
993	0.18068893236397388
994	0.18068893236397388
995	0.18068893236397388
996	0.18068893236397388
997	0.18068893236397388
998	0.18039381909519683
999	0.18039381909519683
1000	0.18039381909519683
minimum found: [0.64, 0.08, -0.1, 0.22, -0.28, 0.12, -0.07, -0.19, -0.06, -0.18, 0.04, -0.1, -0.21, -0.04, -0.09, -0.18, 0.02, -0.02, -0.2, 0.0, -0.03, 0.0, 0.05, -0.05, -0.16, -0.03, 0.08, 0.1, 0.08, -0.01], 0.18039381909519683

