MINIMIZING QUARTIC WITH NOISE (1000 gens, gray)
QUARTIC WITH NOISE
1000
gray
Gen #	minima
1	129.86183088608811
2	129.86183088608811
3	90.4826944828192
4	90.4826944828192
5	53.501971515490204
6	41.487362689762584
7	41.487362689762584
8	41.487362689762584
9	41.487362689762584
10	25.97252151136646
11	25.519534274372724
12	25.519534274372724
13	25.519534274372724
14	25.519534274372724
15	25.519534274372724
16	25.519534274372724
17	22.796375553974038
18	22.778340942424197
19	20.626383017937442
20	19.269148221526716
21	18.686911998555768
22	18.686911998555768
23	18.686911998555768
24	18.686911998555768
25	18.686911998555768
26	18.423932552148447
27	18.423932552148447
28	17.983523169186885
29	17.983523169186885
30	17.983523169186885
31	17.434381375344955
32	17.434381375344955
33	17.434381375344955
34	16.904007065182856
35	16.904007065182856
36	16.904007065182856
37	16.87049458249756
38	16.846496499492066
39	16.740554759693513
40	16.740554759693513
41	16.613973844567553
42	16.613973844567553
43	16.588297086092155
44	16.588297086092155
45	16.54575522015376
46	16.098824123812545
47	15.920830675184046
48	15.920830675184046
49	15.881373189104414
50	15.859838731052282
51	15.52129411122155
52	15.52129411122155
53	15.52129411122155
54	15.52129411122155
55	15.52129411122155
56	15.218929976341604
57	15.218929976341604
58	15.079386778757806
59	15.079386778757806
60	15.079386778757806
61	15.061599332278822
62	15.05443800050468
63	15.05443800050468
64	15.05443800050468
65	15.05443800050468
66	15.028108709365114
67	15.028108709365114
68	14.991032267506638
69	14.991032267506638
70	14.991032267506638
71	14.991032267506638
72	14.991032267506638
73	14.991032267506638
74	14.991032267506638
75	14.991032267506638
76	14.991032267506638
77	14.991032267506638
78	14.991032267506638
79	14.991032267506638
80	14.991032267506638
81	14.991032267506638
82	14.986062609208055
83	14.986062609208055
84	14.986062609208055
85	14.951107331796301
86	14.951107331796301
87	14.951107331796301
88	14.861562038754625
89	14.861562038754625
90	14.861562038754625
91	14.861562038754625
92	14.861562038754625
93	14.861562038754625
94	14.861562038754625
95	14.845657848431545
96	14.845657848431545
97	14.842953650962325
98	14.684180431337133
99	14.684180431337133
100	14.684180431337133
101	12.98515073376979
102	12.34121383471534
103	12.34121383471534
104	12.34121383471534
105	12.34121383471534
106	12.326931096573118
107	12.326931096573118
108	12.14452237358848
109	12.14452237358848
110	12.14452237358848
111	12.14452237358848
112	12.14452237358848
113	12.14452237358848
114	12.14452237358848
115	12.14452237358848
116	12.087968024960011
117	12.070404678856974
118	12.070404678856974
119	12.066448608119767
120	12.040580415538233
121	12.014475652808004
122	12.014475652808004
123	12.014475652808004
124	12.014475652808004
125	12.014475652808004
126	11.787714887637836
127	11.577419978019911
128	11.577419978019911
129	11.444837286374632
130	11.398310828771985
131	11.384075196685536
132	11.36547126393789
133	11.281141061068139
134	11.13871764419851
135	11.13871764419851
136	11.120507909249406
137	11.120507909249406
138	11.044753334046135
139	10.952673030228318
140	10.694071273567923
141	10.694071273567923
142	10.694071273567923
143	10.694071273567923
144	10.694071273567923
145	10.694071273567923
146	10.694071273567923
147	10.694071273567923
148	10.694071273567923
149	10.69363003338804
150	10.674118510603872
151	10.56698931572264
152	10.56698931572264
153	10.56698931572264
154	10.56698931572264
155	10.56698931572264
156	10.329944458941034
157	10.329944458941034
158	10.329944458941034
159	10.329944458941034
160	10.329944458941034
161	10.329944458941034
162	10.329944458941034
163	10.327671268995704
164	10.327671268995704
165	10.327671268995704
166	10.327331159151688
167	10.32712781016459
168	10.32712781016459
169	10.32712781016459
170	10.055132465484219
171	10.055132465484219
172	9.863765771205141
173	9.861955706574157
174	9.861955706574157
175	9.84278250097072
176	9.83609043213958
177	9.83609043213958
178	9.83609043213958
179	9.83609043213958
180	9.83609043213958
181	7.266898001230598
182	7.266898001230598
183	7.266898001230598
184	7.266898001230598
185	7.259474575973078
186	7.120799466818869
187	7.120799466818869
188	7.11422706822117
189	3.9098983948040122
190	3.743685770122539
191	3.743685770122539
192	3.6503128928303332
193	3.6371612708583356
194	3.6371612708583356
195	3.6371612708583356
196	3.6371612708583356
197	3.6371612708583356
198	3.6371612708583356
199	3.6371612708583356
200	3.5854163456216197
201	3.5854163456216197
202	3.5854163456216197
203	3.5854163456216197
204	3.5854163456216197
205	3.5854163456216197
206	3.5854163456216197
207	3.554740842957533
208	3.554740842957533
209	3.554740842957533
210	3.554740842957533
211	3.554740842957533
212	3.554740842957533
213	3.554740842957533
214	3.554740842957533
215	3.554740842957533
216	2.6838682656080164
217	1.6881318717802225
218	1.6881318717802225
219	1.6881318717802225
220	1.4260862788368271
221	1.419176094206093
222	1.419176094206093
223	1.3988629959894059
224	1.3988629959894059
225	1.3988629959894059
226	1.3988629959894059
227	1.391271492721096
228	1.391271492721096
229	1.3846626313517838
230	1.3729981415792427
231	1.3729981415792427
232	1.3729981415792427
233	1.3729981415792427
234	1.3729981415792427
235	1.3729981415792427
236	1.3729981415792427
237	1.3046635295206466
238	1.3046635295206466
239	1.3046635295206466
240	1.3046635295206466
241	1.3046635295206466
242	1.3046635295206466
243	1.3046635295206466
244	1.3046635295206466
245	1.3046635295206466
246	1.3046635295206466
247	1.3046635295206466
248	1.3046635295206466
249	1.3046635295206466
250	1.3046635295206466
251	1.3046635295206466
252	1.3033479924368194
253	1.3033479924368194
254	1.3033479924368194
255	1.3033479924368194
256	1.3033479924368194
257	1.2271891607273706
258	1.2271891607273706
259	1.2271891607273706
260	1.2271891607273706
261	1.2271891607273706
262	1.2271891607273706
263	1.2271891607273706
264	1.2271891607273706
265	1.2271891607273706
266	1.2271891607273706
267	1.2271891607273706
268	1.2271891607273706
269	1.2029209595190828
270	1.2029209595190828
271	1.2029209595190828
272	1.2029209595190828
273	1.2029209595190828
274	1.2029209595190828
275	1.2029209595190828
276	1.2029209595190828
277	1.2029209595190828
278	1.2029209595190828
279	1.2029209595190828
280	1.2029209595190828
281	1.1466541192696937
282	1.1466541192696937
283	1.1466541192696937
284	1.1466541192696937
285	1.1345178628096444
286	1.1345178628096444
287	1.1345178628096444
288	1.1296504664321487
289	1.1296504664321487
290	1.1021369161843737
291	1.1021369161843737
292	1.0739379763789583
293	1.0739379763789583
294	1.0739379763789583
295	1.0739379763789583
296	1.0739379763789583
297	1.0739379763789583
298	1.0739379763789583
299	1.0739379763789583
300	1.073041391696533
301	1.0615142223078355
302	1.0615142223078355
303	1.0615142223078355
304	1.0615142223078355
305	1.0615142223078355
306	1.0615142223078355
307	1.0615142223078355
308	1.0615142223078355
309	1.0615142223078355
310	1.0615142223078355
311	1.0615142223078355
312	1.0615142223078355
313	1.0615142223078355
314	1.0615142223078355
315	1.0615142223078355
316	1.0615142223078355
317	1.0615142223078355
318	1.0615142223078355
319	1.0615142223078355
320	1.0615142223078355
321	1.0615142223078355
322	1.0615142223078355
323	1.0615142223078355
324	1.0615142223078355
325	1.0615142223078355
326	1.0615142223078355
327	1.0615142223078355
328	1.0615142223078355
329	1.0615142223078355
330	1.0615142223078355
331	1.0615142223078355
332	1.0615142223078355
333	1.047364989248727
334	1.047364989248727
335	1.047364989248727
336	1.047364989248727
337	1.047364989248727
338	1.047364989248727
339	1.047364989248727
340	1.047364989248727
341	1.047364989248727
342	1.047364989248727
343	1.047364989248727
344	1.047364989248727
345	1.047364989248727
346	1.047364989248727
347	1.047364989248727
348	1.047364989248727
349	1.047364989248727
350	1.047364989248727
351	1.047364989248727
352	1.047364989248727
353	0.953441089324189
354	0.9318820394537302
355	0.9318820394537302
356	0.8926583274546356
357	0.8926583274546356
358	0.8926583274546356
359	0.8738396510210134
360	0.8738396510210134
361	0.8738396510210134
362	0.8738396510210134
363	0.8738396510210134
364	0.8738396510210134
365	0.8738396510210134
366	0.8738396510210134
367	0.8738396510210134
368	0.8738396510210134
369	0.8738396510210134
370	0.8738396510210134
371	0.8738396510210134
372	0.8738396510210134
373	0.8738396510210134
374	0.8738396510210134
375	0.8738396510210134
376	0.8738396510210134
377	0.8738396510210134
378	0.8738396510210134
379	0.8738396510210134
380	0.8738396510210134
381	0.8738396510210134
382	0.8738396510210134
383	0.8738396510210134
384	0.8738396510210134
385	0.8738396510210134
386	0.8738396510210134
387	0.8738396510210134
388	0.8738396510210134
389	0.8738396510210134
390	0.8738396510210134
391	0.8738396510210134
392	0.8738396510210134
393	0.8738396510210134
394	0.8738396510210134
395	0.8738396510210134
396	0.8738396510210134
397	0.8738396510210134
398	0.8738396510210134
399	0.8738396510210134
400	0.8738396510210134
401	0.8738396510210134
402	0.8738396510210134
403	0.8738396510210134
404	0.8738396510210134
405	0.8738396510210134
406	0.8738396510210134
407	0.8738396510210134
408	0.8738396510210134
409	0.8738396510210134
410	0.8738396510210134
411	0.8660243576059145
412	0.8660243576059145
413	0.8660243576059145
414	0.8660243576059145
415	0.8660243576059145
416	0.8660243576059145
417	0.8660243576059145
418	0.8660243576059145
419	0.8660243576059145
420	0.8660243576059145
421	0.8660243576059145
422	0.8660243576059145
423	0.8660243576059145
424	0.8660243576059145
425	0.8660243576059145
426	0.8660243576059145
427	0.8660243576059145
428	0.8660243576059145
429	0.8660243576059145
430	0.8660243576059145
431	0.8631091290425488
432	0.8229784217537308
433	0.8229784217537308
434	0.8067885182254432
435	0.8067885182254432
436	0.8067885182254432
437	0.8067885182254432
438	0.7393984193801407
439	0.7393984193801407
440	0.7393984193801407
441	0.7393984193801407
442	0.7393984193801407
443	0.7372047915380542
444	0.7372047915380542
445	0.7372047915380542
446	0.7372047915380542
447	0.7372047915380542
448	0.7372047915380542
449	0.7372047915380542
450	0.7372047915380542
451	0.7372047915380542
452	0.7372047915380542
453	0.7372047915380542
454	0.7372047915380542
455	0.7372047915380542
456	0.7298104889215323
457	0.7298104889215323
458	0.7298104889215323
459	0.7298104889215323
460	0.7279419938733441
461	0.7189387432823909
462	0.7180998179438063
463	0.7180998179438063
464	0.7180998179438063
465	0.7180998179438063
466	0.7180998179438063
467	0.7180998179438063
468	0.7108937777046453
469	0.7094778038826008
470	0.7094778038826008
471	0.6915550432025892
472	0.6915550432025892
473	0.6915550432025892
474	0.6915550432025892
475	0.6915550432025892
476	0.6915550432025892
477	0.6915550432025892
478	0.6915550432025892
479	0.6915550432025892
480	0.6915550432025892
481	0.6915550432025892
482	0.6915550432025892
483	0.6915550432025892
484	0.6915550432025892
485	0.6915550432025892
486	0.6915550432025892
487	0.6915550432025892
488	0.6915550432025892
489	0.6915550432025892
490	0.6915550432025892
491	0.6915550432025892
492	0.6915550432025892
493	0.6915550432025892
494	0.6915550432025892
495	0.6915550432025892
496	0.6915550432025892
497	0.6915550432025892
498	0.6915550432025892
499	0.6915550432025892
500	0.6915550432025892
501	0.6915550432025892
502	0.6915550432025892
503	0.6915550432025892
504	0.6915550432025892
505	0.6915550432025892
506	0.6915550432025892
507	0.6915550432025892
508	0.6915550432025892
509	0.6915550432025892
510	0.6915550432025892
511	0.6915550432025892
512	0.6915550432025892
513	0.6915550432025892
514	0.6915550432025892
515	0.6915550432025892
516	0.6915550432025892
517	0.6915550432025892
518	0.6915550432025892
519	0.6915550432025892
520	0.6915550432025892
521	0.6915550432025892
522	0.6915550432025892
523	0.6915550432025892
524	0.6915550432025892
525	0.6915550432025892
526	0.6915550432025892
527	0.6915550432025892
528	0.6915550432025892
529	0.48699880211734403
530	0.48699880211734403
531	0.48699880211734403
532	0.48699880211734403
533	0.48699880211734403
534	0.48699880211734403
535	0.48699880211734403
536	0.48699880211734403
537	0.48699880211734403
538	0.48699880211734403
539	0.48699880211734403
540	0.48699880211734403
541	0.48699880211734403
542	0.48699880211734403
543	0.48699880211734403
544	0.48699880211734403
545	0.48699880211734403
546	0.48699880211734403
547	0.48699880211734403
548	0.48699880211734403
549	0.48699880211734403
550	0.48699880211734403
551	0.48699880211734403
552	0.48699880211734403
553	0.48699880211734403
554	0.48699880211734403
555	0.48699880211734403
556	0.48699880211734403
557	0.48699880211734403
558	0.48699880211734403
559	0.48699880211734403
560	0.48699880211734403
561	0.48699880211734403
562	0.48699880211734403
563	0.48699880211734403
564	0.48699880211734403
565	0.48699880211734403
566	0.48699880211734403
567	0.48699880211734403
568	0.48699880211734403
569	0.48699880211734403
570	0.48699880211734403
571	0.48699880211734403
572	0.48699880211734403
573	0.48699880211734403
574	0.48699880211734403
575	0.48699880211734403
576	0.48699880211734403
577	0.48699880211734403
578	0.48699880211734403
579	0.48699880211734403
580	0.48699880211734403
581	0.48699880211734403
582	0.48699880211734403
583	0.48699880211734403
584	0.48699880211734403
585	0.48699880211734403
586	0.48699880211734403
587	0.48699880211734403
588	0.48699880211734403
589	0.48699880211734403
590	0.48699880211734403
591	0.48699880211734403
592	0.48699880211734403
593	0.48699880211734403
594	0.48699880211734403
595	0.48699880211734403
596	0.48699880211734403
597	0.48699880211734403
598	0.48699880211734403
599	0.48699880211734403
600	0.48699880211734403
601	0.48699880211734403
602	0.48699880211734403
603	0.48699880211734403
604	0.48699880211734403
605	0.48699880211734403
606	0.48699880211734403
607	0.48699880211734403
608	0.48699880211734403
609	0.48699880211734403
610	0.48699880211734403
611	0.48699880211734403
612	0.48699880211734403
613	0.48699880211734403
614	0.48699880211734403
615	0.48699880211734403
616	0.48699880211734403
617	0.48699880211734403
618	0.48699880211734403
619	0.48699880211734403
620	0.48699880211734403
621	0.48699880211734403
622	0.48699880211734403
623	0.48699880211734403
624	0.48699880211734403
625	0.48699880211734403
626	0.48699880211734403
627	0.48699880211734403
628	0.48699880211734403
629	0.48699880211734403
630	0.48699880211734403
631	0.48699880211734403
632	0.48699880211734403
633	0.48699880211734403
634	0.48699880211734403
635	0.48699880211734403
636	0.48699880211734403
637	0.48699880211734403
638	0.48699880211734403
639	0.48699880211734403
640	0.48699880211734403
641	0.48699880211734403
642	0.48699880211734403
643	0.48699880211734403
644	0.48699880211734403
645	0.48699880211734403
646	0.48699880211734403
647	0.48699880211734403
648	0.48699880211734403
649	0.48699880211734403
650	0.48699880211734403
651	0.48699880211734403
652	0.48699880211734403
653	0.48699880211734403
654	0.48699880211734403
655	0.48699880211734403
656	0.48699880211734403
657	0.48699880211734403
658	0.48699880211734403
659	0.48699880211734403
660	0.48699880211734403
661	0.48699880211734403
662	0.48699880211734403
663	0.48699880211734403
664	0.48699880211734403
665	0.48699880211734403
666	0.48699880211734403
667	0.48699880211734403
668	0.48699880211734403
669	0.48699880211734403
670	0.48699880211734403
671	0.48699880211734403
672	0.48699880211734403
673	0.48699880211734403
674	0.48699880211734403
675	0.48699880211734403
676	0.48699880211734403
677	0.48699880211734403
678	0.48699880211734403
679	0.48699880211734403
680	0.48699880211734403
681	0.48699880211734403
682	0.48699880211734403
683	0.48699880211734403
684	0.48699880211734403
685	0.48699880211734403
686	0.48699880211734403
687	0.48699880211734403
688	0.48699880211734403
689	0.48699880211734403
690	0.48699880211734403
691	0.48699880211734403
692	0.48699880211734403
693	0.48699880211734403
694	0.48699880211734403
695	0.48699880211734403
696	0.48699880211734403
697	0.48699880211734403
698	0.48699880211734403
699	0.48699880211734403
700	0.48699880211734403
701	0.48699880211734403
702	0.48699880211734403
703	0.48699880211734403
704	0.48699880211734403
705	0.48699880211734403
706	0.48699880211734403
707	0.48699880211734403
708	0.48699880211734403
709	0.48699880211734403
710	0.48699880211734403
711	0.48699880211734403
712	0.48699880211734403
713	0.48699880211734403
714	0.48699880211734403
715	0.48699880211734403
716	0.48699880211734403
717	0.48699880211734403
718	0.48699880211734403
719	0.48699880211734403
720	0.48699880211734403
721	0.48699880211734403
722	0.48699880211734403
723	0.48699880211734403
724	0.48699880211734403
725	0.48699880211734403
726	0.48699880211734403
727	0.48699880211734403
728	0.48699880211734403
729	0.48699880211734403
730	0.4838228187836222
731	0.4838228187836222
732	0.4838228187836222
733	0.4838228187836222
734	0.4838228187836222
735	0.4838228187836222
736	0.4838228187836222
737	0.4838228187836222
738	0.4838228187836222
739	0.4838228187836222
740	0.4838228187836222
741	0.4838228187836222
742	0.4838228187836222
743	0.4838228187836222
744	0.4838228187836222
745	0.4838228187836222
746	0.4838228187836222
747	0.4838228187836222
748	0.4838228187836222
749	0.4838228187836222
750	0.4838228187836222
751	0.4838228187836222
752	0.4838228187836222
753	0.4838228187836222
754	0.4838228187836222
755	0.4838228187836222
756	0.4838228187836222
757	0.4838228187836222
758	0.4838228187836222
759	0.4838228187836222
760	0.4838228187836222
761	0.4838228187836222
762	0.4838228187836222
763	0.4838228187836222
764	0.4838228187836222
765	0.4838228187836222
766	0.4838228187836222
767	0.4838228187836222
768	0.4838228187836222
769	0.4838228187836222
770	0.4838228187836222
771	0.4838228187836222
772	0.4838228187836222
773	0.4838228187836222
774	0.4838228187836222
775	0.4838228187836222
776	0.4838228187836222
777	0.4838228187836222
778	0.4838228187836222
779	0.4838228187836222
780	0.4838228187836222
781	0.4838228187836222
782	0.4838228187836222
783	0.4838228187836222
784	0.4838228187836222
785	0.4838228187836222
786	0.4838228187836222
787	0.4838228187836222
788	0.4838228187836222
789	0.4838228187836222
790	0.4838228187836222
791	0.4838228187836222
792	0.4838228187836222
793	0.4838228187836222
794	0.4838228187836222
795	0.4838228187836222
796	0.4838228187836222
797	0.48069449104036605
798	0.48069449104036605
799	0.48069449104036605
800	0.48069449104036605
801	0.48069449104036605
802	0.4556011597603261
803	0.45259739222056283
804	0.45259739222056283
805	0.45259739222056283
806	0.44566381656290327
807	0.44566381656290327
808	0.44566381656290327
809	0.44566381656290327
810	0.44566381656290327
811	0.4416522660263022
812	0.4416522660263022
813	0.4416522660263022
814	0.4416522660263022
815	0.4416522660263022
816	0.4416522660263022
817	0.4416522660263022
818	0.4416522660263022
819	0.4416522660263022
820	0.4416522660263022
821	0.4416522660263022
822	0.4416522660263022
823	0.4416522660263022
824	0.4407527143715576
825	0.4407527143715576
826	0.4407527143715576
827	0.4407527143715576
828	0.4407527143715576
829	0.4407527143715576
830	0.4407527143715576
831	0.4407527143715576
832	0.43737450389065324
833	0.43737450389065324
834	0.43737450389065324
835	0.43737450389065324
836	0.43737450389065324
837	0.43737450389065324
838	0.43737450389065324
839	0.43737450389065324
840	0.43737450389065324
841	0.43737450389065324
842	0.43737450389065324
843	0.43737450389065324
844	0.43737450389065324
845	0.43737450389065324
846	0.43737450389065324
847	0.43737450389065324
848	0.43737450389065324
849	0.43737450389065324
850	0.43737450389065324
851	0.43737450389065324
852	0.43737450389065324
853	0.43737450389065324
854	0.43737450389065324
855	0.43737450389065324
856	0.43737450389065324
857	0.43737450389065324
858	0.43737450389065324
859	0.43737450389065324
860	0.43737450389065324
861	0.43737450389065324
862	0.43737450389065324
863	0.43711397221327125
864	0.43711397221327125
865	0.43711397221327125
866	0.43711397221327125
867	0.43711397221327125
868	0.43711397221327125
869	0.43711397221327125
870	0.43711397221327125
871	0.43711397221327125
872	0.43711397221327125
873	0.43711397221327125
874	0.43711397221327125
875	0.43711397221327125
876	0.43711397221327125
877	0.43711397221327125
878	0.43711397221327125
879	0.43711397221327125
880	0.4368609029190007
881	0.4368609029190007
882	0.4368609029190007
883	0.4368609029190007
884	0.4368609029190007
885	0.4368609029190007
886	0.4368609029190007
887	0.4368609029190007
888	0.4368609029190007
889	0.4368609029190007
890	0.4368609029190007
891	0.4368609029190007
892	0.4368609029190007
893	0.4368609029190007
894	0.4368609029190007
895	0.4368609029190007
896	0.4368609029190007
897	0.4368609029190007
898	0.4368609029190007
899	0.4368609029190007
900	0.4368609029190007
901	0.4368609029190007
902	0.4368609029190007
903	0.4368609029190007
904	0.4368609029190007
905	0.4368609029190007
906	0.4368609029190007
907	0.4368609029190007
908	0.4368609029190007
909	0.4368609029190007
910	0.4368609029190007
911	0.4368609029190007
912	0.4368609029190007
913	0.4368609029190007
914	0.4368609029190007
915	0.4368609029190007
916	0.4368609029190007
917	0.4368609029190007
918	0.4207038116198152
919	0.4207038116198152
920	0.4207038116198152
921	0.4207038116198152
922	0.4207038116198152
923	0.4207038116198152
924	0.4207038116198152
925	0.4207038116198152
926	0.4207038116198152
927	0.4207038116198152
928	0.4207038116198152
929	0.4207038116198152
930	0.4207038116198152
931	0.4207038116198152
932	0.4207038116198152
933	0.4207038116198152
934	0.4207038116198152
935	0.4207038116198152
936	0.4207038116198152
937	0.4207038116198152
938	0.4207038116198152
939	0.4207038116198152
940	0.4207038116198152
941	0.4207038116198152
942	0.4207038116198152
943	0.4207038116198152
944	0.4207038116198152
945	0.4207038116198152
946	0.4207038116198152
947	0.4207038116198152
948	0.4207038116198152
949	0.4207038116198152
950	0.4207038116198152
951	0.4207038116198152
952	0.4207038116198152
953	0.4207038116198152
954	0.4207038116198152
955	0.4207038116198152
956	0.4207038116198152
957	0.4207038116198152
958	0.4207038116198152
959	0.4207038116198152
960	0.4207038116198152
961	0.4207038116198152
962	0.4207038116198152
963	0.4207038116198152
964	0.4207038116198152
965	0.4207038116198152
966	0.4207038116198152
967	0.4207038116198152
968	0.4207038116198152
969	0.4207038116198152
970	0.4207038116198152
971	0.4207038116198152
972	0.4207038116198152
973	0.4207038116198152
974	0.4207038116198152
975	0.4207038116198152
976	0.4207038116198152
977	0.4207038116198152
978	0.4207038116198152
979	0.4207038116198152
980	0.4207038116198152
981	0.4207038116198152
982	0.4207038116198152
983	0.4207038116198152
984	0.4207038116198152
985	0.4207038116198152
986	0.4207038116198152
987	0.4207038116198152
988	0.4207038116198152
989	0.4207038116198152
990	0.4207038116198152
991	0.4207038116198152
992	0.4207038116198152
993	0.4207038116198152
994	0.41665253224387105
995	0.41665253224387105
996	0.41665253224387105
997	0.41665253224387105
998	0.41665253224387105
999	0.41665253224387105
1000	0.41665253224387105
minimum found: [-0.9, 0.01, -0.12, -0.08, 0.21, 0.11, 0.16, -0.17, -0.11, 0.17, -0.19, -0.11, -0.12, -0.01, -0.13, -0.12, 0.2, -0.18, 0.03, 0.17, -0.01, 0.01, 0.0, 0.32, 0.18, 0.03, 0.13, 0.06, 0.17, 0.1], 0.41665253224387105

