MINIMIZING QUARTIC WITH NOISE (1000 gens, binary)
QUARTIC WITH NOISE
1000
binary
Gen #	minima
1	122.19675762348074
2	122.19675762348074
3	86.3676761840286
4	86.3676761840286
5	86.3676761840286
6	43.579078492332265
7	43.579078492332265
8	43.579078492332265
9	43.579078492332265
10	43.579078492332265
11	43.579078492332265
12	43.579078492332265
13	43.579078492332265
14	42.16746275282535
15	38.55039137816249
16	34.914848290295154
17	25.813218850823443
18	25.813218850823443
19	25.813218850823443
20	25.813218850823443
21	25.813218850823443
22	25.813218850823443
23	25.396386072824853
24	21.166923929877818
25	18.985370641288963
26	18.638053322935317
27	18.638053322935317
28	18.638053322935317
29	18.638053322935317
30	17.574575523932133
31	17.574575523932133
32	17.521918257560145
33	17.521918257560145
34	17.521918257560145
35	17.521918257560145
36	15.259030119956698
37	14.802690139735606
38	14.802690139735606
39	14.802690139735606
40	14.802690139735606
41	14.802690139735606
42	14.746749611391506
43	14.746749611391506
44	14.71584886954998
45	14.6902368378682
46	14.6902368378682
47	14.6902368378682
48	14.6902368378682
49	14.174957351405482
50	14.174957351405482
51	14.174957351405482
52	14.174957351405482
53	14.174957351405482
54	14.174957351405482
55	14.174957351405482
56	14.174957351405482
57	14.174957351405482
58	14.174957351405482
59	14.174957351405482
60	13.413824929624255
61	13.250275269721945
62	12.769002735761477
63	11.80081723276007
64	11.80081723276007
65	11.373526799794305
66	11.322072096776061
67	11.322072096776061
68	11.322072096776061
69	9.179308411492599
70	9.179308411492599
71	9.179308411492599
72	9.179308411492599
73	9.179308411492599
74	9.112005362461643
75	9.112005362461643
76	9.098315918758797
77	9.098315918758797
78	9.098315918758797
79	9.098315918758797
80	9.098315918758797
81	9.098315918758797
82	9.080422364650344
83	9.080422364650344
84	6.40660026417194
85	6.3518301356525955
86	6.223517232991351
87	5.571125706175565
88	5.571125706175565
89	5.571125706175565
90	5.571125706175565
91	5.521488777038645
92	5.495628108948232
93	5.495628108948232
94	5.484800213978772
95	5.480462925651945
96	5.445203687935091
97	5.445203687935091
98	5.445203687935091
99	5.070819875975687
100	5.070819875975687
101	4.985859900611073
102	4.985859900611073
103	4.977147653663412
104	4.977147653663412
105	4.977147653663412
106	4.977147653663412
107	4.977147653663412
108	4.977147653663412
109	4.977147653663412
110	4.977147653663412
111	4.977147653663412
112	4.977147653663412
113	4.977147653663412
114	4.976211529987241
115	4.973302467445357
116	4.96812316626711
117	4.96812316626711
118	4.96812316626711
119	4.81740434177271
120	4.81740434177271
121	4.81740434177271
122	4.816112127747286
123	4.7122745743816035
124	4.710857502057053
125	4.710857502057053
126	4.710857502057053
127	4.710857502057053
128	4.710857502057053
129	4.710857502057053
130	4.710857502057053
131	4.710857502057053
132	3.019205026547436
133	2.3443072356220362
134	2.2182735855680917
135	2.2182735855680917
136	1.873225323029256
137	1.873225323029256
138	1.873225323029256
139	1.64134910429155
140	1.64134910429155
141	1.64134910429155
142	1.64134910429155
143	1.64134910429155
144	1.64134910429155
145	1.5652771198789028
146	1.5652771198789028
147	1.5652771198789028
148	1.1675723128836233
149	1.1675723128836233
150	1.1675723128836233
151	1.1675723128836233
152	1.0472734405308124
153	1.0472734405308124
154	1.0472734405308124
155	1.0472734405308124
156	0.9948510763287975
157	0.9948510763287975
158	0.9408123754269392
159	0.6970288722275406
160	0.6970288722275406
161	0.6836778131751248
162	0.6836778131751248
163	0.6836778131751248
164	0.6836778131751248
165	0.6836778131751248
166	0.6836778131751248
167	0.6836778131751248
168	0.6836778131751248
169	0.6836778131751248
170	0.6836778131751248
171	0.6077899859417301
172	0.6077899859417301
173	0.6077899859417301
174	0.6077899859417301
175	0.6077899859417301
176	0.5647051616900246
177	0.5647051616900246
178	0.5647051616900246
179	0.5647051616900246
180	0.5647051616900246
181	0.5647051616900246
182	0.5647051616900246
183	0.5647051616900246
184	0.5647051616900246
185	0.5647051616900246
186	0.5647051616900246
187	0.5647051616900246
188	0.5647051616900246
189	0.5647051616900246
190	0.5647051616900246
191	0.5647051616900246
192	0.5647051616900246
193	0.5647051616900246
194	0.5647051616900246
195	0.5647051616900246
196	0.5647051616900246
197	0.5647051616900246
198	0.5647051616900246
199	0.5647051616900246
200	0.5647051616900246
201	0.5647051616900246
202	0.5647051616900246
203	0.5647051616900246
204	0.5647051616900246
205	0.4483875872127565
206	0.4483875872127565
207	0.4483875872127565
208	0.4483875872127565
209	0.4483875872127565
210	0.4483875872127565
211	0.4483875872127565
212	0.4483875872127565
213	0.4483875872127565
214	0.4483875872127565
215	0.4483875872127565
216	0.4483875872127565
217	0.4483875872127565
218	0.4483875872127565
219	0.4483875872127565
220	0.4483875872127565
221	0.4483875872127565
222	0.4483875872127565
223	0.4483875872127565
224	0.4483875872127565
225	0.4483875872127565
226	0.4483875872127565
227	0.4483875872127565
228	0.4483875872127565
229	0.4483875872127565
230	0.4483875872127565
231	0.4483875872127565
232	0.4483875872127565
233	0.4483875872127565
234	0.4483875872127565
235	0.4483875872127565
236	0.4483875872127565
237	0.4483875872127565
238	0.4483875872127565
239	0.4483875872127565
240	0.4483875872127565
241	0.4483875872127565
242	0.4483875872127565
243	0.4483875872127565
244	0.4483875872127565
245	0.4483875872127565
246	0.4483875872127565
247	0.4483875872127565
248	0.4483875872127565
249	0.4483875872127565
250	0.4483875872127565
251	0.4483875872127565
252	0.4483875872127565
253	0.4483875872127565
254	0.4483875872127565
255	0.4483875872127565
256	0.4483875872127565
257	0.4483875872127565
258	0.4483875872127565
259	0.4483875872127565
260	0.4483875872127565
261	0.4483875872127565
262	0.4085069952584448
263	0.4085069952584448
264	0.4085069952584448
265	0.4085069952584448
266	0.4085069952584448
267	0.4085069952584448
268	0.4085069952584448
269	0.4085069952584448
270	0.38761643265617507
271	0.38761643265617507
272	0.38761643265617507
273	0.38761643265617507
274	0.38761643265617507
275	0.38761643265617507
276	0.38761643265617507
277	0.38761643265617507
278	0.38761643265617507
279	0.38761643265617507
280	0.3832213374463004
281	0.3832213374463004
282	0.3832213374463004
283	0.3832213374463004
284	0.3832213374463004
285	0.3832213374463004
286	0.3832213374463004
287	0.3832213374463004
288	0.3832213374463004
289	0.3832213374463004
290	0.3832213374463004
291	0.3825744090906398
292	0.3825744090906398
293	0.3825744090906398
294	0.3825744090906398
295	0.3825744090906398
296	0.3825744090906398
297	0.3825744090906398
298	0.3825744090906398
299	0.3825744090906398
300	0.38068833444171835
301	0.38068833444171835
302	0.38068833444171835
303	0.38068833444171835
304	0.38068833444171835
305	0.38068833444171835
306	0.3730619228946025
307	0.3730619228946025
308	0.36903412243039846
309	0.36903412243039846
310	0.36903412243039846
311	0.36903412243039846
312	0.36903412243039846
313	0.36903412243039846
314	0.36903412243039846
315	0.36903412243039846
316	0.36903412243039846
317	0.36903412243039846
318	0.36903412243039846
319	0.3629148645943987
320	0.3629148645943987
321	0.3629148645943987
322	0.3629148645943987
323	0.3629148645943987
324	0.3629148645943987
325	0.3629148645943987
326	0.3629148645943987
327	0.3629148645943987
328	0.3629148645943987
329	0.3629148645943987
330	0.3629148645943987
331	0.3629148645943987
332	0.3629148645943987
333	0.35969517800991535
334	0.35969517800991535
335	0.35969517800991535
336	0.35969517800991535
337	0.35969517800991535
338	0.35969517800991535
339	0.35969517800991535
340	0.35969517800991535
341	0.35969517800991535
342	0.35969517800991535
343	0.35969517800991535
344	0.35969517800991535
345	0.35969517800991535
346	0.35969517800991535
347	0.35969517800991535
348	0.35969517800991535
349	0.35969517800991535
350	0.35969517800991535
351	0.3553704076395693
352	0.3553704076395693
353	0.3553704076395693
354	0.3553704076395693
355	0.3553704076395693
356	0.31994936763554616
357	0.31994936763554616
358	0.31994936763554616
359	0.31994936763554616
360	0.31994936763554616
361	0.31272237869313413
362	0.31272237869313413
363	0.3010245007289225
364	0.3010245007289225
365	0.3010245007289225
366	0.3010245007289225
367	0.3010245007289225
368	0.3010245007289225
369	0.3010245007289225
370	0.3010245007289225
371	0.3010245007289225
372	0.3010245007289225
373	0.3010245007289225
374	0.3010245007289225
375	0.3010245007289225
376	0.3010245007289225
377	0.3010245007289225
378	0.3010245007289225
379	0.3010245007289225
380	0.3010245007289225
381	0.3010245007289225
382	0.3010245007289225
383	0.3010245007289225
384	0.3010245007289225
385	0.3010245007289225
386	0.3010245007289225
387	0.3010245007289225
388	0.3010245007289225
389	0.3010245007289225
390	0.3010245007289225
391	0.3010245007289225
392	0.3010245007289225
393	0.3010245007289225
394	0.3010245007289225
395	0.3010245007289225
396	0.3010245007289225
397	0.3010245007289225
398	0.3010245007289225
399	0.3010245007289225
400	0.3010245007289225
401	0.3010245007289225
402	0.3010245007289225
403	0.3010245007289225
404	0.3010245007289225
405	0.3010245007289225
406	0.3010245007289225
407	0.3010245007289225
408	0.3010245007289225
409	0.3010245007289225
410	0.3010245007289225
411	0.3010245007289225
412	0.3010245007289225
413	0.3010245007289225
414	0.3010245007289225
415	0.3010245007289225
416	0.3010245007289225
417	0.3010245007289225
418	0.3010245007289225
419	0.3010245007289225
420	0.3010245007289225
421	0.3010245007289225
422	0.3010245007289225
423	0.3010245007289225
424	0.3010245007289225
425	0.3010245007289225
426	0.3010245007289225
427	0.3010245007289225
428	0.3010245007289225
429	0.3010245007289225
430	0.3010245007289225
431	0.3010245007289225
432	0.3010245007289225
433	0.3010245007289225
434	0.3010245007289225
435	0.3010245007289225
436	0.3010245007289225
437	0.3010245007289225
438	0.3010245007289225
439	0.3010245007289225
440	0.3010245007289225
441	0.3010245007289225
442	0.3010245007289225
443	0.3010245007289225
444	0.3010245007289225
445	0.3010245007289225
446	0.3010245007289225
447	0.3010245007289225
448	0.3010245007289225
449	0.3010245007289225
450	0.3010245007289225
451	0.3010245007289225
452	0.3010245007289225
453	0.3010245007289225
454	0.3010245007289225
455	0.3010245007289225
456	0.3010245007289225
457	0.3010245007289225
458	0.3010245007289225
459	0.3010245007289225
460	0.3010245007289225
461	0.3010245007289225
462	0.3010245007289225
463	0.3010245007289225
464	0.3010245007289225
465	0.3010245007289225
466	0.3010245007289225
467	0.3010245007289225
468	0.3010245007289225
469	0.3010245007289225
470	0.3010245007289225
471	0.3010245007289225
472	0.3010245007289225
473	0.3010245007289225
474	0.3010245007289225
475	0.3010245007289225
476	0.3010245007289225
477	0.3010245007289225
478	0.3010245007289225
479	0.3010245007289225
480	0.3010245007289225
481	0.3010245007289225
482	0.3010245007289225
483	0.3010245007289225
484	0.3010245007289225
485	0.3010245007289225
486	0.3010245007289225
487	0.3010245007289225
488	0.3010245007289225
489	0.3010245007289225
490	0.3010245007289225
491	0.3010245007289225
492	0.3010245007289225
493	0.3010245007289225
494	0.3010245007289225
495	0.3010245007289225
496	0.3010245007289225
497	0.3010245007289225
498	0.3010245007289225
499	0.3010245007289225
500	0.3010245007289225
501	0.3010245007289225
502	0.3010245007289225
503	0.3010245007289225
504	0.3010245007289225
505	0.3010245007289225
506	0.3010245007289225
507	0.3010245007289225
508	0.3010245007289225
509	0.3010245007289225
510	0.3010245007289225
511	0.3010245007289225
512	0.3010245007289225
513	0.3010245007289225
514	0.3010245007289225
515	0.3010245007289225
516	0.3010245007289225
517	0.3010245007289225
518	0.3010245007289225
519	0.3010245007289225
520	0.3010245007289225
521	0.3010245007289225
522	0.3010245007289225
523	0.3010245007289225
524	0.3010245007289225
525	0.3010245007289225
526	0.3010245007289225
527	0.3010245007289225
528	0.3010245007289225
529	0.3010245007289225
530	0.3010245007289225
531	0.3010245007289225
532	0.3010245007289225
533	0.3010245007289225
534	0.3010245007289225
535	0.3010245007289225
536	0.3010245007289225
537	0.3010245007289225
538	0.3010245007289225
539	0.3010245007289225
540	0.3010245007289225
541	0.3010245007289225
542	0.3010245007289225
543	0.3010245007289225
544	0.3010245007289225
545	0.3010245007289225
546	0.3010245007289225
547	0.3010245007289225
548	0.3010245007289225
549	0.3010245007289225
550	0.3010245007289225
551	0.3010245007289225
552	0.3010245007289225
553	0.3010245007289225
554	0.3010245007289225
555	0.3010245007289225
556	0.3010245007289225
557	0.3010245007289225
558	0.3010245007289225
559	0.3010245007289225
560	0.3010245007289225
561	0.3010245007289225
562	0.3010245007289225
563	0.3010245007289225
564	0.3010245007289225
565	0.3010245007289225
566	0.3010245007289225
567	0.3010245007289225
568	0.3010245007289225
569	0.3010245007289225
570	0.3010245007289225
571	0.3010245007289225
572	0.3010245007289225
573	0.3010245007289225
574	0.3010245007289225
575	0.3010245007289225
576	0.3010245007289225
577	0.3010245007289225
578	0.3010245007289225
579	0.3010245007289225
580	0.3010245007289225
581	0.3010245007289225
582	0.3010245007289225
583	0.3010245007289225
584	0.3010245007289225
585	0.3010245007289225
586	0.3010245007289225
587	0.3010245007289225
588	0.3010245007289225
589	0.3010245007289225
590	0.3010245007289225
591	0.3010245007289225
592	0.3010245007289225
593	0.3010245007289225
594	0.3010245007289225
595	0.3010245007289225
596	0.3010245007289225
597	0.3010245007289225
598	0.3010245007289225
599	0.3010245007289225
600	0.3010245007289225
601	0.3010245007289225
602	0.3010245007289225
603	0.3010245007289225
604	0.3010245007289225
605	0.3010245007289225
606	0.3010245007289225
607	0.3010245007289225
608	0.3010245007289225
609	0.3010245007289225
610	0.3010245007289225
611	0.3010245007289225
612	0.3010245007289225
613	0.3010245007289225
614	0.3010245007289225
615	0.3010245007289225
616	0.3010245007289225
617	0.3010245007289225
618	0.3010245007289225
619	0.3010245007289225
620	0.3010245007289225
621	0.3010245007289225
622	0.22336688389688117
623	0.22336688389688117
624	0.22336688389688117
625	0.22336688389688117
626	0.22336688389688117
627	0.22336688389688117
628	0.22336688389688117
629	0.22336688389688117
630	0.22336688389688117
631	0.22336688389688117
632	0.22336688389688117
633	0.22336688389688117
634	0.22336688389688117
635	0.22336688389688117
636	0.22336688389688117
637	0.22336688389688117
638	0.22336688389688117
639	0.22336688389688117
640	0.22336688389688117
641	0.22336688389688117
642	0.22336688389688117
643	0.22336688389688117
644	0.22336688389688117
645	0.22336688389688117
646	0.22336688389688117
647	0.22336688389688117
648	0.22336688389688117
649	0.22336688389688117
650	0.22336688389688117
651	0.22336688389688117
652	0.22336688389688117
653	0.22336688389688117
654	0.22336688389688117
655	0.22336688389688117
656	0.22336688389688117
657	0.22336688389688117
658	0.22336688389688117
659	0.22336688389688117
660	0.22336688389688117
661	0.22336688389688117
662	0.22336688389688117
663	0.22336688389688117
664	0.22336688389688117
665	0.22336688389688117
666	0.22336688389688117
667	0.22336688389688117
668	0.22336688389688117
669	0.22336688389688117
670	0.22336688389688117
671	0.22336688389688117
672	0.22336688389688117
673	0.22336688389688117
674	0.22336688389688117
675	0.22336688389688117
676	0.22336688389688117
677	0.22336688389688117
678	0.22336688389688117
679	0.22336688389688117
680	0.22336688389688117
681	0.22336688389688117
682	0.22336688389688117
683	0.22336688389688117
684	0.22336688389688117
685	0.22336688389688117
686	0.22336688389688117
687	0.22336688389688117
688	0.22336688389688117
689	0.22336688389688117
690	0.22336688389688117
691	0.22336688389688117
692	0.22336688389688117
693	0.22336688389688117
694	0.22336688389688117
695	0.22336688389688117
696	0.22336688389688117
697	0.22336688389688117
698	0.22336688389688117
699	0.22336688389688117
700	0.22336688389688117
701	0.22336688389688117
702	0.22336688389688117
703	0.22336688389688117
704	0.22336688389688117
705	0.22336688389688117
706	0.22336688389688117
707	0.22336688389688117
708	0.22336688389688117
709	0.22336688389688117
710	0.22336688389688117
711	0.22336688389688117
712	0.22336688389688117
713	0.22336688389688117
714	0.22336688389688117
715	0.22336688389688117
716	0.22336688389688117
717	0.20324400300108142
718	0.20324400300108142
719	0.20324400300108142
720	0.20324400300108142
721	0.20324400300108142
722	0.20324400300108142
723	0.20324400300108142
724	0.19365048133137513
725	0.19365048133137513
726	0.19365048133137513
727	0.19365048133137513
728	0.19365048133137513
729	0.19365048133137513
730	0.19365048133137513
731	0.19365048133137513
732	0.19365048133137513
733	0.19365048133137513
734	0.19365048133137513
735	0.19365048133137513
736	0.19365048133137513
737	0.19365048133137513
738	0.19365048133137513
739	0.19365048133137513
740	0.19365048133137513
741	0.19365048133137513
742	0.19365048133137513
743	0.19365048133137513
744	0.19365048133137513
745	0.19365048133137513
746	0.19365048133137513
747	0.19365048133137513
748	0.18884362006920952
749	0.18884362006920952
750	0.18884362006920952
751	0.18884362006920952
752	0.18884362006920952
753	0.18884362006920952
754	0.18884362006920952
755	0.18884362006920952
756	0.18884362006920952
757	0.18884362006920952
758	0.18884362006920952
759	0.18884362006920952
760	0.18884362006920952
761	0.18884362006920952
762	0.18884362006920952
763	0.18884362006920952
764	0.18884362006920952
765	0.18884362006920952
766	0.18884362006920952
767	0.18884362006920952
768	0.17808162682814566
769	0.17808162682814566
770	0.17808162682814566
771	0.17808162682814566
772	0.17808162682814566
773	0.17664066537293
774	0.17664066537293
775	0.17664066537293
776	0.17664066537293
777	0.17664066537293
778	0.17664066537293
779	0.17664066537293
780	0.17664066537293
781	0.17664066537293
782	0.17664066537293
783	0.17664066537293
784	0.17664066537293
785	0.17664066537293
786	0.17664066537293
787	0.17664066537293
788	0.17664066537293
789	0.17664066537293
790	0.17664066537293
791	0.17664066537293
792	0.17664066537293
793	0.17664066537293
794	0.17664066537293
795	0.17664066537293
796	0.17664066537293
797	0.17664066537293
798	0.17664066537293
799	0.17664066537293
800	0.17664066537293
801	0.17664066537293
802	0.17664066537293
803	0.17664066537293
804	0.17664066537293
805	0.17664066537293
806	0.17664066537293
807	0.17664066537293
808	0.17664066537293
809	0.17664066537293
810	0.17664066537293
811	0.17664066537293
812	0.17664066537293
813	0.17664066537293
814	0.17664066537293
815	0.17664066537293
816	0.17664066537293
817	0.17664066537293
818	0.17664066537293
819	0.17664066537293
820	0.17664066537293
821	0.17664066537293
822	0.17664066537293
823	0.17664066537293
824	0.17664066537293
825	0.17664066537293
826	0.17664066537293
827	0.17664066537293
828	0.17664066537293
829	0.17664066537293
830	0.17664066537293
831	0.17664066537293
832	0.17664066537293
833	0.17664066537293
834	0.17664066537293
835	0.17664066537293
836	0.17664066537293
837	0.17664066537293
838	0.1751118305962025
839	0.1751118305962025
840	0.1751118305962025
841	0.1751118305962025
842	0.1751118305962025
843	0.17261151061246674
844	0.17261151061246674
845	0.17261151061246674
846	0.16923798358238987
847	0.16923798358238987
848	0.16923798358238987
849	0.16923798358238987
850	0.16923798358238987
851	0.16923798358238987
852	0.16923798358238987
853	0.16923798358238987
854	0.16923798358238987
855	0.1638441374675744
856	0.13885433603015157
857	0.13885433603015157
858	0.13885433603015157
859	0.13885433603015157
860	0.13885433603015157
861	0.13885433603015157
862	0.13885433603015157
863	0.13885433603015157
864	0.13885433603015157
865	0.13885433603015157
866	0.13885433603015157
867	0.13885433603015157
868	0.13885433603015157
869	0.13885433603015157
870	0.13885433603015157
871	0.13885433603015157
872	0.13885433603015157
873	0.13885433603015157
874	0.13885433603015157
875	0.13885433603015157
876	0.13885433603015157
877	0.1384472781078033
878	0.1365860651149151
879	0.1365860651149151
880	0.1365860651149151
881	0.1365860651149151
882	0.1365860651149151
883	0.1365860651149151
884	0.1365860651149151
885	0.1365860651149151
886	0.1365860651149151
887	0.1365860651149151
888	0.1365860651149151
889	0.1365860651149151
890	0.1365860651149151
891	0.1365860651149151
892	0.1365860651149151
893	0.1365860651149151
894	0.1365860651149151
895	0.1328707799102665
896	0.1328707799102665
897	0.1328707799102665
898	0.1328707799102665
899	0.1328707799102665
900	0.1328707799102665
901	0.1328707799102665
902	0.1328707799102665
903	0.1328707799102665
904	0.1328707799102665
905	0.1328707799102665
906	0.1328707799102665
907	0.1328707799102665
908	0.12618143280338434
909	0.12618143280338434
910	0.12618143280338434
911	0.12618143280338434
912	0.12618143280338434
913	0.12618143280338434
914	0.12618143280338434
915	0.12618143280338434
916	0.12618143280338434
917	0.12618143280338434
918	0.12618143280338434
919	0.12618143280338434
920	0.12618143280338434
921	0.12618143280338434
922	0.12618143280338434
923	0.12618143280338434
924	0.12618143280338434
925	0.12618143280338434
926	0.12618143280338434
927	0.12618143280338434
928	0.12618143280338434
929	0.12618143280338434
930	0.12618143280338434
931	0.12618143280338434
932	0.12618143280338434
933	0.12618143280338434
934	0.12618143280338434
935	0.12618143280338434
936	0.12618143280338434
937	0.12618143280338434
938	0.12618143280338434
939	0.12618143280338434
940	0.12618143280338434
941	0.12618143280338434
942	0.12618143280338434
943	0.12618143280338434
944	0.12618143280338434
945	0.12618143280338434
946	0.12618143280338434
947	0.12618143280338434
948	0.12618143280338434
949	0.12618143280338434
950	0.12618143280338434
951	0.12618143280338434
952	0.12618143280338434
953	0.12618143280338434
954	0.12618143280338434
955	0.12618143280338434
956	0.12618143280338434
957	0.12618143280338434
958	0.12618143280338434
959	0.12618143280338434
960	0.12618143280338434
961	0.12618143280338434
962	0.12618143280338434
963	0.12618143280338434
964	0.12618143280338434
965	0.12618143280338434
966	0.12618143280338434
967	0.12618143280338434
968	0.12618143280338434
969	0.12618143280338434
970	0.12618143280338434
971	0.12618143280338434
972	0.12618143280338434
973	0.12618143280338434
974	0.12618143280338434
975	0.12618143280338434
976	0.12618143280338434
977	0.12618143280338434
978	0.12618143280338434
979	0.12618143280338434
980	0.12618143280338434
981	0.12618143280338434
982	0.12618143280338434
983	0.12618143280338434
984	0.12618143280338434
985	0.12618143280338434
986	0.12618143280338434
987	0.12618143280338434
988	0.12618143280338434
989	0.12618143280338434
990	0.12618143280338434
991	0.12618143280338434
992	0.12618143280338434
993	0.12618143280338434
994	0.12618143280338434
995	0.12618143280338434
996	0.12618143280338434
997	0.12618143280338434
998	0.12618143280338434
999	0.12618143280338434
1000	0.12618143280338434
minimum found: [-0.11, -0.03, -0.15, -0.2, 0.0, -0.03, 0.15, 0.14, -0.14, 0.1, 0.11, -0.02, -0.04, 0.03, 0.07, 0.08, -0.15, 0.12, 0.0, -0.18, 0.06, -0.17, -0.17, 0.07, -0.18, 0.0, -0.05, -0.06, -0.09, 0.0], 0.12618143280338434

