MINIMIZING PARABOLA (1000 gens, binary)
PARABOLA
1000
binary
Gen #	minima
1	473.484035
2	473.484035
3	473.484035
4	155.696612
5	155.696612
6	155.696612
7	132.52149
8	132.52149
9	132.52149
10	16.059182
11	16.059182
12	16.059182
13	16.059182
14	16.059182
15	16.059182
16	16.059182
17	10.884233
18	9.065762
19	9.065762
20	9.065762
21	9.065762
22	5.53293
23	5.336226000000001
24	4.023626
25	4.010057000000001
26	4.008730000000001
27	3.9415380000000004
28	3.9415380000000004
29	3.8553860000000006
30	3.7910020000000006
31	3.7527300000000006
32	3.6153860000000004
33	3.6140660000000002
34	3.6140660000000002
35	3.6140660000000002
36	3.6140660000000002
37	3.5325700000000007
38	3.5315060000000003
39	3.5315060000000003
40	3.4613620000000003
41	3.4613620000000003
42	3.41349
43	3.41349
44	3.343346
45	3.343329
46	3.343329
47	3.3360380000000003
48	3.3360380000000003
49	3.3360380000000003
50	3.3360210000000006
51	3.3360210000000006
52	2.8849659999999995
53	2.8849659999999995
54	2.8849659999999995
55	2.8849659999999995
56	2.8849659999999995
57	2.8849659999999995
58	2.8849659999999995
59	2.8849659999999995
60	2.8849659999999995
61	2.8849659999999995
62	2.8849659999999995
63	2.8849659999999995
64	2.8849489999999998
65	2.8849489999999998
66	2.8849489999999998
67	2.8849489999999998
68	2.8849489999999998
69	2.8849489999999998
70	2.8849489999999998
71	2.8849489999999998
72	2.8849489999999998
73	2.8849489999999998
74	2.8849489999999998
75	2.8849489999999998
76	2.8849489999999998
77	2.8848849999999997
78	2.8848849999999997
79	2.8848849999999997
80	2.8848849999999997
81	2.8848849999999997
82	2.8848849999999997
83	2.8848849999999997
84	2.8848849999999997
85	2.8848849999999997
86	2.8848849999999997
87	2.8848849999999997
88	2.8848849999999997
89	2.8848849999999997
90	2.8848849999999997
91	2.8848849999999997
92	2.8848849999999997
93	2.8848849999999997
94	2.8848849999999997
95	2.8842929999999996
96	2.8842929999999996
97	2.8842929999999996
98	2.8842929999999996
99	2.8842929999999996
100	2.8842929999999996
101	2.8842929999999996
102	2.8842929999999996
103	2.8837329999999994
104	2.8837329999999994
105	2.8837329999999994
106	2.8837329999999994
107	2.8837329999999994
108	2.883285
109	2.883285
110	2.883285
111	2.880338
112	2.880338
113	2.880338
114	2.880338
115	2.8798900000000005
116	2.8798900000000005
117	2.8798900000000005
118	2.8798900000000005
119	2.8798900000000005
120	2.8798900000000005
121	2.8798900000000005
122	2.8798900000000005
123	2.8798900000000005
124	2.8798900000000005
125	2.8798900000000005
126	2.8798900000000005
127	2.8798900000000005
128	2.8798900000000005
129	2.8798900000000005
130	2.8798900000000005
131	2.8798900000000005
132	2.8798900000000005
133	2.8798900000000005
134	2.8798900000000005
135	2.8798900000000005
136	2.8798730000000003
137	2.8798730000000003
138	2.8798730000000003
139	2.8798730000000003
140	2.8798730000000003
141	2.8798730000000003
142	2.8798730000000003
143	2.8798730000000003
144	2.8798730000000003
145	2.8798730000000003
146	2.8798730000000003
147	2.8798730000000003
148	2.8798730000000003
149	2.8798730000000003
150	2.8798730000000003
151	2.8798730000000003
152	2.8798730000000003
153	2.8798730000000003
154	2.8798730000000003
155	2.8798730000000003
156	2.8798730000000003
157	2.8798730000000003
158	2.8798730000000003
159	2.8798730000000003
160	2.8798730000000003
161	2.8798730000000003
162	2.8798730000000003
163	2.8798730000000003
164	2.8798730000000003
165	2.8798730000000003
166	2.8798730000000003
167	2.8798730000000003
168	2.8798730000000003
169	2.8798730000000003
170	2.8798730000000003
171	2.8798730000000003
172	2.8798730000000003
173	2.8798730000000003
174	2.8798100000000004
175	2.8798100000000004
176	2.8798100000000004
177	2.8798100000000004
178	2.8798100000000004
179	2.8798100000000004
180	2.8798100000000004
181	2.8798100000000004
182	2.8798100000000004
183	2.8798100000000004
184	2.8798100000000004
185	2.8798100000000004
186	2.8798100000000004
187	2.8798100000000004
188	2.8798100000000004
189	2.8798100000000004
190	2.8798100000000004
191	2.8798100000000004
192	2.8798100000000004
193	2.8798100000000004
194	2.8798100000000004
195	2.8798100000000004
196	2.8798100000000004
197	2.8798100000000004
198	2.8798100000000004
199	2.8798100000000004
200	2.8798100000000004
201	2.8798100000000004
202	2.8798100000000004
203	2.8798100000000004
204	2.8798100000000004
205	2.8798100000000004
206	2.8798100000000004
207	2.8798100000000004
208	2.8798100000000004
209	2.8798100000000004
210	2.8798100000000004
211	2.8798100000000004
212	2.8798100000000004
213	2.8798100000000004
214	2.8798090000000003
215	2.8798090000000003
216	2.8798090000000003
217	2.8798090000000003
218	2.8798090000000003
219	2.8798090000000003
220	2.8798090000000003
221	2.8798090000000003
222	2.8798090000000003
223	2.8798090000000003
224	2.8798090000000003
225	2.8798090000000003
226	2.8798090000000003
227	2.8798090000000003
228	2.8798090000000003
229	2.8798090000000003
230	2.8798090000000003
231	2.8798090000000003
232	2.8798090000000003
233	2.8798090000000003
234	2.8798090000000003
235	2.8798090000000003
236	2.8798090000000003
237	2.8798090000000003
238	2.8798090000000003
239	2.8798090000000003
240	2.8798090000000003
241	2.8798090000000003
242	2.8798090000000003
243	2.8798090000000003
244	2.8798090000000003
245	2.8798090000000003
246	2.8798090000000003
247	2.8798090000000003
248	2.8798090000000003
249	2.8798090000000003
250	2.8798090000000003
251	2.8798090000000003
252	2.8798090000000003
253	2.8798090000000003
254	2.8798090000000003
255	2.8798090000000003
256	2.8798090000000003
257	2.8798090000000003
258	2.8798090000000003
259	2.8798090000000003
260	2.8798090000000003
261	2.8798090000000003
262	2.8798090000000003
263	2.8798090000000003
264	2.8798090000000003
265	2.8798090000000003
266	2.8798090000000003
267	2.8798090000000003
268	2.8798090000000003
269	2.8798090000000003
270	2.8798090000000003
271	2.8798090000000003
272	2.8798090000000003
273	2.8798090000000003
274	2.8798090000000003
275	2.8798090000000003
276	2.8798090000000003
277	2.8798090000000003
278	2.8798090000000003
279	2.8798090000000003
280	2.8798090000000003
281	2.8798090000000003
282	2.8798090000000003
283	2.8798090000000003
284	2.8798090000000003
285	2.8798090000000003
286	2.8798090000000003
287	2.8798090000000003
288	2.8798090000000003
289	2.8798090000000003
290	2.8798090000000003
291	2.8798090000000003
292	2.8798090000000003
293	2.8798090000000003
294	2.8798090000000003
295	2.8798090000000003
296	2.8798090000000003
297	2.8798090000000003
298	2.8798090000000003
299	2.8798090000000003
300	2.8798090000000003
301	2.8798090000000003
302	2.8798090000000003
303	2.8798090000000003
304	2.8798090000000003
305	2.8798090000000003
306	2.8798090000000003
307	2.8798090000000003
308	2.8798090000000003
309	2.8798090000000003
310	2.8798090000000003
311	2.8798090000000003
312	2.8798090000000003
313	2.8798090000000003
314	2.8798090000000003
315	2.8798090000000003
316	2.8798090000000003
317	2.8798090000000003
318	2.8798090000000003
319	2.8798090000000003
320	2.8798090000000003
321	2.8798090000000003
322	2.8798090000000003
323	2.8798090000000003
324	2.8798090000000003
325	2.8798090000000003
326	2.8798090000000003
327	2.8798090000000003
328	2.8798090000000003
329	2.8798090000000003
330	2.8798090000000003
331	2.8798090000000003
332	2.8798090000000003
333	2.8798090000000003
334	2.8798090000000003
335	2.8798090000000003
336	2.8798090000000003
337	2.8798090000000003
338	2.8798090000000003
339	2.8798090000000003
340	2.8798090000000003
341	2.8798090000000003
342	2.8798090000000003
343	2.8798090000000003
344	2.8798090000000003
345	2.8798090000000003
346	2.8798090000000003
347	2.8798090000000003
348	2.8798090000000003
349	2.8798090000000003
350	2.8798090000000003
351	2.8798090000000003
352	2.8798090000000003
353	2.8798090000000003
354	2.8798090000000003
355	2.8798090000000003
356	2.8798090000000003
357	2.8798090000000003
358	2.8798090000000003
359	2.8798090000000003
360	2.8798090000000003
361	2.8798090000000003
362	2.8798090000000003
363	2.8798090000000003
364	2.8798090000000003
365	2.8798090000000003
366	2.8798090000000003
367	2.8798090000000003
368	2.8798090000000003
369	2.8798090000000003
370	2.8798090000000003
371	2.8798090000000003
372	2.8798090000000003
373	2.8798090000000003
374	2.8798090000000003
375	2.8798090000000003
376	2.8798090000000003
377	2.8798090000000003
378	2.8798090000000003
379	2.8798090000000003
380	2.8798090000000003
381	2.8798090000000003
382	2.8798090000000003
383	2.8798090000000003
384	2.8798090000000003
385	2.8798090000000003
386	2.8798090000000003
387	2.8798090000000003
388	2.8798090000000003
389	2.8798090000000003
390	2.8798090000000003
391	2.8798090000000003
392	2.8798090000000003
393	2.8798090000000003
394	2.8798090000000003
395	2.8798090000000003
396	2.8798090000000003
397	2.8798090000000003
398	2.8798090000000003
399	2.8798090000000003
400	2.8798090000000003
401	2.8798090000000003
402	2.8798090000000003
403	2.8798090000000003
404	2.8798090000000003
405	2.8798090000000003
406	2.8798090000000003
407	2.8798090000000003
408	2.8798090000000003
409	2.8798090000000003
410	2.8798090000000003
411	2.8798090000000003
412	2.8798090000000003
413	2.8798090000000003
414	2.8798090000000003
415	2.8798090000000003
416	2.8798090000000003
417	2.8798090000000003
418	2.8798090000000003
419	2.8798090000000003
420	2.8798090000000003
421	2.8798090000000003
422	2.8798090000000003
423	2.8798090000000003
424	2.8798090000000003
425	2.8798090000000003
426	2.8798090000000003
427	2.8798090000000003
428	2.8798090000000003
429	2.8798090000000003
430	2.8798090000000003
431	2.8798090000000003
432	2.8798090000000003
433	2.8798090000000003
434	2.8798090000000003
435	2.8798090000000003
436	2.8798090000000003
437	2.8798090000000003
438	2.8798090000000003
439	2.8798090000000003
440	2.8798090000000003
441	2.8798090000000003
442	2.8798090000000003
443	2.8798090000000003
444	2.8798090000000003
445	2.8798090000000003
446	2.8798090000000003
447	2.8798090000000003
448	2.8798090000000003
449	2.8798090000000003
450	2.8798090000000003
451	2.8798090000000003
452	2.8798090000000003
453	2.8798090000000003
454	2.8798090000000003
455	2.8798090000000003
456	2.8798090000000003
457	2.8798090000000003
458	2.8798090000000003
459	2.8798090000000003
460	2.8798090000000003
461	2.8798090000000003
462	2.8798090000000003
463	2.8798090000000003
464	2.8798090000000003
465	2.8798090000000003
466	2.8798090000000003
467	2.8798090000000003
468	2.8798090000000003
469	2.8798090000000003
470	2.8798090000000003
471	2.8798090000000003
472	2.8798090000000003
473	2.8798090000000003
474	2.8798090000000003
475	2.8798090000000003
476	2.8798090000000003
477	2.8798090000000003
478	2.8798090000000003
479	2.8798090000000003
480	2.8798090000000003
481	2.8798090000000003
482	2.8798090000000003
483	2.8798090000000003
484	2.8798090000000003
485	2.8798090000000003
486	2.8798090000000003
487	2.8798090000000003
488	2.8798090000000003
489	2.8798090000000003
490	2.8798090000000003
491	2.8798090000000003
492	2.8798090000000003
493	2.8798090000000003
494	2.8798090000000003
495	2.8798090000000003
496	2.8798090000000003
497	2.8798090000000003
498	2.8798090000000003
499	2.8798090000000003
500	2.8798090000000003
501	2.8798090000000003
502	2.8798090000000003
503	2.8798090000000003
504	2.8798090000000003
505	2.8798090000000003
506	2.8798090000000003
507	2.8798090000000003
508	2.8798090000000003
509	2.8798090000000003
510	2.8798090000000003
511	2.8798090000000003
512	2.8798090000000003
513	2.8798090000000003
514	2.8798090000000003
515	2.8798090000000003
516	2.8798090000000003
517	2.8798090000000003
518	2.8798090000000003
519	2.8798090000000003
520	2.8798090000000003
521	2.8798090000000003
522	2.8798090000000003
523	2.8798090000000003
524	2.8798090000000003
525	2.8798090000000003
526	2.8798090000000003
527	2.8798090000000003
528	2.8798090000000003
529	2.8798090000000003
530	2.8798090000000003
531	2.8798090000000003
532	2.8798090000000003
533	2.8798090000000003
534	2.8798090000000003
535	2.8798090000000003
536	2.8798090000000003
537	2.8798090000000003
538	2.8798090000000003
539	2.8798090000000003
540	2.8798090000000003
541	2.8798090000000003
542	2.8798090000000003
543	2.8798090000000003
544	2.8798090000000003
545	2.8798090000000003
546	2.8798090000000003
547	2.8798090000000003
548	2.8798090000000003
549	2.8798090000000003
550	2.8798090000000003
551	2.8798090000000003
552	2.8798090000000003
553	2.8798090000000003
554	2.8798090000000003
555	2.8798090000000003
556	2.8798090000000003
557	2.8798090000000003
558	2.8798090000000003
559	2.8798090000000003
560	2.8798090000000003
561	2.8798090000000003
562	2.8798090000000003
563	2.8798090000000003
564	2.8798090000000003
565	2.8798090000000003
566	2.8798090000000003
567	2.8798090000000003
568	2.8798090000000003
569	2.8798090000000003
570	2.8798090000000003
571	2.8798090000000003
572	2.8798090000000003
573	2.8798090000000003
574	2.8798090000000003
575	2.8798090000000003
576	2.8798090000000003
577	2.8798090000000003
578	2.8798090000000003
579	2.8798090000000003
580	2.8798090000000003
581	2.8798090000000003
582	2.8798090000000003
583	2.8798090000000003
584	2.8798090000000003
585	2.8798090000000003
586	2.8798090000000003
587	2.8798090000000003
588	2.8798090000000003
589	2.8798090000000003
590	2.8798090000000003
591	2.8798090000000003
592	2.8798090000000003
593	2.8798090000000003
594	2.8798090000000003
595	2.8798090000000003
596	2.8798090000000003
597	2.8798090000000003
598	2.8798090000000003
599	2.8798090000000003
600	2.8798090000000003
601	2.8798090000000003
602	2.8798090000000003
603	2.8798090000000003
604	2.8798090000000003
605	2.8798090000000003
606	2.8798090000000003
607	2.8798090000000003
608	2.8798090000000003
609	2.8798090000000003
610	2.8798090000000003
611	2.8798090000000003
612	2.8798090000000003
613	2.8798090000000003
614	2.8798090000000003
615	2.8798090000000003
616	2.8798090000000003
617	2.8798090000000003
618	2.8798090000000003
619	2.8798090000000003
620	2.8798090000000003
621	2.8798090000000003
622	2.8798090000000003
623	2.8798090000000003
624	2.8798090000000003
625	2.8798090000000003
626	2.8798090000000003
627	2.8798090000000003
628	2.8798090000000003
629	2.8798090000000003
630	2.8798090000000003
631	2.8798090000000003
632	2.8798090000000003
633	2.8798090000000003
634	2.8798090000000003
635	2.8798090000000003
636	2.8798090000000003
637	2.8798090000000003
638	2.8798090000000003
639	2.8798090000000003
640	2.8798090000000003
641	2.8798090000000003
642	2.8798090000000003
643	2.8798090000000003
644	2.8798090000000003
645	2.8798090000000003
646	2.8798090000000003
647	2.8798090000000003
648	2.8798090000000003
649	2.8798090000000003
650	2.8798090000000003
651	2.8798090000000003
652	2.8798090000000003
653	2.8798090000000003
654	2.8798090000000003
655	2.8798090000000003
656	2.8798090000000003
657	2.8798090000000003
658	2.8798090000000003
659	2.8798090000000003
660	2.8798090000000003
661	2.8798090000000003
662	2.8798090000000003
663	2.8798090000000003
664	2.8798090000000003
665	2.8798090000000003
666	2.8798090000000003
667	2.8798090000000003
668	2.8798090000000003
669	2.8798090000000003
670	2.8798090000000003
671	2.8798090000000003
672	2.8798090000000003
673	2.8798090000000003
674	2.8798090000000003
675	2.8798090000000003
676	2.8798090000000003
677	2.8798090000000003
678	2.8798090000000003
679	2.8798090000000003
680	2.8798090000000003
681	2.8798090000000003
682	2.8798090000000003
683	2.8798090000000003
684	2.8798090000000003
685	2.8798090000000003
686	2.8798090000000003
687	2.8798090000000003
688	2.8798090000000003
689	2.8798090000000003
690	2.8798090000000003
691	2.8798090000000003
692	2.8798090000000003
693	2.8798090000000003
694	2.8798090000000003
695	2.8798090000000003
696	2.8798090000000003
697	2.8798090000000003
698	2.8798090000000003
699	2.8798090000000003
700	2.8798090000000003
701	2.8798090000000003
702	2.8798090000000003
703	2.8798090000000003
704	2.8798090000000003
705	2.8798090000000003
706	2.8798090000000003
707	2.8798090000000003
708	2.8798090000000003
709	2.8798090000000003
710	2.8798090000000003
711	2.8798090000000003
712	2.8798090000000003
713	2.8798090000000003
714	2.8798090000000003
715	2.8798090000000003
716	2.8798090000000003
717	2.8798090000000003
718	2.8798090000000003
719	2.8798090000000003
720	2.8798090000000003
721	2.8798090000000003
722	2.8798090000000003
723	2.8798090000000003
724	2.8798090000000003
725	2.8798090000000003
726	2.8798090000000003
727	2.8798090000000003
728	2.8798090000000003
729	2.8798090000000003
730	2.8798090000000003
731	2.8798090000000003
732	2.8798090000000003
733	2.8798090000000003
734	2.8798090000000003
735	2.8798090000000003
736	2.8798090000000003
737	2.8798090000000003
738	2.8798090000000003
739	2.8798090000000003
740	2.8798090000000003
741	2.8798090000000003
742	2.8798090000000003
743	2.8798090000000003
744	2.8798090000000003
745	2.8798090000000003
746	2.8798090000000003
747	2.8798090000000003
748	2.8798090000000003
749	2.8798090000000003
750	2.8798090000000003
751	2.8798090000000003
752	2.8798090000000003
753	2.8798090000000003
754	2.8798090000000003
755	2.8798090000000003
756	2.8798090000000003
757	2.8798090000000003
758	2.8798090000000003
759	2.8798090000000003
760	2.8798090000000003
761	2.8798090000000003
762	2.8798090000000003
763	2.8798090000000003
764	2.8798090000000003
765	2.8798090000000003
766	2.8798090000000003
767	2.8798090000000003
768	2.8798090000000003
769	2.8798090000000003
770	2.8798090000000003
771	2.8798090000000003
772	2.8798090000000003
773	2.8798090000000003
774	2.8798090000000003
775	2.8798090000000003
776	2.8798090000000003
777	2.8798090000000003
778	2.8798090000000003
779	2.8798090000000003
780	2.8798090000000003
781	2.8798090000000003
782	2.8798090000000003
783	2.8798090000000003
784	2.8798090000000003
785	2.8798090000000003
786	2.8798090000000003
787	2.8798090000000003
788	2.8798090000000003
789	2.8798090000000003
790	2.8798090000000003
791	2.8798090000000003
792	2.8798090000000003
793	2.8798090000000003
794	2.8798090000000003
795	2.8798090000000003
796	2.8798090000000003
797	2.8798090000000003
798	2.8798090000000003
799	2.8798090000000003
800	2.8798090000000003
801	2.8798090000000003
802	2.8798090000000003
803	2.8798090000000003
804	2.8798090000000003
805	2.8798090000000003
806	2.8798090000000003
807	2.8798090000000003
808	2.8798090000000003
809	2.8798090000000003
810	2.8798090000000003
811	2.8798090000000003
812	2.8798090000000003
813	2.8798090000000003
814	2.8798090000000003
815	2.8798090000000003
816	2.8798090000000003
817	2.8798090000000003
818	2.8798090000000003
819	2.8798090000000003
820	2.8798090000000003
821	2.8798090000000003
822	2.8798090000000003
823	2.8798090000000003
824	2.8798090000000003
825	2.8798090000000003
826	2.8798090000000003
827	2.8798090000000003
828	2.8798090000000003
829	2.8798090000000003
830	2.8798090000000003
831	2.8798090000000003
832	2.8798090000000003
833	2.8798090000000003
834	2.8798090000000003
835	2.8798090000000003
836	2.8798090000000003
837	2.8798090000000003
838	2.8798090000000003
839	2.8798090000000003
840	2.8798090000000003
841	2.8798090000000003
842	2.8798090000000003
843	2.8798090000000003
844	2.8798090000000003
845	2.8798090000000003
846	2.8798090000000003
847	2.8798090000000003
848	2.8798090000000003
849	2.8798090000000003
850	2.8798090000000003
851	2.8798090000000003
852	2.8798090000000003
853	2.8798090000000003
854	2.8798090000000003
855	2.8798090000000003
856	2.8798090000000003
857	2.8798090000000003
858	2.8798090000000003
859	2.8798090000000003
860	2.8798090000000003
861	2.8798090000000003
862	2.8798090000000003
863	2.8798090000000003
864	2.8798090000000003
865	2.8798090000000003
866	2.8798090000000003
867	2.8798090000000003
868	2.8798090000000003
869	2.8798090000000003
870	2.8798090000000003
871	2.8798090000000003
872	2.8798090000000003
873	2.8798090000000003
874	2.8798090000000003
875	2.8798090000000003
876	2.8798090000000003
877	2.8798090000000003
878	2.8798090000000003
879	2.8798090000000003
880	2.8798090000000003
881	2.8798090000000003
882	2.8798090000000003
883	2.8798090000000003
884	2.8798090000000003
885	2.8798090000000003
886	2.8798090000000003
887	2.8798090000000003
888	2.8798090000000003
889	2.8798090000000003
890	2.8798090000000003
891	2.8798090000000003
892	2.8798090000000003
893	2.8798090000000003
894	2.8798090000000003
895	2.8798090000000003
896	2.8798090000000003
897	2.8798090000000003
898	2.8798090000000003
899	2.8798090000000003
900	2.8798090000000003
901	2.8798090000000003
902	2.8798090000000003
903	2.8798090000000003
904	2.8798090000000003
905	2.8798090000000003
906	2.8798090000000003
907	2.8798090000000003
908	2.8798090000000003
909	2.8798090000000003
910	2.8798090000000003
911	2.8798090000000003
912	2.8798090000000003
913	2.8798090000000003
914	2.8798090000000003
915	2.8798090000000003
916	2.8798090000000003
917	2.8798090000000003
918	2.8798090000000003
919	2.8798090000000003
920	2.8798090000000003
921	2.8798090000000003
922	2.8798090000000003
923	2.8798090000000003
924	2.8798090000000003
925	2.8798090000000003
926	2.8798090000000003
927	2.8798090000000003
928	2.8798090000000003
929	2.8798090000000003
930	2.8798090000000003
931	2.8798090000000003
932	2.8798090000000003
933	2.8798090000000003
934	2.8798090000000003
935	2.8798090000000003
936	2.8798090000000003
937	2.8798090000000003
938	2.8798090000000003
939	2.8798090000000003
940	2.8798090000000003
941	2.8798090000000003
942	2.8798090000000003
943	2.8798090000000003
944	2.8798090000000003
945	2.8798090000000003
946	2.8798090000000003
947	2.8798090000000003
948	2.8798090000000003
949	2.8798090000000003
950	2.8798090000000003
951	2.8798090000000003
952	2.8798090000000003
953	2.8798090000000003
954	2.8798090000000003
955	2.8798090000000003
956	2.8798090000000003
957	2.8798090000000003
958	2.8798090000000003
959	2.8798090000000003
960	2.8798090000000003
961	2.8798090000000003
962	2.8798090000000003
963	2.8798090000000003
964	2.8798090000000003
965	2.8798090000000003
966	2.8798090000000003
967	2.8798090000000003
968	2.8798090000000003
969	2.8798090000000003
970	2.8798090000000003
971	2.8798090000000003
972	2.8798090000000003
973	2.8798090000000003
974	2.8798090000000003
975	2.8798090000000003
976	2.8798090000000003
977	2.8798090000000003
978	2.8798090000000003
979	2.8798090000000003
980	2.8798090000000003
981	2.8798090000000003
982	2.8798090000000003
983	2.8798090000000003
984	2.8798090000000003
985	2.8798090000000003
986	2.8798090000000003
987	2.8798090000000003
988	2.8798090000000003
989	2.8798090000000003
990	2.8798090000000003
991	2.8798090000000003
992	2.8798090000000003
993	2.8798090000000003
994	2.8798090000000003
995	2.8798090000000003
996	2.8798090000000003
997	2.8798090000000003
998	2.8798090000000003
999	2.8798090000000003
1000	2.8798090000000003
minimum found: [0.0, 0.0, -1.697], 2.8798090000000003

