MINIMIZING PARABOLA (1000 gens, gray)
PARABOLA
1000
gray
Gen #	minima
1	1070.491881
2	273.544865
3	273.544865
4	273.544865
5	103.009874
6	103.009874
7	97.041665
8	95.599544
9	92.35113100000001
10	69.326861
11	69.326861
12	69.326861
13	69.326861
14	69.326861
15	67.97981300000001
16	65.877588
17	65.30368200000001
18	65.290065
19	65.05888200000001
20	65.05888200000001
21	65.05888200000001
22	65.05888200000001
23	65.05888200000001
24	65.05888200000001
25	64.920372
26	64.920372
27	64.920372
28	64.920372
29	64.920372
30	64.920372
31	64.920372
32	47.01828499999999
33	47.004117
34	47.004117
35	47.004117
36	46.950419999999994
37	46.949985000000005
38	46.949985000000005
39	46.03242
40	46.03242
41	46.03242
42	46.03242
43	46.03242
44	39.454612999999995
45	39.39989
46	39.39989
47	39.053082
48	39.053082
49	39.051731000000004
50	39.016017000000005
51	34.072334
52	8.244266
53	8.226634
54	7.605715000000001
55	7.432300999999999
56	7.432300999999999
57	7.4160200000000005
58	7.302556999999999
59	7.302556999999999
60	7.302556999999999
61	7.302556999999999
62	7.285069000000001
63	7.259564999999999
64	7.259564999999999
65	7.259564999999999
66	7.259564999999999
67	7.259564999999999
68	7.259564999999999
69	7.259564999999999
70	6.939669000000001
71	6.923940000000001
72	6.923940000000001
73	6.923940000000001
74	6.923940000000001
75	6.923940000000001
76	6.793565000000001
77	6.793565000000001
78	6.793565000000001
79	5.994810000000001
80	5.994810000000001
81	5.988765000000001
82	5.946714000000001
83	5.946531000000001
84	5.946531000000001
85	5.946531000000001
86	5.944413000000001
87	5.944413000000001
88	5.941845000000001
89	5.941845000000001
90	5.941845000000001
91	5.941845000000001
92	5.941845000000001
93	5.941845000000001
94	5.941845000000001
95	5.936678000000001
96	5.936678000000001
97	5.936625000000001
98	5.936390000000001
99	5.936390000000001
100	5.936390000000001
101	5.936390000000001
102	5.936390000000001
103	5.928744
104	5.928744
105	5.928744
106	5.926973
107	5.926973
108	5.921748
109	5.921748
110	5.921748
111	5.921748
112	5.921748
113	5.921748
114	5.921265
115	5.921265
116	5.921226
117	5.921226
118	5.921226
119	5.921226
120	5.9168460000000005
121	5.9168460000000005
122	5.915181
123	5.910374000000001
124	5.8763890000000005
125	5.8763890000000005
126	5.794262000000001
127	5.641067
128	5.603238
129	5.603238
130	1.9131310000000001
131	1.9131310000000001
132	1.9131310000000001
133	1.9131310000000001
134	1.9131310000000001
135	1.9131310000000001
136	1.9131310000000001
137	1.9131310000000001
138	1.8255899999999998
139	1.8255569999999999
140	1.825451
141	1.825451
142	0.788933
143	0.788933
144	0.788933
145	0.788933
146	0.788933
147	0.788933
148	0.788933
149	0.788897
150	0.788897
151	0.788897
152	0.788897
153	0.788897
154	0.788897
155	0.788897
156	0.788897
157	0.788897
158	0.788897
159	0.788897
160	0.788897
161	0.788897
162	0.788897
163	0.788897
164	0.788897
165	0.788897
166	0.3401779999999999
167	0.3401779999999999
168	0.3401779999999999
169	0.3401779999999999
170	0.33995299999999995
171	0.33995299999999995
172	0.33206499999999994
173	0.33206499999999994
174	0.33189699999999994
175	0.33183999999999997
176	0.014521
177	0.014464
178	0.014464
179	0.014464
180	0.014464
181	0.014464
182	0.014464
183	0.014464
184	0.014464
185	0.014464
186	0.005104999999999999
187	0.005104999999999999
188	0.005104999999999999
189	0.005104999999999999
190	0.005104999999999999
191	0.005104999999999999
192	0.000128
193	0.000128
194	0.000128
195	0.000128
196	0.00011300000000000001
197	8.9e-05
198	8.9e-05
199	8.9e-05
200	8.9e-05
201	8.9e-05
202	8.9e-05
203	6.5e-05
204	6.5e-05
205	6.5e-05
206	6.5e-05
207	6.5e-05
208	6.5e-05
209	6.5e-05
210	6.5e-05
211	6.5e-05
212	6.5e-05
213	6.5e-05
214	6.5e-05
215	6.4e-05
216	6.4e-05
217	6.4e-05
218	6.4e-05
219	6.4e-05
220	6.4e-05
221	6.4e-05
222	6.4e-05
223	6.4e-05
224	6.4e-05
225	6.4e-05
226	6.4e-05
227	6.4e-05
228	6.4e-05
229	6.4e-05
230	6.4e-05
231	6.4e-05
232	6.4e-05
233	6.4e-05
234	6.4e-05
235	6.4e-05
236	6.4e-05
237	6.4e-05
238	6.4e-05
239	6.4e-05
240	6.4e-05
241	6.4e-05
242	6.4e-05
243	6.4e-05
244	6.4e-05
245	6.4e-05
246	6.4e-05
247	6.4e-05
248	6.4e-05
249	6.4e-05
250	6.4e-05
251	6.4e-05
252	6.4e-05
253	6.4e-05
254	6.4e-05
255	6.4e-05
256	6.4e-05
257	6.4e-05
258	6.4e-05
259	6.4e-05
260	6.4e-05
261	4.9000000000000005e-05
262	4.9000000000000005e-05
263	4.9000000000000005e-05
264	4.9000000000000005e-05
265	4.9000000000000005e-05
266	4.9000000000000005e-05
267	4.9000000000000005e-05
268	4.9000000000000005e-05
269	4.9000000000000005e-05
270	4.9000000000000005e-05
271	4.9000000000000005e-05
272	4.9000000000000005e-05
273	4.9000000000000005e-05
274	4.9000000000000005e-05
275	4.9000000000000005e-05
276	4.9000000000000005e-05
277	4.9000000000000005e-05
278	4.9000000000000005e-05
279	4.9000000000000005e-05
280	4.9000000000000005e-05
281	4.9000000000000005e-05
282	4.9000000000000005e-05
283	4.9000000000000005e-05
284	4.9000000000000005e-05
285	4.9000000000000005e-05
286	4.9000000000000005e-05
287	4.9000000000000005e-05
288	4.9000000000000005e-05
289	4.9000000000000005e-05
290	4.9000000000000005e-05
291	4.9000000000000005e-05
292	4.9000000000000005e-05
293	4.9000000000000005e-05
294	4.9000000000000005e-05
295	4.9000000000000005e-05
296	4.9000000000000005e-05
297	4.9000000000000005e-05
298	4.9000000000000005e-05
299	4.9000000000000005e-05
300	4.9000000000000005e-05
301	4.9000000000000005e-05
302	4.9000000000000005e-05
303	4.9000000000000005e-05
304	4.9000000000000005e-05
305	4.9000000000000005e-05
306	4.9000000000000005e-05
307	4.9000000000000005e-05
308	4.9000000000000005e-05
309	4.9000000000000005e-05
310	4.9000000000000005e-05
311	4.9000000000000005e-05
312	4.9000000000000005e-05
313	4.9000000000000005e-05
314	4.9000000000000005e-05
315	4.9000000000000005e-05
316	4.9000000000000005e-05
317	4.9000000000000005e-05
318	4.9000000000000005e-05
319	4.9000000000000005e-05
320	4.9000000000000005e-05
321	4.9000000000000005e-05
322	4.9000000000000005e-05
323	4.9000000000000005e-05
324	4.9000000000000005e-05
325	4.9000000000000005e-05
326	4.9000000000000005e-05
327	4.9000000000000005e-05
328	4.9000000000000005e-05
329	4.9000000000000005e-05
330	4.9000000000000005e-05
331	4.9000000000000005e-05
332	4.9000000000000005e-05
333	4.9000000000000005e-05
334	4.9000000000000005e-05
335	4.9000000000000005e-05
336	4.9000000000000005e-05
337	4.9000000000000005e-05
338	4.9000000000000005e-05
339	4.9000000000000005e-05
340	4.9000000000000005e-05
341	4.9000000000000005e-05
342	4.9000000000000005e-05
343	4.9000000000000005e-05
344	4.9000000000000005e-05
345	4.9000000000000005e-05
346	4.9000000000000005e-05
347	4.9000000000000005e-05
348	4.9000000000000005e-05
349	4.9000000000000005e-05
350	4.9000000000000005e-05
351	4.9000000000000005e-05
352	4.9000000000000005e-05
353	4.9000000000000005e-05
354	4.9000000000000005e-05
355	4.9000000000000005e-05
356	4.9000000000000005e-05
357	4.9000000000000005e-05
358	4.9000000000000005e-05
359	4.9000000000000005e-05
360	4.9000000000000005e-05
361	4.9000000000000005e-05
362	4.9000000000000005e-05
363	4.9000000000000005e-05
364	4.9000000000000005e-05
365	4.9000000000000005e-05
366	4.9000000000000005e-05
367	4.9000000000000005e-05
368	4.9000000000000005e-05
369	4.9000000000000005e-05
370	4.9000000000000005e-05
371	4.9000000000000005e-05
372	4.9000000000000005e-05
373	4.9000000000000005e-05
374	4.9000000000000005e-05
375	4.9000000000000005e-05
376	4.9000000000000005e-05
377	4.9000000000000005e-05
378	4.9000000000000005e-05
379	4.9000000000000005e-05
380	4.9000000000000005e-05
381	4.9000000000000005e-05
382	4.9000000000000005e-05
383	4.9000000000000005e-05
384	3.6e-05
385	3.6e-05
386	3.6e-05
387	3.6e-05
388	3.6e-05
389	3.6e-05
390	3.6e-05
391	3.6e-05
392	3.6e-05
393	3.6e-05
394	3.6e-05
395	1e-06
396	1e-06
397	1e-06
398	1e-06
399	1e-06
400	1e-06
401	1e-06
402	1e-06
403	1e-06
404	1e-06
405	1e-06
406	1e-06
407	1e-06
408	1e-06
409	1e-06
410	1e-06
411	1e-06
412	1e-06
413	1e-06
414	1e-06
415	1e-06
416	1e-06
417	1e-06
418	1e-06
419	1e-06
420	1e-06
421	0.0
422	0.0
423	0.0
424	0.0
425	0.0
426	0.0
427	0.0
428	0.0
429	0.0
430	0.0
431	0.0
432	0.0
433	0.0
434	0.0
435	0.0
436	0.0
437	0.0
438	0.0
439	0.0
440	0.0
441	0.0
442	0.0
443	0.0
444	0.0
445	0.0
446	0.0
447	0.0
448	0.0
449	0.0
450	0.0
451	0.0
452	0.0
453	0.0
454	0.0
455	0.0
456	0.0
457	0.0
458	0.0
459	0.0
460	0.0
461	0.0
462	0.0
463	0.0
464	0.0
465	0.0
466	0.0
467	0.0
468	0.0
469	0.0
470	0.0
471	0.0
472	0.0
473	0.0
474	0.0
475	0.0
476	0.0
477	0.0
478	0.0
479	0.0
480	0.0
481	0.0
482	0.0
483	0.0
484	0.0
485	0.0
486	0.0
487	0.0
488	0.0
489	0.0
490	0.0
491	0.0
492	0.0
493	0.0
494	0.0
495	0.0
496	0.0
497	0.0
498	0.0
499	0.0
500	0.0
501	0.0
502	0.0
503	0.0
504	0.0
505	0.0
506	0.0
507	0.0
508	0.0
509	0.0
510	0.0
511	0.0
512	0.0
513	0.0
514	0.0
515	0.0
516	0.0
517	0.0
518	0.0
519	0.0
520	0.0
521	0.0
522	0.0
523	0.0
524	0.0
525	0.0
526	0.0
527	0.0
528	0.0
529	0.0
530	0.0
531	0.0
532	0.0
533	0.0
534	0.0
535	0.0
536	0.0
537	0.0
538	0.0
539	0.0
540	0.0
541	0.0
542	0.0
543	0.0
544	0.0
545	0.0
546	0.0
547	0.0
548	0.0
549	0.0
550	0.0
551	0.0
552	0.0
553	0.0
554	0.0
555	0.0
556	0.0
557	0.0
558	0.0
559	0.0
560	0.0
561	0.0
562	0.0
563	0.0
564	0.0
565	0.0
566	0.0
567	0.0
568	0.0
569	0.0
570	0.0
571	0.0
572	0.0
573	0.0
574	0.0
575	0.0
576	0.0
577	0.0
578	0.0
579	0.0
580	0.0
581	0.0
582	0.0
583	0.0
584	0.0
585	0.0
586	0.0
587	0.0
588	0.0
589	0.0
590	0.0
591	0.0
592	0.0
593	0.0
594	0.0
595	0.0
596	0.0
597	0.0
598	0.0
599	0.0
600	0.0
601	0.0
602	0.0
603	0.0
604	0.0
605	0.0
606	0.0
607	0.0
608	0.0
609	0.0
610	0.0
611	0.0
612	0.0
613	0.0
614	0.0
615	0.0
616	0.0
617	0.0
618	0.0
619	0.0
620	0.0
621	0.0
622	0.0
623	0.0
624	0.0
625	0.0
626	0.0
627	0.0
628	0.0
629	0.0
630	0.0
631	0.0
632	0.0
633	0.0
634	0.0
635	0.0
636	0.0
637	0.0
638	0.0
639	0.0
640	0.0
641	0.0
642	0.0
643	0.0
644	0.0
645	0.0
646	0.0
647	0.0
648	0.0
649	0.0
650	0.0
651	0.0
652	0.0
653	0.0
654	0.0
655	0.0
656	0.0
657	0.0
658	0.0
659	0.0
660	0.0
661	0.0
662	0.0
663	0.0
664	0.0
665	0.0
666	0.0
667	0.0
668	0.0
669	0.0
670	0.0
671	0.0
672	0.0
673	0.0
674	0.0
675	0.0
676	0.0
677	0.0
678	0.0
679	0.0
680	0.0
681	0.0
682	0.0
683	0.0
684	0.0
685	0.0
686	0.0
687	0.0
688	0.0
689	0.0
690	0.0
691	0.0
692	0.0
693	0.0
694	0.0
695	0.0
696	0.0
697	0.0
698	0.0
699	0.0
700	0.0
701	0.0
702	0.0
703	0.0
704	0.0
705	0.0
706	0.0
707	0.0
708	0.0
709	0.0
710	0.0
711	0.0
712	0.0
713	0.0
714	0.0
715	0.0
716	0.0
717	0.0
718	0.0
719	0.0
720	0.0
721	0.0
722	0.0
723	0.0
724	0.0
725	0.0
726	0.0
727	0.0
728	0.0
729	0.0
730	0.0
731	0.0
732	0.0
733	0.0
734	0.0
735	0.0
736	0.0
737	0.0
738	0.0
739	0.0
740	0.0
741	0.0
742	0.0
743	0.0
744	0.0
745	0.0
746	0.0
747	0.0
748	0.0
749	0.0
750	0.0
751	0.0
752	0.0
753	0.0
754	0.0
755	0.0
756	0.0
757	0.0
758	0.0
759	0.0
760	0.0
761	0.0
762	0.0
763	0.0
764	0.0
765	0.0
766	0.0
767	0.0
768	0.0
769	0.0
770	0.0
771	0.0
772	0.0
773	0.0
774	0.0
775	0.0
776	0.0
777	0.0
778	0.0
779	0.0
780	0.0
781	0.0
782	0.0
783	0.0
784	0.0
785	0.0
786	0.0
787	0.0
788	0.0
789	0.0
790	0.0
791	0.0
792	0.0
793	0.0
794	0.0
795	0.0
796	0.0
797	0.0
798	0.0
799	0.0
800	0.0
801	0.0
802	0.0
803	0.0
804	0.0
805	0.0
806	0.0
807	0.0
808	0.0
809	0.0
810	0.0
811	0.0
812	0.0
813	0.0
814	0.0
815	0.0
816	0.0
817	0.0
818	0.0
819	0.0
820	0.0
821	0.0
822	0.0
823	0.0
824	0.0
825	0.0
826	0.0
827	0.0
828	0.0
829	0.0
830	0.0
831	0.0
832	0.0
833	0.0
834	0.0
835	0.0
836	0.0
837	0.0
838	0.0
839	0.0
840	0.0
841	0.0
842	0.0
843	0.0
844	0.0
845	0.0
846	0.0
847	0.0
848	0.0
849	0.0
850	0.0
851	0.0
852	0.0
853	0.0
854	0.0
855	0.0
856	0.0
857	0.0
858	0.0
859	0.0
860	0.0
861	0.0
862	0.0
863	0.0
864	0.0
865	0.0
866	0.0
867	0.0
868	0.0
869	0.0
870	0.0
871	0.0
872	0.0
873	0.0
874	0.0
875	0.0
876	0.0
877	0.0
878	0.0
879	0.0
880	0.0
881	0.0
882	0.0
883	0.0
884	0.0
885	0.0
886	0.0
887	0.0
888	0.0
889	0.0
890	0.0
891	0.0
892	0.0
893	0.0
894	0.0
895	0.0
896	0.0
897	0.0
898	0.0
899	0.0
900	0.0
901	0.0
902	0.0
903	0.0
904	0.0
905	0.0
906	0.0
907	0.0
908	0.0
909	0.0
910	0.0
911	0.0
912	0.0
913	0.0
914	0.0
915	0.0
916	0.0
917	0.0
918	0.0
919	0.0
920	0.0
921	0.0
922	0.0
923	0.0
924	0.0
925	0.0
926	0.0
927	0.0
928	0.0
929	0.0
930	0.0
931	0.0
932	0.0
933	0.0
934	0.0
935	0.0
936	0.0
937	0.0
938	0.0
939	0.0
940	0.0
941	0.0
942	0.0
943	0.0
944	0.0
945	0.0
946	0.0
947	0.0
948	0.0
949	0.0
950	0.0
951	0.0
952	0.0
953	0.0
954	0.0
955	0.0
956	0.0
957	0.0
958	0.0
959	0.0
960	0.0
961	0.0
962	0.0
963	0.0
964	0.0
965	0.0
966	0.0
967	0.0
968	0.0
969	0.0
970	0.0
971	0.0
972	0.0
973	0.0
974	0.0
975	0.0
976	0.0
977	0.0
978	0.0
979	0.0
980	0.0
981	0.0
982	0.0
983	0.0
984	0.0
985	0.0
986	0.0
987	0.0
988	0.0
989	0.0
990	0.0
991	0.0
992	0.0
993	0.0
994	0.0
995	0.0
996	0.0
997	0.0
998	0.0
999	0.0
1000	0.0
minimum found: [0.0, 0.0, 0.0], 0.0

