MINIMIZING PARABOLA (1000 gens, gray)
PARABOLA
1000
gray
Gen #	minima
1	2410.4097659999998
2	497.335594
3	345.56980599999997
4	151.509644
5	151.509644
6	146.893662
7	94.27615700000001
8	60.917722
9	60.917722
10	12.119696000000001
11	12.119696000000001
12	11.219739
13	11.219739
14	4.665738
15	1.546366
16	1.546366
17	1.546366
18	1.546366
19	1.4840419999999999
20	1.4840419999999999
21	1.4840419999999999
22	1.401035
23	1.401035
24	1.213137
25	0.654962
26	0.654962
27	0.333701
28	0.333701
29	0.328836
30	0.32406900000000005
31	0.32406900000000005
32	0.274537
33	0.274537
34	0.19085400000000002
35	0.19085400000000002
36	0.19085400000000002
37	0.160229
38	0.160229
39	0.131598
40	0.092304
41	0.092304
42	0.092042
43	0.092042
44	0.092042
45	0.092042
46	0.092042
47	0.085477
48	0.085477
49	0.085477
50	0.085384
51	0.034379
52	0.034379
53	0.034379
54	0.034379
55	0.034379
56	0.034379
57	0.034379
58	0.011758
59	0.011758
60	0.011758
61	0.011758
62	0.0033729999999999997
63	0.0033729999999999997
64	0.0033729999999999997
65	0.0033729999999999997
66	0.0033729999999999997
67	0.0032179999999999995
68	0.0032179999999999995
69	0.0032179999999999995
70	0.00245
71	0.00245
72	0.00245
73	0.00245
74	0.00245
75	0.00245
76	0.00245
77	0.00245
78	0.00245
79	0.00245
80	0.00245
81	0.00245
82	0.00245
83	0.00245
84	0.00245
85	0.00245
86	0.00245
87	0.00245
88	0.00245
89	0.00245
90	0.00245
91	0.00245
92	0.00245
93	0.00245
94	0.00245
95	0.001469
96	0.001469
97	0.001469
98	0.001469
99	0.0014060000000000001
100	0.0014060000000000001
101	0.0014060000000000001
102	0.0014060000000000001
103	0.0014060000000000001
104	0.0014060000000000001
105	0.0014060000000000001
106	0.0014060000000000001
107	0.0014060000000000001
108	0.0014060000000000001
109	0.0014060000000000001
110	0.0014060000000000001
111	0.0010210000000000002
112	0.0010210000000000002
113	0.0010210000000000002
114	0.0010210000000000002
115	0.000701
116	0.000701
117	0.000701
118	0.000701
119	0.000701
120	0.000701
121	0.000701
122	0.0004940000000000001
123	0.0004910000000000001
124	0.0004910000000000001
125	0.0004910000000000001
126	0.0004910000000000001
127	0.0004910000000000001
128	0.0004910000000000001
129	0.000453
130	0.000453
131	0.000453
132	0.000453
133	0.00045000000000000004
134	0.00045000000000000004
135	0.000449
136	0.000449
137	0.000449
138	0.000411
139	0.000411
140	0.000411
141	0.000411
142	0.000411
143	0.00041
144	0.00041
145	0.00041
146	0.00041
147	0.00041
148	0.00041
149	0.00041
150	0.00041
151	0.00041
152	0.00041
153	0.00041
154	0.00041
155	0.00041
156	0.00041
157	0.000377
158	0.000193
159	0.000193
160	0.000193
161	0.00016
162	0.00016
163	0.00016
164	0.00016
165	0.00016
166	0.000137
167	0.000137
168	0.000137
169	0.000137
170	0.000137
171	0.000137
172	0.000137
173	0.000137
174	0.000137
175	0.000137
176	0.000137
177	0.000137
178	0.000137
179	0.000137
180	0.000137
181	0.000137
182	0.000137
183	0.000137
184	0.000137
185	0.000137
186	0.00013
187	0.00013
188	0.00013
189	0.00013
190	0.00013
191	0.00013
192	0.00013
193	0.00013
194	0.00013
195	0.00012099999999999999
196	0.00012099999999999999
197	0.00012099999999999999
198	0.00012099999999999999
199	0.00012099999999999999
200	0.00012099999999999999
201	0.00012099999999999999
202	0.00012099999999999999
203	0.00012099999999999999
204	0.00012099999999999999
205	6.4e-05
206	6.4e-05
207	6.4e-05
208	6.4e-05
209	6.4e-05
210	6.4e-05
211	6.4e-05
212	6.4e-05
213	6.4e-05
214	6.4e-05
215	6.4e-05
216	6.4e-05
217	6.4e-05
218	6.4e-05
219	6.4e-05
220	6.4e-05
221	6.4e-05
222	6.4e-05
223	4.9000000000000005e-05
224	4.9000000000000005e-05
225	4.9000000000000005e-05
226	4.9000000000000005e-05
227	4.9000000000000005e-05
228	4.9000000000000005e-05
229	4.9000000000000005e-05
230	4.9000000000000005e-05
231	4.9000000000000005e-05
232	4.9000000000000005e-05
233	4.9000000000000005e-05
234	4.9000000000000005e-05
235	4.9000000000000005e-05
236	4.9000000000000005e-05
237	4.9000000000000005e-05
238	4.9000000000000005e-05
239	4.9000000000000005e-05
240	4.9000000000000005e-05
241	4.9000000000000005e-05
242	4.9000000000000005e-05
243	4.9000000000000005e-05
244	4.9000000000000005e-05
245	4.9000000000000005e-05
246	4.9000000000000005e-05
247	4.9000000000000005e-05
248	4.9000000000000005e-05
249	4.9000000000000005e-05
250	4.9000000000000005e-05
251	4.9000000000000005e-05
252	4.9000000000000005e-05
253	4.9000000000000005e-05
254	4.9000000000000005e-05
255	4.9000000000000005e-05
256	4.9000000000000005e-05
257	4.9000000000000005e-05
258	4.9000000000000005e-05
259	4.9000000000000005e-05
260	4.9000000000000005e-05
261	1.6e-05
262	1.6e-05
263	1.6e-05
264	1.6e-05
265	1.6e-05
266	1.6e-05
267	1.6e-05
268	1.6e-05
269	1.6e-05
270	1.6e-05
271	1.6e-05
272	1.6e-05
273	1.6e-05
274	1.6e-05
275	1.6e-05
276	1.6e-05
277	1.6e-05
278	1.6e-05
279	1.6e-05
280	1.6e-05
281	1.6e-05
282	1.6e-05
283	1.6e-05
284	1.6e-05
285	1.6e-05
286	1.6e-05
287	1.6e-05
288	1.6e-05
289	1.6e-05
290	1.6e-05
291	1.6e-05
292	1.6e-05
293	1.6e-05
294	1.6e-05
295	1.6e-05
296	1.6e-05
297	1.6e-05
298	1.6e-05
299	1.6e-05
300	1.6e-05
301	1.6e-05
302	1.6e-05
303	1.6e-05
304	1.6e-05
305	1.6e-05
306	1.6e-05
307	1.6e-05
308	1.6e-05
309	1.6e-05
310	1.6e-05
311	1.6e-05
312	1.6e-05
313	1.6e-05
314	1.6e-05
315	1.6e-05
316	1.6e-05
317	1.6e-05
318	1.6e-05
319	1.6e-05
320	1.6e-05
321	1.6e-05
322	1.6e-05
323	1.6e-05
324	1.6e-05
325	1.6e-05
326	1.6e-05
327	1.6e-05
328	1.6e-05
329	1.6e-05
330	1.6e-05
331	1.6e-05
332	1.6e-05
333	1.6e-05
334	1.6e-05
335	1.6e-05
336	1.6e-05
337	1.6e-05
338	1.6e-05
339	1.6e-05
340	1.6e-05
341	1.6e-05
342	1.6e-05
343	1.6e-05
344	1.6e-05
345	1.6e-05
346	1.6e-05
347	1.6e-05
348	9e-06
349	9e-06
350	9e-06
351	9e-06
352	9e-06
353	9e-06
354	9e-06
355	9e-06
356	9e-06
357	0.0
358	0.0
359	0.0
360	0.0
361	0.0
362	0.0
363	0.0
364	0.0
365	0.0
366	0.0
367	0.0
368	0.0
369	0.0
370	0.0
371	0.0
372	0.0
373	0.0
374	0.0
375	0.0
376	0.0
377	0.0
378	0.0
379	0.0
380	0.0
381	0.0
382	0.0
383	0.0
384	0.0
385	0.0
386	0.0
387	0.0
388	0.0
389	0.0
390	0.0
391	0.0
392	0.0
393	0.0
394	0.0
395	0.0
396	0.0
397	0.0
398	0.0
399	0.0
400	0.0
401	0.0
402	0.0
403	0.0
404	0.0
405	0.0
406	0.0
407	0.0
408	0.0
409	0.0
410	0.0
411	0.0
412	0.0
413	0.0
414	0.0
415	0.0
416	0.0
417	0.0
418	0.0
419	0.0
420	0.0
421	0.0
422	0.0
423	0.0
424	0.0
425	0.0
426	0.0
427	0.0
428	0.0
429	0.0
430	0.0
431	0.0
432	0.0
433	0.0
434	0.0
435	0.0
436	0.0
437	0.0
438	0.0
439	0.0
440	0.0
441	0.0
442	0.0
443	0.0
444	0.0
445	0.0
446	0.0
447	0.0
448	0.0
449	0.0
450	0.0
451	0.0
452	0.0
453	0.0
454	0.0
455	0.0
456	0.0
457	0.0
458	0.0
459	0.0
460	0.0
461	0.0
462	0.0
463	0.0
464	0.0
465	0.0
466	0.0
467	0.0
468	0.0
469	0.0
470	0.0
471	0.0
472	0.0
473	0.0
474	0.0
475	0.0
476	0.0
477	0.0
478	0.0
479	0.0
480	0.0
481	0.0
482	0.0
483	0.0
484	0.0
485	0.0
486	0.0
487	0.0
488	0.0
489	0.0
490	0.0
491	0.0
492	0.0
493	0.0
494	0.0
495	0.0
496	0.0
497	0.0
498	0.0
499	0.0
500	0.0
501	0.0
502	0.0
503	0.0
504	0.0
505	0.0
506	0.0
507	0.0
508	0.0
509	0.0
510	0.0
511	0.0
512	0.0
513	0.0
514	0.0
515	0.0
516	0.0
517	0.0
518	0.0
519	0.0
520	0.0
521	0.0
522	0.0
523	0.0
524	0.0
525	0.0
526	0.0
527	0.0
528	0.0
529	0.0
530	0.0
531	0.0
532	0.0
533	0.0
534	0.0
535	0.0
536	0.0
537	0.0
538	0.0
539	0.0
540	0.0
541	0.0
542	0.0
543	0.0
544	0.0
545	0.0
546	0.0
547	0.0
548	0.0
549	0.0
550	0.0
551	0.0
552	0.0
553	0.0
554	0.0
555	0.0
556	0.0
557	0.0
558	0.0
559	0.0
560	0.0
561	0.0
562	0.0
563	0.0
564	0.0
565	0.0
566	0.0
567	0.0
568	0.0
569	0.0
570	0.0
571	0.0
572	0.0
573	0.0
574	0.0
575	0.0
576	0.0
577	0.0
578	0.0
579	0.0
580	0.0
581	0.0
582	0.0
583	0.0
584	0.0
585	0.0
586	0.0
587	0.0
588	0.0
589	0.0
590	0.0
591	0.0
592	0.0
593	0.0
594	0.0
595	0.0
596	0.0
597	0.0
598	0.0
599	0.0
600	0.0
601	0.0
602	0.0
603	0.0
604	0.0
605	0.0
606	0.0
607	0.0
608	0.0
609	0.0
610	0.0
611	0.0
612	0.0
613	0.0
614	0.0
615	0.0
616	0.0
617	0.0
618	0.0
619	0.0
620	0.0
621	0.0
622	0.0
623	0.0
624	0.0
625	0.0
626	0.0
627	0.0
628	0.0
629	0.0
630	0.0
631	0.0
632	0.0
633	0.0
634	0.0
635	0.0
636	0.0
637	0.0
638	0.0
639	0.0
640	0.0
641	0.0
642	0.0
643	0.0
644	0.0
645	0.0
646	0.0
647	0.0
648	0.0
649	0.0
650	0.0
651	0.0
652	0.0
653	0.0
654	0.0
655	0.0
656	0.0
657	0.0
658	0.0
659	0.0
660	0.0
661	0.0
662	0.0
663	0.0
664	0.0
665	0.0
666	0.0
667	0.0
668	0.0
669	0.0
670	0.0
671	0.0
672	0.0
673	0.0
674	0.0
675	0.0
676	0.0
677	0.0
678	0.0
679	0.0
680	0.0
681	0.0
682	0.0
683	0.0
684	0.0
685	0.0
686	0.0
687	0.0
688	0.0
689	0.0
690	0.0
691	0.0
692	0.0
693	0.0
694	0.0
695	0.0
696	0.0
697	0.0
698	0.0
699	0.0
700	0.0
701	0.0
702	0.0
703	0.0
704	0.0
705	0.0
706	0.0
707	0.0
708	0.0
709	0.0
710	0.0
711	0.0
712	0.0
713	0.0
714	0.0
715	0.0
716	0.0
717	0.0
718	0.0
719	0.0
720	0.0
721	0.0
722	0.0
723	0.0
724	0.0
725	0.0
726	0.0
727	0.0
728	0.0
729	0.0
730	0.0
731	0.0
732	0.0
733	0.0
734	0.0
735	0.0
736	0.0
737	0.0
738	0.0
739	0.0
740	0.0
741	0.0
742	0.0
743	0.0
744	0.0
745	0.0
746	0.0
747	0.0
748	0.0
749	0.0
750	0.0
751	0.0
752	0.0
753	0.0
754	0.0
755	0.0
756	0.0
757	0.0
758	0.0
759	0.0
760	0.0
761	0.0
762	0.0
763	0.0
764	0.0
765	0.0
766	0.0
767	0.0
768	0.0
769	0.0
770	0.0
771	0.0
772	0.0
773	0.0
774	0.0
775	0.0
776	0.0
777	0.0
778	0.0
779	0.0
780	0.0
781	0.0
782	0.0
783	0.0
784	0.0
785	0.0
786	0.0
787	0.0
788	0.0
789	0.0
790	0.0
791	0.0
792	0.0
793	0.0
794	0.0
795	0.0
796	0.0
797	0.0
798	0.0
799	0.0
800	0.0
801	0.0
802	0.0
803	0.0
804	0.0
805	0.0
806	0.0
807	0.0
808	0.0
809	0.0
810	0.0
811	0.0
812	0.0
813	0.0
814	0.0
815	0.0
816	0.0
817	0.0
818	0.0
819	0.0
820	0.0
821	0.0
822	0.0
823	0.0
824	0.0
825	0.0
826	0.0
827	0.0
828	0.0
829	0.0
830	0.0
831	0.0
832	0.0
833	0.0
834	0.0
835	0.0
836	0.0
837	0.0
838	0.0
839	0.0
840	0.0
841	0.0
842	0.0
843	0.0
844	0.0
845	0.0
846	0.0
847	0.0
848	0.0
849	0.0
850	0.0
851	0.0
852	0.0
853	0.0
854	0.0
855	0.0
856	0.0
857	0.0
858	0.0
859	0.0
860	0.0
861	0.0
862	0.0
863	0.0
864	0.0
865	0.0
866	0.0
867	0.0
868	0.0
869	0.0
870	0.0
871	0.0
872	0.0
873	0.0
874	0.0
875	0.0
876	0.0
877	0.0
878	0.0
879	0.0
880	0.0
881	0.0
882	0.0
883	0.0
884	0.0
885	0.0
886	0.0
887	0.0
888	0.0
889	0.0
890	0.0
891	0.0
892	0.0
893	0.0
894	0.0
895	0.0
896	0.0
897	0.0
898	0.0
899	0.0
900	0.0
901	0.0
902	0.0
903	0.0
904	0.0
905	0.0
906	0.0
907	0.0
908	0.0
909	0.0
910	0.0
911	0.0
912	0.0
913	0.0
914	0.0
915	0.0
916	0.0
917	0.0
918	0.0
919	0.0
920	0.0
921	0.0
922	0.0
923	0.0
924	0.0
925	0.0
926	0.0
927	0.0
928	0.0
929	0.0
930	0.0
931	0.0
932	0.0
933	0.0
934	0.0
935	0.0
936	0.0
937	0.0
938	0.0
939	0.0
940	0.0
941	0.0
942	0.0
943	0.0
944	0.0
945	0.0
946	0.0
947	0.0
948	0.0
949	0.0
950	0.0
951	0.0
952	0.0
953	0.0
954	0.0
955	0.0
956	0.0
957	0.0
958	0.0
959	0.0
960	0.0
961	0.0
962	0.0
963	0.0
964	0.0
965	0.0
966	0.0
967	0.0
968	0.0
969	0.0
970	0.0
971	0.0
972	0.0
973	0.0
974	0.0
975	0.0
976	0.0
977	0.0
978	0.0
979	0.0
980	0.0
981	0.0
982	0.0
983	0.0
984	0.0
985	0.0
986	0.0
987	0.0
988	0.0
989	0.0
990	0.0
991	0.0
992	0.0
993	0.0
994	0.0
995	0.0
996	0.0
997	0.0
998	0.0
999	0.0
1000	0.0
minimum found: [0.0, 0.0, 0.0], 0.0

