MINIMIZING PARABOLA (1000 gens, binary)
PARABOLA
1000
binary
Gen #	minima
1	1496.377529
2	780.1389379999999
3	693.7180410000001
4	693.7180410000001
5	693.7180410000001
6	693.7180410000001
7	116.662596
8	116.662596
9	116.662596
10	110.46185799999999
11	110.46185799999999
12	80.197225
13	80.197225
14	44.504684000000005
15	44.504684000000005
16	44.504684000000005
17	35.290284
18	35.290284
19	31.990413
20	31.990413
21	20.6331
22	20.6331
23	20.6331
24	20.6331
25	20.6331
26	20.6331
27	20.6331
28	20.6331
29	20.6331
30	20.6331
31	20.6331
32	20.6331
33	20.6331
34	20.6331
35	20.6331
36	20.6331
37	20.6331
38	20.6331
39	20.6331
40	20.6331
41	20.6331
42	20.6331
43	20.6331
44	20.6331
45	20.6331
46	20.6331
47	15.678252
48	15.672545
49	15.672545
50	15.672545
51	15.672545
52	15.672545
53	15.672545
54	15.401441
55	15.401441
56	15.401441
57	15.398030000000002
58	15.398030000000002
59	14.883809000000001
60	14.883809000000001
61	14.883809000000001
62	14.883809000000001
63	14.880398000000003
64	14.880398000000003
65	14.876483000000004
66	14.876483000000004
67	14.391875000000002
68	14.391875000000002
69	14.377259000000002
70	14.377259000000002
71	14.377259000000002
72	14.377259000000002
73	14.377259000000002
74	14.377259000000002
75	14.377259000000002
76	14.377259000000002
77	14.377259000000002
78	14.377259000000002
79	14.377259000000002
80	14.377259000000002
81	14.377259000000002
82	14.377259000000002
83	14.377259000000002
84	14.377259000000002
85	14.377259000000002
86	14.377259000000002
87	13.663275
88	13.641491
89	13.641491
90	13.641491
91	13.641491
92	13.614275000000001
93	13.614275000000001
94	13.614275000000001
95	13.614275000000001
96	13.614275000000001
97	9.117459
98	9.117459
99	9.117459
100	9.117459
101	9.117459
102	9.117459
103	9.117459
104	9.117459
105	9.117459
106	9.117459
107	9.117459
108	9.117459
109	9.117459
110	9.117459
111	9.117459
112	9.117459
113	9.117459
114	9.117459
115	9.117459
116	9.117459
117	9.117459
118	9.117459
119	9.117459
120	9.117459
121	9.117459
122	9.117459
123	9.117459
124	9.117459
125	9.117459
126	8.639427000000001
127	8.639427000000001
128	8.639427000000001
129	8.639427000000001
130	8.639427000000001
131	8.639427000000001
132	8.639427000000001
133	8.639427000000001
134	8.639427000000001
135	8.639427000000001
136	8.639427000000001
137	8.639427000000001
138	8.639427000000001
139	8.639427000000001
140	8.639427000000001
141	8.639427000000001
142	8.639427000000001
143	8.639427000000001
144	8.639427000000001
145	8.639427000000001
146	8.639427000000001
147	8.639427000000001
148	8.639427000000001
149	8.639427000000001
150	8.639427000000001
151	8.639427000000001
152	8.639427000000001
153	8.639427000000001
154	8.639427000000001
155	8.639427000000001
156	8.639427000000001
157	8.639427000000001
158	8.639427000000001
159	8.639427000000001
160	8.639427000000001
161	8.639427000000001
162	8.639427000000001
163	8.639427000000001
164	8.639427000000001
165	8.639427000000001
166	8.639427000000001
167	8.639427000000001
168	8.639427000000001
169	8.639427000000001
170	8.639427000000001
171	8.639427000000001
172	8.639427000000001
173	8.639427000000001
174	8.639427000000001
175	8.639427000000001
176	8.639427000000001
177	8.639427000000001
178	8.639427000000001
179	8.639427000000001
180	8.639427000000001
181	8.639427000000001
182	8.639427000000001
183	8.639427000000001
184	8.639427000000001
185	8.639427000000001
186	8.639427000000001
187	8.639427000000001
188	8.639427000000001
189	8.639427000000001
190	8.639427000000001
191	8.639427000000001
192	8.639427000000001
193	8.639427000000001
194	8.639427000000001
195	8.639427000000001
196	8.639427000000001
197	8.639427000000001
198	8.639427000000001
199	8.639427000000001
200	8.639427000000001
201	8.639427000000001
202	8.639427000000001
203	8.639427000000001
204	8.639427000000001
205	8.639427000000001
206	8.639427000000001
207	8.639427000000001
208	8.639427000000001
209	8.639427000000001
210	8.639427000000001
211	8.639427000000001
212	8.639427000000001
213	8.639427000000001
214	8.639427000000001
215	8.639427000000001
216	8.639427000000001
217	8.639427000000001
218	8.639427000000001
219	8.639427000000001
220	8.639427000000001
221	8.639427000000001
222	8.639427000000001
223	8.639427000000001
224	8.639427000000001
225	8.639427000000001
226	8.639427000000001
227	8.639427000000001
228	8.639427000000001
229	8.639427000000001
230	8.639427000000001
231	8.639427000000001
232	8.639427000000001
233	8.639427000000001
234	8.639427000000001
235	8.639427000000001
236	8.639427000000001
237	8.639427000000001
238	8.639427000000001
239	8.639427000000001
240	8.639427000000001
241	8.639427000000001
242	8.639427000000001
243	8.639427000000001
244	8.639427000000001
245	8.639427000000001
246	8.639427000000001
247	8.639427000000001
248	8.639427000000001
249	8.639427000000001
250	8.639427000000001
251	8.639427000000001
252	8.639427000000001
253	8.639427000000001
254	8.639427000000001
255	8.639427000000001
256	8.639427000000001
257	8.639427000000001
258	8.639427000000001
259	8.639427000000001
260	8.639427000000001
261	8.639427000000001
262	8.639427000000001
263	8.639427000000001
264	8.639427000000001
265	8.639427000000001
266	8.639427000000001
267	8.639427000000001
268	8.639427000000001
269	8.639427000000001
270	8.639427000000001
271	8.639427000000001
272	8.639427000000001
273	8.639427000000001
274	8.639427000000001
275	8.639427000000001
276	8.639427000000001
277	8.639427000000001
278	8.639427000000001
279	8.639427000000001
280	8.639427000000001
281	8.639427000000001
282	8.639427000000001
283	8.639427000000001
284	8.639427000000001
285	8.639427000000001
286	8.639427000000001
287	8.639427000000001
288	8.639427000000001
289	8.639427000000001
290	8.639427000000001
291	8.639427000000001
292	8.639427000000001
293	8.639427000000001
294	8.639427000000001
295	8.639427000000001
296	8.639427000000001
297	8.639427000000001
298	8.639427000000001
299	8.639427000000001
300	8.639427000000001
301	8.639427000000001
302	8.639427000000001
303	8.639427000000001
304	8.639427000000001
305	8.639427000000001
306	8.639427000000001
307	8.639427000000001
308	8.639427000000001
309	8.639427000000001
310	8.639427000000001
311	8.639427000000001
312	8.639427000000001
313	8.639427000000001
314	8.639427000000001
315	8.639427000000001
316	8.639427000000001
317	8.639427000000001
318	8.639427000000001
319	8.639427000000001
320	8.639427000000001
321	8.639427000000001
322	8.639427000000001
323	8.639427000000001
324	8.639427000000001
325	8.639427000000001
326	8.639427000000001
327	8.639427000000001
328	8.639427000000001
329	8.639427000000001
330	8.639427000000001
331	8.639427000000001
332	8.639427000000001
333	8.639427000000001
334	8.639427000000001
335	8.639427000000001
336	8.639427000000001
337	8.639427000000001
338	8.639427000000001
339	8.639427000000001
340	8.639427000000001
341	8.639427000000001
342	8.639427000000001
343	8.639427000000001
344	8.639427000000001
345	8.639427000000001
346	8.639427000000001
347	8.639427000000001
348	8.639427000000001
349	8.639427000000001
350	8.639427000000001
351	8.639427000000001
352	8.639427000000001
353	8.639427000000001
354	8.639427000000001
355	8.639427000000001
356	8.639427000000001
357	8.639427000000001
358	8.639427000000001
359	8.639427000000001
360	8.639427000000001
361	8.639427000000001
362	8.639427000000001
363	8.639427000000001
364	8.639427000000001
365	8.639427000000001
366	8.639427000000001
367	8.639427000000001
368	8.639427000000001
369	8.639427000000001
370	8.639427000000001
371	8.639427000000001
372	8.639427000000001
373	8.639427000000001
374	8.639427000000001
375	8.639427000000001
376	8.639427000000001
377	8.639427000000001
378	8.639427000000001
379	8.639427000000001
380	8.639427000000001
381	8.639427000000001
382	8.639427000000001
383	8.639427000000001
384	8.639427000000001
385	8.639427000000001
386	8.639427000000001
387	8.639427000000001
388	8.639427000000001
389	8.639427000000001
390	8.639427000000001
391	8.639427000000001
392	8.639427000000001
393	8.639427000000001
394	8.639427000000001
395	8.639427000000001
396	8.639427000000001
397	8.639427000000001
398	8.639427000000001
399	8.639427000000001
400	8.639427000000001
401	8.639427000000001
402	8.639427000000001
403	8.639427000000001
404	8.639427000000001
405	8.639427000000001
406	8.639427000000001
407	8.639427000000001
408	8.639427000000001
409	8.639427000000001
410	8.639427000000001
411	8.639427000000001
412	8.639427000000001
413	8.639427000000001
414	8.639427000000001
415	8.639427000000001
416	8.639427000000001
417	8.639427000000001
418	8.639427000000001
419	8.639427000000001
420	8.639427000000001
421	8.639427000000001
422	8.639427000000001
423	8.639427000000001
424	8.639427000000001
425	8.639427000000001
426	8.639427000000001
427	8.639427000000001
428	8.639427000000001
429	8.639427000000001
430	8.639427000000001
431	8.639427000000001
432	8.639427000000001
433	8.639427000000001
434	8.639427000000001
435	8.639427000000001
436	8.639427000000001
437	8.639427000000001
438	8.639427000000001
439	8.639427000000001
440	8.639427000000001
441	8.639427000000001
442	8.639427000000001
443	8.639427000000001
444	8.639427000000001
445	8.639427000000001
446	8.639427000000001
447	8.639427000000001
448	8.639427000000001
449	8.639427000000001
450	8.639427000000001
451	8.639427000000001
452	8.639427000000001
453	8.639427000000001
454	8.639427000000001
455	8.639427000000001
456	8.639427000000001
457	8.639427000000001
458	8.639427000000001
459	8.639427000000001
460	8.639427000000001
461	8.639427000000001
462	8.639427000000001
463	8.639427000000001
464	8.639427000000001
465	8.639427000000001
466	8.639427000000001
467	8.639427000000001
468	8.639427000000001
469	8.639427000000001
470	8.639427000000001
471	8.639427000000001
472	8.639427000000001
473	8.639427000000001
474	8.639427000000001
475	8.639427000000001
476	8.639427000000001
477	8.639427000000001
478	8.639427000000001
479	8.639427000000001
480	8.639427000000001
481	8.639427000000001
482	8.639427000000001
483	8.639427000000001
484	8.639427000000001
485	8.639427000000001
486	8.639427000000001
487	8.639427000000001
488	8.639427000000001
489	8.639427000000001
490	8.639427000000001
491	8.639427000000001
492	8.639427000000001
493	8.639427000000001
494	8.639427000000001
495	8.639427000000001
496	8.639427000000001
497	8.639427000000001
498	8.639427000000001
499	8.639427000000001
500	8.639427000000001
501	8.639427000000001
502	8.639427000000001
503	8.639427000000001
504	8.639427000000001
505	8.639427000000001
506	8.639427000000001
507	8.639427000000001
508	8.639427000000001
509	8.639427000000001
510	8.639427000000001
511	8.639427000000001
512	8.639427000000001
513	8.639427000000001
514	8.639427000000001
515	8.639427000000001
516	8.639427000000001
517	8.639427000000001
518	8.639427000000001
519	8.639427000000001
520	8.639427000000001
521	8.639427000000001
522	8.639427000000001
523	8.639427000000001
524	8.639427000000001
525	8.639427000000001
526	8.639427000000001
527	8.639427000000001
528	8.639427000000001
529	8.639427000000001
530	8.639427000000001
531	8.639427000000001
532	8.639427000000001
533	8.639427000000001
534	8.639427000000001
535	8.639427000000001
536	8.639427000000001
537	8.639427000000001
538	8.639427000000001
539	8.639427000000001
540	8.639427000000001
541	8.639427000000001
542	8.639427000000001
543	8.639427000000001
544	8.639427000000001
545	8.639427000000001
546	8.639427000000001
547	8.639427000000001
548	8.639427000000001
549	8.639427000000001
550	8.639427000000001
551	8.639427000000001
552	8.639427000000001
553	8.639427000000001
554	8.639427000000001
555	8.639427000000001
556	8.639427000000001
557	8.639427000000001
558	8.639427000000001
559	8.639427000000001
560	8.639427000000001
561	8.639427000000001
562	8.639427000000001
563	8.639427000000001
564	8.639427000000001
565	8.639427000000001
566	8.639427000000001
567	8.639427000000001
568	8.639427000000001
569	8.639427000000001
570	8.639427000000001
571	8.639427000000001
572	8.639427000000001
573	8.639427000000001
574	8.639427000000001
575	8.639427000000001
576	8.639427000000001
577	8.639427000000001
578	8.639427000000001
579	8.639427000000001
580	8.639427000000001
581	8.639427000000001
582	8.639427000000001
583	8.639427000000001
584	8.639427000000001
585	8.639427000000001
586	8.639427000000001
587	8.639427000000001
588	8.639427000000001
589	8.639427000000001
590	8.639427000000001
591	8.639427000000001
592	8.639427000000001
593	8.639427000000001
594	8.639427000000001
595	8.639427000000001
596	8.639427000000001
597	8.639427000000001
598	8.639427000000001
599	8.639427000000001
600	8.639427000000001
601	8.639427000000001
602	8.639427000000001
603	8.639427000000001
604	8.639427000000001
605	8.639427000000001
606	8.639427000000001
607	8.639427000000001
608	8.639427000000001
609	8.639427000000001
610	8.639427000000001
611	8.639427000000001
612	8.639427000000001
613	8.639427000000001
614	8.639427000000001
615	8.639427000000001
616	8.639427000000001
617	8.639427000000001
618	8.639427000000001
619	8.639427000000001
620	8.639427000000001
621	8.639427000000001
622	8.639427000000001
623	8.639427000000001
624	8.639427000000001
625	8.639427000000001
626	8.639427000000001
627	8.639427000000001
628	8.639427000000001
629	8.639427000000001
630	8.639427000000001
631	8.639427000000001
632	8.639427000000001
633	8.639427000000001
634	8.639427000000001
635	8.639427000000001
636	8.639427000000001
637	8.639427000000001
638	8.639427000000001
639	8.639427000000001
640	8.639427000000001
641	8.639427000000001
642	8.639427000000001
643	8.639427000000001
644	8.639427000000001
645	8.639427000000001
646	8.639427000000001
647	8.639427000000001
648	8.639427000000001
649	8.639427000000001
650	8.639427000000001
651	8.639427000000001
652	8.639427000000001
653	8.639427000000001
654	8.639427000000001
655	8.639427000000001
656	8.639427000000001
657	8.639427000000001
658	8.639427000000001
659	8.639427000000001
660	8.639427000000001
661	8.639427000000001
662	8.639427000000001
663	8.639427000000001
664	8.639427000000001
665	8.639427000000001
666	8.639427000000001
667	8.639427000000001
668	8.639427000000001
669	8.639427000000001
670	8.639427000000001
671	8.639427000000001
672	8.639427000000001
673	8.639427000000001
674	8.639427000000001
675	8.639427000000001
676	8.639427000000001
677	8.639427000000001
678	8.639427000000001
679	8.639427000000001
680	8.639427000000001
681	8.639427000000001
682	8.639427000000001
683	8.639427000000001
684	8.639427000000001
685	8.639427000000001
686	8.639427000000001
687	8.639427000000001
688	8.639427000000001
689	8.639427000000001
690	8.639427000000001
691	8.639427000000001
692	8.639427000000001
693	8.639427000000001
694	8.639427000000001
695	8.639427000000001
696	8.639427000000001
697	8.639427000000001
698	8.639427000000001
699	8.639427000000001
700	8.639427000000001
701	8.639427000000001
702	8.639427000000001
703	8.639427000000001
704	8.639427000000001
705	8.639427000000001
706	8.639427000000001
707	8.639427000000001
708	8.639427000000001
709	8.639427000000001
710	8.639427000000001
711	8.639427000000001
712	8.639427000000001
713	8.639427000000001
714	8.639427000000001
715	8.639427000000001
716	8.639427000000001
717	8.639427000000001
718	8.639427000000001
719	8.639427000000001
720	8.639427000000001
721	8.639427000000001
722	8.639427000000001
723	8.639427000000001
724	8.639427000000001
725	8.639427000000001
726	8.639427000000001
727	8.639427000000001
728	8.639427000000001
729	8.639427000000001
730	8.639427000000001
731	8.639427000000001
732	8.639427000000001
733	8.639427000000001
734	8.639427000000001
735	8.639427000000001
736	8.639427000000001
737	8.639427000000001
738	8.639427000000001
739	8.639427000000001
740	8.639427000000001
741	8.639427000000001
742	8.639427000000001
743	8.639427000000001
744	8.639427000000001
745	8.639427000000001
746	8.639427000000001
747	8.639427000000001
748	8.639427000000001
749	8.639427000000001
750	8.639427000000001
751	8.639427000000001
752	8.639427000000001
753	8.639427000000001
754	8.639427000000001
755	8.639427000000001
756	8.639427000000001
757	8.639427000000001
758	8.639427000000001
759	8.639427000000001
760	8.639427000000001
761	8.639427000000001
762	8.639427000000001
763	8.639427000000001
764	8.639427000000001
765	8.639427000000001
766	8.639427000000001
767	8.639427000000001
768	8.639427000000001
769	8.639427000000001
770	8.639427000000001
771	8.639427000000001
772	8.639427000000001
773	8.639427000000001
774	8.639427000000001
775	8.639427000000001
776	8.639427000000001
777	8.639427000000001
778	8.639427000000001
779	8.639427000000001
780	8.639427000000001
781	8.639427000000001
782	8.639427000000001
783	8.639427000000001
784	8.639427000000001
785	8.639427000000001
786	8.639427000000001
787	8.639427000000001
788	8.639427000000001
789	8.639427000000001
790	8.639427000000001
791	8.639427000000001
792	8.639427000000001
793	8.639427000000001
794	8.639427000000001
795	8.639427000000001
796	8.639427000000001
797	8.639427000000001
798	8.639427000000001
799	8.639427000000001
800	8.639427000000001
801	8.639427000000001
802	8.639427000000001
803	8.639427000000001
804	8.639427000000001
805	8.639427000000001
806	8.639427000000001
807	8.639427000000001
808	8.639427000000001
809	8.639427000000001
810	8.639427000000001
811	8.639427000000001
812	8.639427000000001
813	8.639427000000001
814	8.639427000000001
815	8.639427000000001
816	8.639427000000001
817	8.639427000000001
818	8.639427000000001
819	8.639427000000001
820	8.639427000000001
821	8.639427000000001
822	8.639427000000001
823	8.639427000000001
824	8.639427000000001
825	8.639427000000001
826	8.639427000000001
827	8.639427000000001
828	8.639427000000001
829	8.639427000000001
830	8.639427000000001
831	8.639427000000001
832	8.639427000000001
833	8.639427000000001
834	8.639427000000001
835	8.639427000000001
836	8.639427000000001
837	8.639427000000001
838	8.639427000000001
839	8.639427000000001
840	8.639427000000001
841	8.639427000000001
842	8.639427000000001
843	8.639427000000001
844	8.639427000000001
845	8.639427000000001
846	8.639427000000001
847	8.639427000000001
848	8.639427000000001
849	8.639427000000001
850	8.639427000000001
851	8.639427000000001
852	8.639427000000001
853	8.639427000000001
854	8.639427000000001
855	8.639427000000001
856	8.639427000000001
857	8.639427000000001
858	8.639427000000001
859	8.639427000000001
860	8.639427000000001
861	8.639427000000001
862	8.639427000000001
863	8.639427000000001
864	8.639427000000001
865	8.639427000000001
866	8.639427000000001
867	8.639427000000001
868	8.639427000000001
869	8.639427000000001
870	8.639427000000001
871	8.639427000000001
872	8.639427000000001
873	8.639427000000001
874	8.639427000000001
875	8.639427000000001
876	8.639427000000001
877	8.639427000000001
878	8.639427000000001
879	8.639427000000001
880	8.639427000000001
881	8.639427000000001
882	8.639427000000001
883	8.639427000000001
884	8.639427000000001
885	8.639427000000001
886	8.639427000000001
887	8.639427000000001
888	8.639427000000001
889	8.639427000000001
890	8.639427000000001
891	8.639427000000001
892	8.639427000000001
893	8.639427000000001
894	8.639427000000001
895	8.639427000000001
896	8.639427000000001
897	8.639427000000001
898	8.639427000000001
899	8.639427000000001
900	8.639427000000001
901	8.639427000000001
902	8.639427000000001
903	8.639427000000001
904	8.639427000000001
905	8.639427000000001
906	8.639427000000001
907	8.639427000000001
908	8.639427000000001
909	8.639427000000001
910	8.639427000000001
911	8.639427000000001
912	8.639427000000001
913	8.639427000000001
914	8.639427000000001
915	8.639427000000001
916	8.639427000000001
917	8.639427000000001
918	8.639427000000001
919	8.639427000000001
920	8.639427000000001
921	8.639427000000001
922	8.639427000000001
923	8.639427000000001
924	8.639427000000001
925	8.639427000000001
926	8.639427000000001
927	8.639427000000001
928	8.639427000000001
929	8.639427000000001
930	8.639427000000001
931	8.639427000000001
932	8.639427000000001
933	8.639427000000001
934	8.639427000000001
935	8.639427000000001
936	8.639427000000001
937	8.639427000000001
938	8.639427000000001
939	8.639427000000001
940	8.639427000000001
941	8.639427000000001
942	8.639427000000001
943	8.639427000000001
944	8.639427000000001
945	8.639427000000001
946	8.639427000000001
947	8.639427000000001
948	8.639427000000001
949	8.639427000000001
950	8.639427000000001
951	8.639427000000001
952	8.639427000000001
953	8.639427000000001
954	8.639427000000001
955	8.639427000000001
956	8.639427000000001
957	8.639427000000001
958	8.639427000000001
959	8.639427000000001
960	8.639427000000001
961	8.639427000000001
962	8.639427000000001
963	8.639427000000001
964	8.639427000000001
965	8.639427000000001
966	8.639427000000001
967	8.639427000000001
968	8.639427000000001
969	8.639427000000001
970	8.639427000000001
971	8.639427000000001
972	8.639427000000001
973	8.639427000000001
974	8.639427000000001
975	8.639427000000001
976	8.639427000000001
977	8.639427000000001
978	8.639427000000001
979	8.639427000000001
980	8.639427000000001
981	8.639427000000001
982	8.639427000000001
983	8.639427000000001
984	8.639427000000001
985	8.639427000000001
986	8.639427000000001
987	8.639427000000001
988	8.639427000000001
989	8.639427000000001
990	8.639427000000001
991	8.639427000000001
992	8.639427000000001
993	8.639427000000001
994	8.639427000000001
995	8.639427000000001
996	8.639427000000001
997	8.639427000000001
998	8.639427000000001
999	8.639427000000001
1000	8.639427000000001
minimum found: [-1.697, -1.697, -1.697], 8.639427000000001

