MINIMIZING PARABOLA (1000 gens, binary)
PARABOLA
1000
binary
Gen #	minima
1	551.5145050000001
2	551.5145050000001
3	506.7906919999999
4	506.7906919999999
5	506.7906919999999
6	506.7906919999999
7	83.008952
8	19.720208
9	19.720208
10	19.720208
11	19.720208
12	19.720208
13	19.720208
14	19.720208
15	9.585954000000001
16	9.427362
17	9.263282
18	9.240354
19	8.186742000000002
20	7.86275
21	7.86275
22	7.853114
23	7.311993
24	7.311993
25	4.101609
26	4.101609
27	2.2248819999999996
28	2.2248819999999996
29	2.2215939999999996
30	2.134514
31	2.134514
32	2.134514
33	2.134514
34	1.793522
35	1.793522
36	1.793522
37	1.793522
38	1.793522
39	0.31753800000000004
40	0.31753800000000004
41	0.23869000000000004
42	0.23869000000000004
43	0.23869000000000004
44	0.23768199999999998
45	0.23113800000000004
46	0.23113800000000004
47	0.23113800000000004
48	0.23113800000000004
49	0.23113800000000004
50	0.23113800000000004
51	0.23113800000000004
52	0.22791400000000003
53	0.22791400000000003
54	0.22791400000000003
55	0.22791400000000003
56	0.22791400000000003
57	0.22742600000000002
58	0.22742600000000002
59	0.22742600000000002
60	0.22700600000000004
61	0.22700600000000004
62	0.22700600000000004
63	0.20236600000000002
64	0.20236600000000002
65	0.20236600000000002
66	0.20236600000000002
67	0.20236600000000002
68	0.20236600000000002
69	0.20236600000000002
70	0.20236600000000002
71	0.20236600000000002
72	0.20236600000000002
73	0.20236600000000002
74	0.20236600000000002
75	0.20236600000000002
76	0.20236600000000002
77	0.20236600000000002
78	0.20236600000000002
79	0.20236600000000002
80	0.20236600000000002
81	0.20236600000000002
82	0.20236600000000002
83	0.20236600000000002
84	0.20112200000000002
85	0.20112200000000002
86	0.20112200000000002
87	0.20112200000000002
88	0.20112200000000002
89	0.20112200000000002
90	0.20112200000000002
91	0.20112200000000002
92	0.20112200000000002
93	0.20112200000000002
94	0.176482
95	0.176482
96	0.176482
97	0.176482
98	0.176482
99	0.176482
100	0.176482
101	0.176482
102	0.176482
103	0.176482
104	0.176482
105	0.176482
106	0.176482
107	0.176482
108	0.176482
109	0.176482
110	0.176482
111	0.176482
112	0.176482
113	0.176482
114	0.176482
115	0.176482
116	0.176482
117	0.176482
118	0.176482
119	0.176482
120	0.176482
121	0.176482
122	0.176482
123	0.176482
124	0.176482
125	0.176482
126	0.176482
127	0.176482
128	0.176482
129	0.176482
130	0.176482
131	0.176482
132	0.176482
133	0.176482
134	0.176482
135	0.176482
136	0.176482
137	0.176482
138	0.176482
139	0.176482
140	0.176482
141	0.176482
142	0.176482
143	0.176482
144	0.176482
145	0.176482
146	0.176482
147	0.176482
148	0.176482
149	0.176482
150	0.176482
151	0.176482
152	0.176482
153	0.176482
154	0.16236899999999999
155	0.16236899999999999
156	0.16236899999999999
157	0.16236899999999999
158	0.159041
159	0.159041
160	0.159041
161	0.159041
162	0.159041
163	0.159041
164	0.159041
165	0.159041
166	0.159041
167	0.159041
168	0.159041
169	0.159041
170	0.159041
171	0.159041
172	0.159041
173	0.159041
174	0.159041
175	0.159041
176	0.159041
177	0.159041
178	0.159041
179	0.159041
180	0.159041
181	0.159041
182	0.159041
183	0.159041
184	0.159041
185	0.159041
186	0.159041
187	0.159041
188	0.159041
189	0.159041
190	0.159041
191	0.159041
192	0.159041
193	0.159041
194	0.159041
195	0.159041
196	0.159041
197	0.159041
198	0.159041
199	0.159041
200	0.159041
201	0.159041
202	0.159041
203	0.159041
204	0.159041
205	0.159041
206	0.159041
207	0.159041
208	0.159041
209	0.159041
210	0.159041
211	0.159041
212	0.159041
213	0.159041
214	0.159041
215	0.159041
216	0.159041
217	0.159041
218	0.159041
219	0.159041
220	0.159041
221	0.159041
222	0.159041
223	0.159041
224	0.159041
225	0.159041
226	0.159041
227	0.159041
228	0.159041
229	0.159041
230	0.159041
231	0.159041
232	0.159041
233	0.159041
234	0.159041
235	0.159041
236	0.159041
237	0.159041
238	0.159041
239	0.159041
240	0.159041
241	0.159041
242	0.159041
243	0.159041
244	0.159041
245	0.159041
246	0.159041
247	0.159041
248	0.159041
249	0.159041
250	0.159041
251	0.159041
252	0.159041
253	0.159041
254	0.159041
255	0.159041
256	0.159041
257	0.159041
258	0.159041
259	0.159041
260	0.159041
261	0.159041
262	0.159041
263	0.159041
264	0.159041
265	0.159041
266	0.159041
267	0.159041
268	0.159041
269	0.159041
270	0.159041
271	0.159041
272	0.159041
273	0.159041
274	0.159041
275	0.159041
276	0.159041
277	0.159041
278	0.159041
279	0.159041
280	0.159041
281	0.159041
282	0.159041
283	0.159041
284	0.159041
285	0.159041
286	0.159041
287	0.159041
288	0.159041
289	0.159041
290	0.159041
291	0.159041
292	0.159041
293	0.159041
294	0.159041
295	0.159041
296	0.159041
297	0.159041
298	0.159041
299	0.159041
300	0.159041
301	0.159041
302	0.159041
303	0.159041
304	0.159041
305	0.159041
306	0.159041
307	0.159041
308	0.159041
309	0.159041
310	0.159041
311	0.159041
312	0.159041
313	0.159041
314	0.159041
315	0.159041
316	0.159041
317	0.159041
318	0.159041
319	0.159041
320	0.159041
321	0.159041
322	0.159041
323	0.159041
324	0.159041
325	0.159041
326	0.159041
327	0.159041
328	0.159041
329	0.159041
330	0.159041
331	0.159041
332	0.159041
333	0.159041
334	0.159041
335	0.159041
336	0.159041
337	0.159041
338	0.159041
339	0.159041
340	0.159041
341	0.159041
342	0.159041
343	0.159041
344	0.159041
345	0.159041
346	0.159041
347	0.159041
348	0.159041
349	0.159041
350	0.159041
351	0.159041
352	0.159041
353	0.159041
354	0.159041
355	0.159041
356	0.159041
357	0.159041
358	0.159041
359	0.159041
360	0.159041
361	0.159041
362	0.159041
363	0.159041
364	0.159041
365	0.159041
366	0.159041
367	0.159041
368	0.159041
369	0.159041
370	0.159041
371	0.159041
372	0.159041
373	0.159041
374	0.159041
375	0.159041
376	0.159041
377	0.159041
378	0.159041
379	0.159041
380	0.159041
381	0.159041
382	0.159041
383	0.159041
384	0.159041
385	0.159041
386	0.159041
387	0.159041
388	0.159041
389	0.159041
390	0.159041
391	0.159041
392	0.159041
393	0.159041
394	0.159041
395	0.159041
396	0.159041
397	0.159041
398	0.159041
399	0.159041
400	0.159041
401	0.159041
402	0.159041
403	0.159041
404	0.159041
405	0.159041
406	0.159041
407	0.159041
408	0.159041
409	0.159041
410	0.159041
411	0.159041
412	0.159041
413	0.159041
414	0.159041
415	0.159041
416	0.159041
417	0.159041
418	0.159041
419	0.159041
420	0.159041
421	0.159041
422	0.159041
423	0.159041
424	0.159041
425	0.159041
426	0.159041
427	0.159041
428	0.159041
429	0.159041
430	0.159041
431	0.159041
432	0.159041
433	0.159041
434	0.159041
435	0.159041
436	0.159041
437	0.159041
438	0.159041
439	0.159041
440	0.159041
441	0.159041
442	0.159041
443	0.159041
444	0.159041
445	0.159041
446	0.159041
447	0.159041
448	0.159041
449	0.159041
450	0.159041
451	0.159041
452	0.159041
453	0.159041
454	0.159041
455	0.159041
456	0.159041
457	0.159041
458	0.159041
459	0.159041
460	0.159041
461	0.159041
462	0.159041
463	0.159041
464	0.159041
465	0.159041
466	0.159041
467	0.159041
468	0.159041
469	0.159041
470	0.159041
471	0.159041
472	0.159041
473	0.159041
474	0.159041
475	0.159041
476	0.159041
477	0.159041
478	0.159041
479	0.159041
480	0.159041
481	0.159041
482	0.159041
483	0.159041
484	0.159041
485	0.159041
486	0.159041
487	0.159041
488	0.159041
489	0.159041
490	0.159041
491	0.159041
492	0.159041
493	0.159041
494	0.159041
495	0.159041
496	0.159041
497	0.159041
498	0.159041
499	0.159041
500	0.159041
501	0.159041
502	0.159041
503	0.159041
504	0.159041
505	0.159041
506	0.159041
507	0.159041
508	0.159041
509	0.159041
510	0.159041
511	0.159041
512	0.159041
513	0.159041
514	0.159041
515	0.159041
516	0.159041
517	0.159041
518	0.159041
519	0.159041
520	0.159041
521	0.159041
522	0.159041
523	0.159041
524	0.159041
525	0.159041
526	0.159041
527	0.159041
528	0.159041
529	0.159041
530	0.159041
531	0.159041
532	0.159041
533	0.159041
534	0.159041
535	0.159041
536	0.159041
537	0.159041
538	0.159041
539	0.159041
540	0.159041
541	0.159041
542	0.159041
543	0.159041
544	0.159041
545	0.159041
546	0.159041
547	0.159041
548	0.159041
549	0.159041
550	0.159041
551	0.159041
552	0.159041
553	0.159041
554	0.159041
555	0.159041
556	0.159041
557	0.159041
558	0.159041
559	0.159041
560	0.159041
561	0.159041
562	0.159041
563	0.159041
564	0.159041
565	0.159041
566	0.159041
567	0.159041
568	0.159041
569	0.159041
570	0.159041
571	0.159041
572	0.159041
573	0.159041
574	0.159041
575	0.159041
576	0.159041
577	0.159041
578	0.159041
579	0.159041
580	0.159041
581	0.159041
582	0.159041
583	0.159041
584	0.159041
585	0.159041
586	0.159041
587	0.159041
588	0.159041
589	0.159041
590	0.159041
591	0.159041
592	0.159041
593	0.159041
594	0.159041
595	0.159041
596	0.159041
597	0.159041
598	0.159041
599	0.159041
600	0.159041
601	0.159041
602	0.159041
603	0.159041
604	0.159041
605	0.159041
606	0.159041
607	0.159041
608	0.159041
609	0.159041
610	0.159041
611	0.159041
612	0.159041
613	0.159041
614	0.159041
615	0.159041
616	0.159041
617	0.159041
618	0.159041
619	0.159041
620	0.159041
621	0.159041
622	0.159041
623	0.159041
624	0.159041
625	0.159041
626	0.159041
627	0.159041
628	0.159041
629	0.159041
630	0.159041
631	0.159041
632	0.159041
633	0.159041
634	0.159041
635	0.159041
636	0.159041
637	0.159041
638	0.159041
639	0.159041
640	0.159041
641	0.159041
642	0.159041
643	0.159041
644	0.159041
645	0.159041
646	0.159041
647	0.159041
648	0.159041
649	0.159041
650	0.159041
651	0.159041
652	0.159041
653	0.159041
654	0.159041
655	0.159041
656	0.159041
657	0.159041
658	0.159041
659	0.159041
660	0.159041
661	0.159041
662	0.159041
663	0.159041
664	0.159041
665	0.159041
666	0.159041
667	0.159041
668	0.159041
669	0.159041
670	0.159041
671	0.159041
672	0.159041
673	0.159041
674	0.159041
675	0.159041
676	0.159041
677	0.159041
678	0.159041
679	0.159041
680	0.159041
681	0.159041
682	0.159041
683	0.159041
684	0.159041
685	0.159041
686	0.159041
687	0.159041
688	0.159041
689	0.159041
690	0.159041
691	0.159041
692	0.159041
693	0.159041
694	0.159041
695	0.159041
696	0.159041
697	0.159041
698	0.159041
699	0.159041
700	0.159041
701	0.159041
702	0.159041
703	0.159041
704	0.159041
705	0.159041
706	0.159041
707	0.159041
708	0.159041
709	0.159041
710	0.159041
711	0.159041
712	0.159041
713	0.159041
714	0.159041
715	0.159041
716	0.159041
717	0.159041
718	0.159041
719	0.159041
720	0.159041
721	0.159041
722	0.159041
723	0.159041
724	0.159041
725	0.159041
726	0.159041
727	0.159041
728	0.159041
729	0.159041
730	0.159041
731	0.159041
732	0.159041
733	0.159041
734	0.159041
735	0.159041
736	0.159041
737	0.159041
738	0.159041
739	0.159041
740	0.159041
741	0.159041
742	0.159041
743	0.159041
744	0.159041
745	0.159041
746	0.159041
747	0.159041
748	0.159041
749	0.159041
750	0.159041
751	0.159041
752	0.159041
753	0.159041
754	0.159041
755	0.159041
756	0.159041
757	0.159041
758	0.159041
759	0.159041
760	0.159041
761	0.159041
762	0.159041
763	0.159041
764	0.159041
765	0.159041
766	0.159041
767	0.159041
768	0.159041
769	0.159041
770	0.159041
771	0.159041
772	0.159041
773	0.159041
774	0.159041
775	0.159041
776	0.159041
777	0.159041
778	0.159041
779	0.159041
780	0.159041
781	0.159041
782	0.159041
783	0.159041
784	0.159041
785	0.159041
786	0.159041
787	0.159041
788	0.159041
789	0.159041
790	0.159041
791	0.159041
792	0.159041
793	0.159041
794	0.159041
795	0.159041
796	0.159041
797	0.159041
798	0.159041
799	0.159041
800	0.159041
801	0.159041
802	0.159041
803	0.159041
804	0.159041
805	0.159041
806	0.159041
807	0.159041
808	0.159041
809	0.159041
810	0.159041
811	0.159041
812	0.159041
813	0.159041
814	0.159041
815	0.159041
816	0.159041
817	0.159041
818	0.159041
819	0.159041
820	0.159041
821	0.159041
822	0.159041
823	0.159041
824	0.159041
825	0.159041
826	0.159041
827	0.159041
828	0.159041
829	0.159041
830	0.159041
831	0.159041
832	0.159041
833	0.159041
834	0.159041
835	0.159041
836	0.159041
837	0.159041
838	0.159041
839	0.159041
840	0.159041
841	0.159041
842	0.159041
843	0.159041
844	0.159041
845	0.159041
846	0.159041
847	0.159041
848	0.159041
849	0.159041
850	0.159041
851	0.159041
852	0.159041
853	0.159041
854	0.159041
855	0.159041
856	0.159041
857	0.159041
858	0.159041
859	0.159041
860	0.159041
861	0.159041
862	0.159041
863	0.159041
864	0.159041
865	0.159041
866	0.159041
867	0.159041
868	0.159041
869	0.159041
870	0.159041
871	0.159041
872	0.159041
873	0.159041
874	0.159041
875	0.159041
876	0.159041
877	0.159041
878	0.159041
879	0.159041
880	0.159041
881	0.159041
882	0.159041
883	0.159041
884	0.159041
885	0.159041
886	0.159041
887	0.159041
888	0.159041
889	0.159041
890	0.159041
891	0.159041
892	0.159041
893	0.159041
894	0.159041
895	0.159041
896	0.159041
897	0.159041
898	0.159041
899	0.159041
900	0.159041
901	0.159041
902	0.159041
903	0.159041
904	0.159041
905	0.159041
906	0.159041
907	0.159041
908	0.159041
909	0.159041
910	0.159041
911	0.159041
912	0.159041
913	0.159041
914	0.159041
915	0.159041
916	0.159041
917	0.159041
918	0.159041
919	0.159041
920	0.159041
921	0.159041
922	0.159041
923	0.159041
924	0.159041
925	0.159041
926	0.159041
927	0.159041
928	0.159041
929	0.159041
930	0.159041
931	0.159041
932	0.159041
933	0.159041
934	0.159041
935	0.159041
936	0.159041
937	0.159041
938	0.159041
939	0.159041
940	0.159041
941	0.159041
942	0.159041
943	0.159041
944	0.159041
945	0.159041
946	0.159041
947	0.159041
948	0.159041
949	0.159041
950	0.159041
951	0.159041
952	0.159041
953	0.159041
954	0.159041
955	0.159041
956	0.159041
957	0.159041
958	0.159041
959	0.159041
960	0.159041
961	0.159041
962	0.159041
963	0.159041
964	0.159041
965	0.159041
966	0.159041
967	0.159041
968	0.159041
969	0.159041
970	0.159041
971	0.159041
972	0.159041
973	0.159041
974	0.159041
975	0.159041
976	0.159041
977	0.159041
978	0.159041
979	0.159041
980	0.159041
981	0.159041
982	0.159041
983	0.159041
984	0.159041
985	0.159041
986	0.159041
987	0.159041
988	0.159041
989	0.159041
990	0.159041
991	0.159041
992	0.159041
993	0.159041
994	0.159041
995	0.159041
996	0.159041
997	0.159041
998	0.159041
999	0.159041
1000	0.159041
minimum found: [0.352, 0.096, -0.161], 0.159041

