MINIMIZING PARABOLA (1000 gens, binary)
PARABOLA
1000
binary
Gen #	minima
1	141.581325
2	141.581325
3	141.581325
4	141.581325
5	141.581325
6	141.581325
7	141.581325
8	141.581325
9	141.581325
10	102.938936
11	102.938936
12	102.938936
13	42.259174
14	42.259174
15	42.259174
16	42.259174
17	9.819369000000002
18	9.819369000000002
19	9.640425
20	7.429334
21	7.429334
22	7.429334
23	7.423534
24	7.1226460000000005
25	6.445162000000001
26	6.445162000000001
27	6.4434260000000005
28	6.422342000000001
29	4.4849060000000005
30	4.4849060000000005
31	4.445326
32	4.17047
33	4.111822
34	4.111822
35	4.111822
36	4.111822
37	4.111822
38	4.111822
39	4.111822
40	4.111822
41	4.111822
42	4.07591
43	4.07591
44	4.07591
45	4.07591
46	4.060262
47	4.060262
48	4.060262
49	4.060262
50	4.060262
51	4.060262
52	4.060262
53	4.060262
54	4.060262
55	4.060262
56	3.1253499999999996
57	3.1253499999999996
58	3.1253499999999996
59	3.1253499999999996
60	3.1253499999999996
61	3.1084539999999996
62	3.1084539999999996
63	3.1084539999999996
64	3.1084539999999996
65	3.1084539999999996
66	3.1050590000000002
67	3.1050590000000002
68	3.1050590000000002
69	3.1050590000000002
70	3.1050590000000002
71	3.1050590000000002
72	3.10413
73	3.10413
74	3.10413
75	3.10413
76	3.10413
77	3.10413
78	3.10413
79	3.10413
80	3.10413
81	3.10413
82	3.0754580000000002
83	3.0754580000000002
84	3.0754580000000002
85	3.0754580000000002
86	3.024258
87	3.024258
88	3.0161940000000005
89	3.0161940000000005
90	3.0161940000000005
91	3.0161940000000005
92	3.012738
93	3.012738
94	3.0046740000000005
95	3.0046740000000005
96	3.0046740000000005
97	3.0046740000000005
98	3.004242
99	3.004242
100	3.004242
101	3.004242
102	3.004242
103	3.003938
104	3.003938
105	3.003938
106	3.003938
107	3.003938
108	3.003938
109	3.003938
110	3.003938
111	3.003938
112	3.003938
113	3.003938
114	3.003938
115	3.003938
116	3.003938
117	3.003938
118	3.003938
119	3.003938
120	3.0038570000000004
121	3.0037220000000002
122	3.0037220000000002
123	3.0037220000000002
124	3.0037220000000002
125	3.0037220000000002
126	3.0037220000000002
127	3.0037220000000002
128	3.0037220000000002
129	3.0037220000000002
130	3.0037220000000002
131	3.0037220000000002
132	3.0037220000000002
133	3.0037220000000002
134	3.0037220000000002
135	3.0037220000000002
136	3.0037220000000002
137	3.0037220000000002
138	3.0037220000000002
139	3.0037220000000002
140	3.0037220000000002
141	3.0037220000000002
142	3.0037220000000002
143	3.0037220000000002
144	3.0037170000000004
145	3.0037170000000004
146	3.0037170000000004
147	3.0037170000000004
148	3.0037170000000004
149	3.0037170000000004
150	3.0037170000000004
151	3.0037170000000004
152	3.0037170000000004
153	3.0037170000000004
154	3.0037170000000004
155	3.0037170000000004
156	3.0037170000000004
157	3.0037170000000004
158	3.0037170000000004
159	3.0037170000000004
160	3.0037170000000004
161	3.0037170000000004
162	3.0037170000000004
163	3.0037170000000004
164	3.0037170000000004
165	3.0037170000000004
166	3.0037170000000004
167	3.0037170000000004
168	3.0037170000000004
169	3.0037170000000004
170	3.0037170000000004
171	3.0037170000000004
172	3.0037170000000004
173	3.0037170000000004
174	3.0037170000000004
175	3.0037170000000004
176	3.0037170000000004
177	3.0037170000000004
178	3.0037170000000004
179	3.0037170000000004
180	3.0037170000000004
181	3.0037170000000004
182	3.0037170000000004
183	3.0037170000000004
184	3.0037170000000004
185	3.0037170000000004
186	3.0037170000000004
187	3.0037170000000004
188	3.0037170000000004
189	3.0037170000000004
190	3.0037170000000004
191	3.0037170000000004
192	3.0037170000000004
193	3.0037170000000004
194	3.0037170000000004
195	3.0037170000000004
196	3.0037170000000004
197	3.0037170000000004
198	3.0037170000000004
199	3.0037170000000004
200	3.0037170000000004
201	3.0037170000000004
202	3.0037170000000004
203	3.0037170000000004
204	3.0037170000000004
205	3.0037170000000004
206	3.0037170000000004
207	3.0037170000000004
208	3.0037170000000004
209	3.0037170000000004
210	3.0037140000000004
211	3.0037140000000004
212	3.0037140000000004
213	3.0037140000000004
214	3.0037140000000004
215	3.0037140000000004
216	3.0037140000000004
217	3.0037140000000004
218	3.0037140000000004
219	3.0037140000000004
220	3.0037140000000004
221	3.0037140000000004
222	3.0037140000000004
223	3.0037140000000004
224	3.0037140000000004
225	3.0037140000000004
226	3.0037140000000004
227	3.0037140000000004
228	3.0037140000000004
229	3.0037140000000004
230	3.0037140000000004
231	3.0037140000000004
232	3.0037140000000004
233	3.0037140000000004
234	3.0037140000000004
235	3.0037140000000004
236	3.0037140000000004
237	3.0037140000000004
238	3.0037140000000004
239	3.0037140000000004
240	3.0037140000000004
241	3.0037140000000004
242	3.0037140000000004
243	3.0037140000000004
244	3.0037140000000004
245	3.0037140000000004
246	3.0037140000000004
247	3.0037140000000004
248	3.0037140000000004
249	3.0037140000000004
250	3.0037140000000004
251	3.0037140000000004
252	3.0037140000000004
253	3.0037140000000004
254	3.0037140000000004
255	3.0037140000000004
256	3.0037140000000004
257	3.0037140000000004
258	3.0037140000000004
259	3.0037140000000004
260	3.0037140000000004
261	3.0037140000000004
262	3.0037140000000004
263	3.0037140000000004
264	3.0037140000000004
265	3.0037140000000004
266	3.0037140000000004
267	3.0037140000000004
268	3.0037140000000004
269	3.0037140000000004
270	3.0037140000000004
271	3.0037140000000004
272	3.0037140000000004
273	3.0037140000000004
274	3.0037140000000004
275	3.0037140000000004
276	3.0037140000000004
277	3.0037140000000004
278	3.0037140000000004
279	3.0037140000000004
280	3.0037140000000004
281	3.0037140000000004
282	3.0037140000000004
283	3.0037140000000004
284	3.0037140000000004
285	3.0037140000000004
286	3.0037140000000004
287	3.0037140000000004
288	3.0037140000000004
289	3.0037140000000004
290	3.0037140000000004
291	3.0037140000000004
292	3.0037140000000004
293	3.0037140000000004
294	3.0037140000000004
295	3.0037140000000004
296	3.0037140000000004
297	3.0037140000000004
298	3.0037140000000004
299	3.0037140000000004
300	3.0037140000000004
301	3.0037140000000004
302	3.0037140000000004
303	3.0037140000000004
304	3.0037140000000004
305	3.0037140000000004
306	3.0037140000000004
307	3.0037140000000004
308	3.0037140000000004
309	3.0037140000000004
310	3.0037140000000004
311	3.0037140000000004
312	3.0037140000000004
313	3.0037140000000004
314	3.0037140000000004
315	3.0037140000000004
316	3.0037140000000004
317	3.0037140000000004
318	3.0037140000000004
319	3.0037140000000004
320	3.0037140000000004
321	3.0037140000000004
322	3.0037140000000004
323	3.0037140000000004
324	3.0037140000000004
325	3.0037140000000004
326	3.0037140000000004
327	3.0037140000000004
328	3.0037140000000004
329	3.0037140000000004
330	3.0037140000000004
331	3.0037140000000004
332	3.0037140000000004
333	3.0037140000000004
334	3.0037140000000004
335	3.0037140000000004
336	3.0037140000000004
337	3.0037140000000004
338	3.0037140000000004
339	3.0037140000000004
340	3.0037140000000004
341	3.0037140000000004
342	3.0037140000000004
343	3.0037140000000004
344	3.0037140000000004
345	3.0037140000000004
346	3.0037140000000004
347	3.0037140000000004
348	3.0037140000000004
349	3.0037140000000004
350	3.0037140000000004
351	3.0037140000000004
352	3.0037140000000004
353	3.0037140000000004
354	3.0037140000000004
355	3.0037140000000004
356	3.0037140000000004
357	3.0037140000000004
358	3.0037140000000004
359	3.0037140000000004
360	3.0037140000000004
361	3.0037140000000004
362	3.0037140000000004
363	3.0037140000000004
364	3.0037140000000004
365	3.0037140000000004
366	3.0037140000000004
367	3.0037140000000004
368	3.0037140000000004
369	3.0037140000000004
370	3.0037140000000004
371	3.0037140000000004
372	3.0037140000000004
373	3.0037140000000004
374	3.0037140000000004
375	3.0037140000000004
376	3.0037140000000004
377	3.0037140000000004
378	3.0037140000000004
379	3.0037140000000004
380	3.0037140000000004
381	3.0037140000000004
382	3.0037140000000004
383	3.0037140000000004
384	3.0037140000000004
385	3.0037140000000004
386	3.0037140000000004
387	3.0037140000000004
388	3.0037140000000004
389	3.0037140000000004
390	3.0037140000000004
391	3.0037140000000004
392	3.0037140000000004
393	3.0037140000000004
394	3.0037140000000004
395	3.0037140000000004
396	3.0037140000000004
397	3.0037140000000004
398	3.0037140000000004
399	3.0037140000000004
400	3.0037140000000004
401	3.0037140000000004
402	3.0037140000000004
403	3.0037140000000004
404	3.0037140000000004
405	3.0037140000000004
406	3.0037140000000004
407	3.0037140000000004
408	3.0037140000000004
409	3.0037140000000004
410	3.0037140000000004
411	3.0037140000000004
412	3.0037140000000004
413	3.0037140000000004
414	3.0037140000000004
415	3.0037140000000004
416	3.0037140000000004
417	3.0037140000000004
418	3.0037140000000004
419	3.0037140000000004
420	3.0037140000000004
421	3.0037140000000004
422	3.0037140000000004
423	3.0037140000000004
424	3.0037140000000004
425	3.0037140000000004
426	3.0037140000000004
427	3.0037140000000004
428	3.0037140000000004
429	3.0037140000000004
430	3.0037140000000004
431	3.0037140000000004
432	3.0037140000000004
433	3.0037140000000004
434	3.0037140000000004
435	3.0037140000000004
436	3.0037140000000004
437	3.0037140000000004
438	3.0037140000000004
439	3.0037140000000004
440	3.0037140000000004
441	3.0037140000000004
442	3.0037140000000004
443	3.0037140000000004
444	3.0037140000000004
445	3.0037140000000004
446	3.0037140000000004
447	3.0037140000000004
448	3.0037140000000004
449	3.0037140000000004
450	3.0037140000000004
451	3.0037140000000004
452	3.0037140000000004
453	3.0037140000000004
454	3.0037140000000004
455	3.0037140000000004
456	3.0037140000000004
457	3.0037140000000004
458	3.0037140000000004
459	3.0037140000000004
460	3.0037140000000004
461	3.0037140000000004
462	3.0037140000000004
463	3.0037140000000004
464	3.0037140000000004
465	3.0037140000000004
466	3.0037140000000004
467	3.0037140000000004
468	3.0037140000000004
469	3.0037140000000004
470	3.0037140000000004
471	3.0037140000000004
472	3.0037140000000004
473	3.0037140000000004
474	3.0037140000000004
475	3.0037140000000004
476	3.0037140000000004
477	3.0037140000000004
478	3.0037140000000004
479	3.0037140000000004
480	3.0037140000000004
481	3.0037140000000004
482	3.0037140000000004
483	3.0037140000000004
484	3.0037140000000004
485	3.0037140000000004
486	3.0037140000000004
487	3.0037140000000004
488	3.0037140000000004
489	3.0037140000000004
490	3.0037140000000004
491	3.0037140000000004
492	3.0037140000000004
493	3.0037140000000004
494	3.0037140000000004
495	3.0037140000000004
496	3.0037140000000004
497	3.0037140000000004
498	3.0037140000000004
499	3.0037140000000004
500	3.0037140000000004
501	3.0037140000000004
502	3.0037140000000004
503	3.0037140000000004
504	3.0037140000000004
505	3.0037140000000004
506	3.0037140000000004
507	3.0037140000000004
508	3.0037140000000004
509	3.0037140000000004
510	3.0037140000000004
511	3.0037140000000004
512	3.0037140000000004
513	3.0037140000000004
514	3.0037140000000004
515	3.0037140000000004
516	3.0037140000000004
517	3.0037140000000004
518	3.0037140000000004
519	3.0037140000000004
520	3.0037140000000004
521	3.0037140000000004
522	3.0037140000000004
523	3.0037140000000004
524	3.0037140000000004
525	3.0037140000000004
526	3.0037140000000004
527	3.0037140000000004
528	3.0037140000000004
529	3.0037140000000004
530	3.0037140000000004
531	3.0037140000000004
532	3.0037140000000004
533	3.0037140000000004
534	3.0037140000000004
535	3.0037140000000004
536	3.0037140000000004
537	3.0037140000000004
538	3.0037140000000004
539	3.0037140000000004
540	3.0037140000000004
541	3.0037140000000004
542	3.0037140000000004
543	3.0037140000000004
544	3.0037140000000004
545	3.0037140000000004
546	3.0037140000000004
547	3.0037140000000004
548	3.0037140000000004
549	3.0037140000000004
550	3.0037140000000004
551	3.0037140000000004
552	3.0037140000000004
553	3.0037140000000004
554	3.0037140000000004
555	3.0037140000000004
556	3.0037140000000004
557	3.0037140000000004
558	3.0037140000000004
559	3.0037140000000004
560	3.0037140000000004
561	3.0037140000000004
562	3.0037140000000004
563	3.0037140000000004
564	3.0037140000000004
565	3.0037140000000004
566	3.0037140000000004
567	3.0037140000000004
568	3.0037140000000004
569	3.0037140000000004
570	3.0037140000000004
571	3.0037140000000004
572	3.0037140000000004
573	3.0037140000000004
574	3.0037140000000004
575	3.0037140000000004
576	3.0037140000000004
577	3.0037140000000004
578	3.0037140000000004
579	3.0037140000000004
580	3.0037140000000004
581	3.0037140000000004
582	3.0037140000000004
583	3.0037140000000004
584	3.0037140000000004
585	3.0037140000000004
586	3.0037140000000004
587	3.0037140000000004
588	3.0037140000000004
589	3.0037140000000004
590	3.0037140000000004
591	3.0037140000000004
592	3.0037140000000004
593	3.0037140000000004
594	3.0037140000000004
595	3.0037140000000004
596	3.0037140000000004
597	3.0037140000000004
598	3.0037140000000004
599	3.0037140000000004
600	3.0037140000000004
601	3.0037140000000004
602	3.0037140000000004
603	3.0037140000000004
604	3.0037140000000004
605	3.0037140000000004
606	3.0037140000000004
607	3.0037140000000004
608	3.0037140000000004
609	3.0037140000000004
610	3.0037140000000004
611	3.0037140000000004
612	3.0037140000000004
613	3.0037140000000004
614	3.0037140000000004
615	3.0037140000000004
616	3.0037140000000004
617	3.0037140000000004
618	3.0037140000000004
619	3.0037140000000004
620	3.0037140000000004
621	3.0037140000000004
622	3.0037140000000004
623	3.0037140000000004
624	3.0037140000000004
625	3.0037140000000004
626	3.0037140000000004
627	3.0037140000000004
628	3.0037140000000004
629	3.0037140000000004
630	3.0037140000000004
631	3.0037140000000004
632	3.0037140000000004
633	3.0037140000000004
634	3.0037140000000004
635	3.0037140000000004
636	3.0037140000000004
637	3.0037140000000004
638	3.0037140000000004
639	3.0037140000000004
640	3.0037140000000004
641	3.0037140000000004
642	3.0037140000000004
643	3.0037140000000004
644	3.0037140000000004
645	3.0037140000000004
646	3.0037140000000004
647	3.0037140000000004
648	3.0037140000000004
649	3.0037140000000004
650	3.0037140000000004
651	3.0037140000000004
652	3.0037140000000004
653	3.0037140000000004
654	3.0037140000000004
655	3.0037140000000004
656	3.0037140000000004
657	3.0037140000000004
658	3.0037140000000004
659	3.0037140000000004
660	3.0037140000000004
661	3.0037140000000004
662	3.0037140000000004
663	3.0037140000000004
664	3.0037140000000004
665	3.0037140000000004
666	3.0037140000000004
667	3.0037140000000004
668	3.0037140000000004
669	3.0037140000000004
670	3.0037140000000004
671	3.0037140000000004
672	3.0037140000000004
673	3.0037140000000004
674	3.0037140000000004
675	3.0037140000000004
676	3.0037140000000004
677	3.0037140000000004
678	3.0037140000000004
679	3.0037140000000004
680	3.0037140000000004
681	3.0037140000000004
682	3.0037140000000004
683	3.0037140000000004
684	3.0037140000000004
685	3.0037140000000004
686	3.0037140000000004
687	3.0037140000000004
688	3.0037140000000004
689	3.0037140000000004
690	3.0037140000000004
691	3.0037140000000004
692	3.0037140000000004
693	3.0037140000000004
694	3.0037140000000004
695	3.0037140000000004
696	3.0037140000000004
697	3.0037140000000004
698	3.0037140000000004
699	3.0037140000000004
700	3.0037140000000004
701	3.0037140000000004
702	3.0037140000000004
703	3.0037140000000004
704	3.0037140000000004
705	3.0037140000000004
706	3.0037140000000004
707	3.0037140000000004
708	3.0037140000000004
709	3.0037140000000004
710	3.0037140000000004
711	3.0037140000000004
712	3.0037140000000004
713	3.0037140000000004
714	3.0037140000000004
715	3.0037140000000004
716	3.0037140000000004
717	3.0037140000000004
718	3.0037140000000004
719	3.0037140000000004
720	3.0037140000000004
721	3.0037140000000004
722	3.0037140000000004
723	3.0037140000000004
724	3.0037140000000004
725	3.0037140000000004
726	3.0037140000000004
727	3.0037140000000004
728	3.0037140000000004
729	3.0037140000000004
730	3.0037140000000004
731	3.0037140000000004
732	3.0037140000000004
733	3.0037140000000004
734	3.0037140000000004
735	3.0037140000000004
736	3.0037140000000004
737	3.0037140000000004
738	3.0037140000000004
739	3.0037140000000004
740	3.0037140000000004
741	3.0037140000000004
742	3.0037140000000004
743	3.0037140000000004
744	3.0037140000000004
745	3.0037140000000004
746	3.0037140000000004
747	3.0037140000000004
748	3.0037140000000004
749	3.0037140000000004
750	3.0037140000000004
751	3.0037140000000004
752	3.0037140000000004
753	3.0037140000000004
754	3.0037140000000004
755	3.0037140000000004
756	3.0037140000000004
757	3.0037140000000004
758	3.0037140000000004
759	3.0037140000000004
760	3.0037140000000004
761	3.0037140000000004
762	3.0037140000000004
763	3.0037140000000004
764	3.0037140000000004
765	3.0037140000000004
766	3.0037140000000004
767	3.0037140000000004
768	3.0037140000000004
769	3.0037140000000004
770	3.0037140000000004
771	3.0037140000000004
772	3.0037140000000004
773	3.0037140000000004
774	3.0037140000000004
775	3.0037140000000004
776	3.0037140000000004
777	3.0037140000000004
778	3.0037140000000004
779	3.0037140000000004
780	3.0037140000000004
781	3.0037140000000004
782	3.0037140000000004
783	3.0037140000000004
784	3.0037140000000004
785	3.0037140000000004
786	3.0037140000000004
787	3.0037140000000004
788	3.0037140000000004
789	3.0037140000000004
790	3.0037140000000004
791	3.0037140000000004
792	3.0037140000000004
793	3.0037140000000004
794	3.0037140000000004
795	3.0037140000000004
796	3.0037140000000004
797	3.0037140000000004
798	3.0037140000000004
799	3.0037140000000004
800	3.0037140000000004
801	3.0037140000000004
802	3.0037140000000004
803	3.0037140000000004
804	3.0037140000000004
805	3.0037140000000004
806	3.0037140000000004
807	3.0037140000000004
808	3.0037140000000004
809	3.0037140000000004
810	3.0037140000000004
811	3.0037140000000004
812	3.0037140000000004
813	3.0037140000000004
814	3.0037140000000004
815	3.0037140000000004
816	3.0037140000000004
817	3.0037140000000004
818	3.0037140000000004
819	3.0037140000000004
820	3.0037140000000004
821	3.0037140000000004
822	3.0037140000000004
823	3.0037140000000004
824	3.0037140000000004
825	3.0037140000000004
826	3.0037140000000004
827	3.0037140000000004
828	3.0037140000000004
829	3.0037140000000004
830	3.0037140000000004
831	3.0037140000000004
832	3.0037140000000004
833	3.0037140000000004
834	3.0037140000000004
835	3.0037140000000004
836	3.0037140000000004
837	3.0037140000000004
838	3.0037140000000004
839	3.0037140000000004
840	3.0037140000000004
841	3.0037140000000004
842	3.0037140000000004
843	3.0037140000000004
844	3.0037140000000004
845	3.0037140000000004
846	3.0037140000000004
847	3.0037140000000004
848	3.0037140000000004
849	3.0037140000000004
850	3.0037140000000004
851	3.0037140000000004
852	3.0037140000000004
853	3.0037140000000004
854	3.0037140000000004
855	3.0037140000000004
856	3.0037140000000004
857	3.0037140000000004
858	3.0037140000000004
859	3.0037140000000004
860	3.0037140000000004
861	3.0037140000000004
862	3.0037140000000004
863	3.0037140000000004
864	3.0037140000000004
865	3.0037140000000004
866	3.0037140000000004
867	3.0037140000000004
868	3.0037140000000004
869	3.0037140000000004
870	3.0037140000000004
871	3.0037140000000004
872	3.0037140000000004
873	3.0037140000000004
874	3.0037140000000004
875	3.0037140000000004
876	3.0037140000000004
877	3.0037140000000004
878	3.0037140000000004
879	3.0037140000000004
880	3.0037140000000004
881	3.0037140000000004
882	3.0037140000000004
883	3.0037140000000004
884	3.0037140000000004
885	3.0037140000000004
886	3.0037140000000004
887	3.0037140000000004
888	3.0037140000000004
889	3.0037140000000004
890	3.0037140000000004
891	3.0037140000000004
892	3.0037140000000004
893	3.0037140000000004
894	3.0037140000000004
895	3.0037140000000004
896	3.0037140000000004
897	3.0037140000000004
898	3.0037140000000004
899	3.0037140000000004
900	3.0037140000000004
901	3.0037140000000004
902	3.0037140000000004
903	3.0037140000000004
904	3.0037140000000004
905	3.0037140000000004
906	3.0037140000000004
907	3.0037140000000004
908	3.0037140000000004
909	3.0037140000000004
910	3.0037140000000004
911	3.0037140000000004
912	3.0037140000000004
913	3.0037140000000004
914	3.0037140000000004
915	3.0037140000000004
916	3.0037140000000004
917	3.0037140000000004
918	3.0037140000000004
919	3.0037140000000004
920	3.0037140000000004
921	3.0037140000000004
922	3.0037140000000004
923	3.0037140000000004
924	3.0037140000000004
925	3.0037140000000004
926	3.0037140000000004
927	3.0037140000000004
928	3.0037140000000004
929	3.0037140000000004
930	3.0037140000000004
931	3.0037140000000004
932	3.0037140000000004
933	3.0037140000000004
934	3.0037140000000004
935	3.0037140000000004
936	3.0037140000000004
937	3.0037140000000004
938	3.0037140000000004
939	3.0037140000000004
940	3.0037140000000004
941	3.0037140000000004
942	3.0037140000000004
943	3.0037140000000004
944	3.0037140000000004
945	3.0037140000000004
946	3.0037140000000004
947	3.0037140000000004
948	3.0037140000000004
949	3.0037140000000004
950	3.0037140000000004
951	3.0037140000000004
952	3.0037140000000004
953	3.0037140000000004
954	3.0037140000000004
955	3.0037140000000004
956	3.0037140000000004
957	3.0037140000000004
958	3.0037140000000004
959	3.0037140000000004
960	3.0037140000000004
961	3.0037140000000004
962	3.0037140000000004
963	3.0037140000000004
964	3.0037140000000004
965	3.0037140000000004
966	3.0037140000000004
967	3.0037140000000004
968	3.0037140000000004
969	3.0037140000000004
970	3.0037140000000004
971	3.0037140000000004
972	3.0037140000000004
973	3.0037140000000004
974	3.0037140000000004
975	3.0037140000000004
976	3.0037140000000004
977	3.0037140000000004
978	3.0037140000000004
979	3.0037140000000004
980	3.0037140000000004
981	3.0037140000000004
982	3.0037140000000004
983	3.0037140000000004
984	3.0037140000000004
985	3.0037140000000004
986	3.0037140000000004
987	3.0037140000000004
988	3.0037140000000004
989	3.0037140000000004
990	3.0037140000000004
991	3.0037140000000004
992	3.0037140000000004
993	3.0037140000000004
994	3.0037140000000004
995	3.0037140000000004
996	3.0037140000000004
997	3.0037140000000004
998	3.0037140000000004
999	3.0037140000000004
1000	3.0037140000000004
minimum found: [0.352, -1.697, -0.001], 3.0037140000000004

