MINIMIZING PARABOLA (1000 gens, gray)
PARABOLA
1000
gray
Gen #	minima
1	2025.7690010000001
2	306.771357
3	205.009158
4	178.383896
5	178.383896
6	178.383896
7	83.836297
8	83.836297
9	83.836297
10	83.836297
11	83.836297
12	66.282361
13	32.007731
14	22.641716000000002
15	22.641716000000002
16	22.641716000000002
17	22.641716000000002
18	22.641716000000002
19	22.641716000000002
20	22.641716000000002
21	22.641716000000002
22	22.257425
23	22.257425
24	18.114134
25	17.928089
26	17.925728
27	17.919252
28	16.142217
29	3.6030740000000008
30	3.6030740000000008
31	3.6007130000000007
32	3.589102
33	3.589102
34	3.589102
35	3.589102
36	1.817224
37	1.817224
38	1.817224
39	1.025785
40	1.025785
41	1.0210370000000002
42	1.0210370000000002
43	0.435272
44	0.434413
45	0.434413
46	0.36587499999999995
47	0.36587499999999995
48	0.36587499999999995
49	0.36587499999999995
50	0.36587499999999995
51	0.36587499999999995
52	0.36501799999999995
53	0.36501799999999995
54	0.36501799999999995
55	0.36501799999999995
56	0.36501799999999995
57	0.36501799999999995
58	0.36501799999999995
59	0.36501799999999995
60	0.36501799999999995
61	0.36501799999999995
62	0.34398799999999996
63	0.34398799999999996
64	0.34398799999999996
65	0.34398799999999996
66	0.34398799999999996
67	0.33733199999999997
68	0.33733199999999997
69	0.33733199999999997
70	0.33733199999999997
71	0.33733199999999997
72	0.17605200000000001
73	0.17605200000000001
74	0.17605200000000001
75	0.17605200000000001
76	0.17605200000000001
77	0.17581700000000003
78	0.17581700000000003
79	0.16842900000000002
80	0.16493700000000003
81	0.16493700000000003
82	0.16013000000000002
83	0.117369
84	0.117369
85	0.108179
86	0.09993
87	0.097662
88	0.097662
89	0.097662
90	0.097662
91	0.097662
92	0.09126599999999999
93	0.014569999999999998
94	0.014569999999999998
95	0.011986999999999998
96	0.006675
97	0.006675
98	0.006675
99	0.006675
100	0.006675
101	0.006675
102	0.002562
103	0.002483
104	0.002483
105	0.001737
106	0.001737
107	0.001737
108	0.001737
109	0.001658
110	0.001658
111	0.001658
112	0.001658
113	0.001658
114	0.001553
115	0.001553
116	0.001553
117	0.001553
118	0.001553
119	0.001553
120	0.001553
121	0.001553
122	0.001553
123	0.001553
124	0.001545
125	0.001534
126	0.001534
127	0.001534
128	0.0007340000000000002
129	0.0006590000000000001
130	0.0006510000000000001
131	0.0006510000000000001
132	0.0006510000000000001
133	0.0006510000000000001
134	0.000529
135	0.000529
136	0.000529
137	0.000529
138	0.000513
139	0.000513
140	0.000513
141	0.000513
142	0.000513
143	0.0005099999999999999
144	0.0005099999999999999
145	0.0005099999999999999
146	0.0005099999999999999
147	0.00010999999999999999
148	0.00010999999999999999
149	0.00010999999999999999
150	0.00010999999999999999
151	0.00010999999999999999
152	0.00010999999999999999
153	0.000107
154	0.000107
155	0.000107
156	0.000107
157	0.000107
158	0.000107
159	0.000107
160	0.000107
161	0.000107
162	0.000107
163	0.000107
164	0.000107
165	0.000107
166	0.000107
167	0.000107
168	0.000107
169	0.000107
170	0.000107
171	0.000107
172	0.000107
173	0.000107
174	0.000107
175	0.000107
176	0.000107
177	6.500000000000001e-05
178	6.500000000000001e-05
179	6.500000000000001e-05
180	6.500000000000001e-05
181	6.500000000000001e-05
182	6.500000000000001e-05
183	6.500000000000001e-05
184	6.500000000000001e-05
185	6.500000000000001e-05
186	6.500000000000001e-05
187	6.500000000000001e-05
188	6.500000000000001e-05
189	5.4e-05
190	5.4e-05
191	5.4e-05
192	5.4e-05
193	3.3e-05
194	3e-05
195	3e-05
196	2.3999999999999997e-05
197	1.2e-05
198	1.2e-05
199	1.2e-05
200	1.2e-05
201	1.2e-05
202	1.2e-05
203	1.2e-05
204	1.2e-05
205	1.2e-05
206	1.2e-05
207	1.2e-05
208	1.2e-05
209	1.2e-05
210	1.2e-05
211	1.2e-05
212	1.2e-05
213	1.2e-05
214	1.2e-05
215	1.2e-05
216	8.999999999999999e-06
217	8.999999999999999e-06
218	8.999999999999999e-06
219	8.999999999999999e-06
220	8.999999999999999e-06
221	5.999999999999999e-06
222	5.999999999999999e-06
223	5.999999999999999e-06
224	5.999999999999999e-06
225	5.999999999999999e-06
226	5.999999999999999e-06
227	5.999999999999999e-06
228	4.9999999999999996e-06
229	4.9999999999999996e-06
230	4.9999999999999996e-06
231	4.9999999999999996e-06
232	4.9999999999999996e-06
233	4.9999999999999996e-06
234	4.9999999999999996e-06
235	4.9999999999999996e-06
236	4.9999999999999996e-06
237	4.9999999999999996e-06
238	4.9999999999999996e-06
239	4.9999999999999996e-06
240	4.9999999999999996e-06
241	3e-06
242	3e-06
243	3e-06
244	3e-06
245	3e-06
246	1e-06
247	1e-06
248	1e-06
249	1e-06
250	1e-06
251	1e-06
252	1e-06
253	1e-06
254	1e-06
255	1e-06
256	1e-06
257	1e-06
258	1e-06
259	1e-06
260	1e-06
261	1e-06
262	1e-06
263	1e-06
264	1e-06
265	1e-06
266	1e-06
267	1e-06
268	1e-06
269	1e-06
270	1e-06
271	1e-06
272	1e-06
273	1e-06
274	1e-06
275	0.0
276	0.0
277	0.0
278	0.0
279	0.0
280	0.0
281	0.0
282	0.0
283	0.0
284	0.0
285	0.0
286	0.0
287	0.0
288	0.0
289	0.0
290	0.0
291	0.0
292	0.0
293	0.0
294	0.0
295	0.0
296	0.0
297	0.0
298	0.0
299	0.0
300	0.0
301	0.0
302	0.0
303	0.0
304	0.0
305	0.0
306	0.0
307	0.0
308	0.0
309	0.0
310	0.0
311	0.0
312	0.0
313	0.0
314	0.0
315	0.0
316	0.0
317	0.0
318	0.0
319	0.0
320	0.0
321	0.0
322	0.0
323	0.0
324	0.0
325	0.0
326	0.0
327	0.0
328	0.0
329	0.0
330	0.0
331	0.0
332	0.0
333	0.0
334	0.0
335	0.0
336	0.0
337	0.0
338	0.0
339	0.0
340	0.0
341	0.0
342	0.0
343	0.0
344	0.0
345	0.0
346	0.0
347	0.0
348	0.0
349	0.0
350	0.0
351	0.0
352	0.0
353	0.0
354	0.0
355	0.0
356	0.0
357	0.0
358	0.0
359	0.0
360	0.0
361	0.0
362	0.0
363	0.0
364	0.0
365	0.0
366	0.0
367	0.0
368	0.0
369	0.0
370	0.0
371	0.0
372	0.0
373	0.0
374	0.0
375	0.0
376	0.0
377	0.0
378	0.0
379	0.0
380	0.0
381	0.0
382	0.0
383	0.0
384	0.0
385	0.0
386	0.0
387	0.0
388	0.0
389	0.0
390	0.0
391	0.0
392	0.0
393	0.0
394	0.0
395	0.0
396	0.0
397	0.0
398	0.0
399	0.0
400	0.0
401	0.0
402	0.0
403	0.0
404	0.0
405	0.0
406	0.0
407	0.0
408	0.0
409	0.0
410	0.0
411	0.0
412	0.0
413	0.0
414	0.0
415	0.0
416	0.0
417	0.0
418	0.0
419	0.0
420	0.0
421	0.0
422	0.0
423	0.0
424	0.0
425	0.0
426	0.0
427	0.0
428	0.0
429	0.0
430	0.0
431	0.0
432	0.0
433	0.0
434	0.0
435	0.0
436	0.0
437	0.0
438	0.0
439	0.0
440	0.0
441	0.0
442	0.0
443	0.0
444	0.0
445	0.0
446	0.0
447	0.0
448	0.0
449	0.0
450	0.0
451	0.0
452	0.0
453	0.0
454	0.0
455	0.0
456	0.0
457	0.0
458	0.0
459	0.0
460	0.0
461	0.0
462	0.0
463	0.0
464	0.0
465	0.0
466	0.0
467	0.0
468	0.0
469	0.0
470	0.0
471	0.0
472	0.0
473	0.0
474	0.0
475	0.0
476	0.0
477	0.0
478	0.0
479	0.0
480	0.0
481	0.0
482	0.0
483	0.0
484	0.0
485	0.0
486	0.0
487	0.0
488	0.0
489	0.0
490	0.0
491	0.0
492	0.0
493	0.0
494	0.0
495	0.0
496	0.0
497	0.0
498	0.0
499	0.0
500	0.0
501	0.0
502	0.0
503	0.0
504	0.0
505	0.0
506	0.0
507	0.0
508	0.0
509	0.0
510	0.0
511	0.0
512	0.0
513	0.0
514	0.0
515	0.0
516	0.0
517	0.0
518	0.0
519	0.0
520	0.0
521	0.0
522	0.0
523	0.0
524	0.0
525	0.0
526	0.0
527	0.0
528	0.0
529	0.0
530	0.0
531	0.0
532	0.0
533	0.0
534	0.0
535	0.0
536	0.0
537	0.0
538	0.0
539	0.0
540	0.0
541	0.0
542	0.0
543	0.0
544	0.0
545	0.0
546	0.0
547	0.0
548	0.0
549	0.0
550	0.0
551	0.0
552	0.0
553	0.0
554	0.0
555	0.0
556	0.0
557	0.0
558	0.0
559	0.0
560	0.0
561	0.0
562	0.0
563	0.0
564	0.0
565	0.0
566	0.0
567	0.0
568	0.0
569	0.0
570	0.0
571	0.0
572	0.0
573	0.0
574	0.0
575	0.0
576	0.0
577	0.0
578	0.0
579	0.0
580	0.0
581	0.0
582	0.0
583	0.0
584	0.0
585	0.0
586	0.0
587	0.0
588	0.0
589	0.0
590	0.0
591	0.0
592	0.0
593	0.0
594	0.0
595	0.0
596	0.0
597	0.0
598	0.0
599	0.0
600	0.0
601	0.0
602	0.0
603	0.0
604	0.0
605	0.0
606	0.0
607	0.0
608	0.0
609	0.0
610	0.0
611	0.0
612	0.0
613	0.0
614	0.0
615	0.0
616	0.0
617	0.0
618	0.0
619	0.0
620	0.0
621	0.0
622	0.0
623	0.0
624	0.0
625	0.0
626	0.0
627	0.0
628	0.0
629	0.0
630	0.0
631	0.0
632	0.0
633	0.0
634	0.0
635	0.0
636	0.0
637	0.0
638	0.0
639	0.0
640	0.0
641	0.0
642	0.0
643	0.0
644	0.0
645	0.0
646	0.0
647	0.0
648	0.0
649	0.0
650	0.0
651	0.0
652	0.0
653	0.0
654	0.0
655	0.0
656	0.0
657	0.0
658	0.0
659	0.0
660	0.0
661	0.0
662	0.0
663	0.0
664	0.0
665	0.0
666	0.0
667	0.0
668	0.0
669	0.0
670	0.0
671	0.0
672	0.0
673	0.0
674	0.0
675	0.0
676	0.0
677	0.0
678	0.0
679	0.0
680	0.0
681	0.0
682	0.0
683	0.0
684	0.0
685	0.0
686	0.0
687	0.0
688	0.0
689	0.0
690	0.0
691	0.0
692	0.0
693	0.0
694	0.0
695	0.0
696	0.0
697	0.0
698	0.0
699	0.0
700	0.0
701	0.0
702	0.0
703	0.0
704	0.0
705	0.0
706	0.0
707	0.0
708	0.0
709	0.0
710	0.0
711	0.0
712	0.0
713	0.0
714	0.0
715	0.0
716	0.0
717	0.0
718	0.0
719	0.0
720	0.0
721	0.0
722	0.0
723	0.0
724	0.0
725	0.0
726	0.0
727	0.0
728	0.0
729	0.0
730	0.0
731	0.0
732	0.0
733	0.0
734	0.0
735	0.0
736	0.0
737	0.0
738	0.0
739	0.0
740	0.0
741	0.0
742	0.0
743	0.0
744	0.0
745	0.0
746	0.0
747	0.0
748	0.0
749	0.0
750	0.0
751	0.0
752	0.0
753	0.0
754	0.0
755	0.0
756	0.0
757	0.0
758	0.0
759	0.0
760	0.0
761	0.0
762	0.0
763	0.0
764	0.0
765	0.0
766	0.0
767	0.0
768	0.0
769	0.0
770	0.0
771	0.0
772	0.0
773	0.0
774	0.0
775	0.0
776	0.0
777	0.0
778	0.0
779	0.0
780	0.0
781	0.0
782	0.0
783	0.0
784	0.0
785	0.0
786	0.0
787	0.0
788	0.0
789	0.0
790	0.0
791	0.0
792	0.0
793	0.0
794	0.0
795	0.0
796	0.0
797	0.0
798	0.0
799	0.0
800	0.0
801	0.0
802	0.0
803	0.0
804	0.0
805	0.0
806	0.0
807	0.0
808	0.0
809	0.0
810	0.0
811	0.0
812	0.0
813	0.0
814	0.0
815	0.0
816	0.0
817	0.0
818	0.0
819	0.0
820	0.0
821	0.0
822	0.0
823	0.0
824	0.0
825	0.0
826	0.0
827	0.0
828	0.0
829	0.0
830	0.0
831	0.0
832	0.0
833	0.0
834	0.0
835	0.0
836	0.0
837	0.0
838	0.0
839	0.0
840	0.0
841	0.0
842	0.0
843	0.0
844	0.0
845	0.0
846	0.0
847	0.0
848	0.0
849	0.0
850	0.0
851	0.0
852	0.0
853	0.0
854	0.0
855	0.0
856	0.0
857	0.0
858	0.0
859	0.0
860	0.0
861	0.0
862	0.0
863	0.0
864	0.0
865	0.0
866	0.0
867	0.0
868	0.0
869	0.0
870	0.0
871	0.0
872	0.0
873	0.0
874	0.0
875	0.0
876	0.0
877	0.0
878	0.0
879	0.0
880	0.0
881	0.0
882	0.0
883	0.0
884	0.0
885	0.0
886	0.0
887	0.0
888	0.0
889	0.0
890	0.0
891	0.0
892	0.0
893	0.0
894	0.0
895	0.0
896	0.0
897	0.0
898	0.0
899	0.0
900	0.0
901	0.0
902	0.0
903	0.0
904	0.0
905	0.0
906	0.0
907	0.0
908	0.0
909	0.0
910	0.0
911	0.0
912	0.0
913	0.0
914	0.0
915	0.0
916	0.0
917	0.0
918	0.0
919	0.0
920	0.0
921	0.0
922	0.0
923	0.0
924	0.0
925	0.0
926	0.0
927	0.0
928	0.0
929	0.0
930	0.0
931	0.0
932	0.0
933	0.0
934	0.0
935	0.0
936	0.0
937	0.0
938	0.0
939	0.0
940	0.0
941	0.0
942	0.0
943	0.0
944	0.0
945	0.0
946	0.0
947	0.0
948	0.0
949	0.0
950	0.0
951	0.0
952	0.0
953	0.0
954	0.0
955	0.0
956	0.0
957	0.0
958	0.0
959	0.0
960	0.0
961	0.0
962	0.0
963	0.0
964	0.0
965	0.0
966	0.0
967	0.0
968	0.0
969	0.0
970	0.0
971	0.0
972	0.0
973	0.0
974	0.0
975	0.0
976	0.0
977	0.0
978	0.0
979	0.0
980	0.0
981	0.0
982	0.0
983	0.0
984	0.0
985	0.0
986	0.0
987	0.0
988	0.0
989	0.0
990	0.0
991	0.0
992	0.0
993	0.0
994	0.0
995	0.0
996	0.0
997	0.0
998	0.0
999	0.0
1000	0.0
minimum found: [0.0, 0.0, 0.0], 0.0

