MINIMIZING ROSENBROCK'S SADDLE (1000 gens, gray)
ROSENBROCK'S SADDLE
1000
gray
Gen #	minima
1	0.20000000000000115
2	0.20000000000000115
3	0.20000000000000115
4	0.20000000000000115
5	0.20000000000000115
6	0.055456000000000116
7	0.055456000000000116
8	0.055456000000000116
9	0.055456000000000116
10	0.03999999999999998
11	0.03999999999999998
12	0.03999999999999998
13	0.03999999999999998
14	0.03999999999999998
15	0.03999999999999998
16	0.03999999999999998
17	0.03999999999999998
18	0.03999999999999998
19	0.03999999999999998
20	0.03999999999999998
21	0.03999999999999998
22	0.03999999999999998
23	0.03999999999999998
24	0.03999999999999998
25	0.03999999999999998
26	0.03999999999999998
27	0.03999999999999998
28	0.03999999999999998
29	0.03999999999999998
30	0.03999999999999998
31	0.03999999999999998
32	0.03999999999999998
33	0.03999999999999998
34	0.03999999999999998
35	0.03999999999999998
36	0.03999999999999998
37	0.03999999999999998
38	0.03999999999999998
39	0.03999999999999998
40	0.03999999999999998
41	0.03999999999999998
42	0.03999999999999998
43	0.03999999999999998
44	0.03999999999999998
45	0.03999999999999998
46	0.03999999999999998
47	0.03999999999999998
48	0.03999999999999998
49	0.03999999999999998
50	0.03999999999999998
51	0.03999999999999998
52	0.03999999999999998
53	0.03999999999999998
54	0.03999999999999998
55	0.03999999999999998
56	0.03999999999999998
57	0.03999999999999998
58	0.03999999999999998
59	0.03999999999999998
60	0.03999999999999998
61	0.03999999999999998
62	0.03999999999999998
63	0.03999999999999998
64	0.03999999999999998
65	0.03999999999999998
66	0.03999999999999998
67	0.03999999999999998
68	0.03999999999999998
69	0.03999999999999998
70	0.03999999999999998
71	0.03999999999999998
72	0.03999999999999998
73	0.03999999999999998
74	0.03999999999999998
75	0.03999999999999998
76	0.03999999999999998
77	0.03999999999999998
78	0.03999999999999998
79	0.03999999999999998
80	0.03999999999999998
81	0.03999999999999998
82	0.03999999999999998
83	0.03999999999999998
84	0.03999999999999998
85	0.03999999999999998
86	0.03999999999999998
87	0.03999999999999998
88	0.03999999999999998
89	0.03999999999999998
90	0.03999999999999998
91	0.03999999999999998
92	0.03999999999999998
93	0.03999999999999998
94	0.03999999999999998
95	0.03999999999999998
96	0.03999999999999998
97	0.03999999999999998
98	0.03999999999999998
99	0.03999999999999998
100	0.03999999999999998
101	0.03999999999999998
102	0.03999999999999998
103	0.03999999999999998
104	0.03999999999999998
105	0.03999999999999998
106	0.03999999999999998
107	0.03999999999999998
108	0.03999999999999998
109	0.03999999999999998
110	0.03999999999999998
111	0.03999999999999998
112	0.03999999999999998
113	0.03999999999999998
114	0.03999999999999998
115	0.03999999999999998
116	0.03999999999999998
117	0.03999999999999998
118	0.03999999999999998
119	0.03999999999999998
120	0.03999999999999998
121	0.03999999999999998
122	0.03999999999999998
123	0.03999999999999998
124	0.03999999999999998
125	0.03999999999999998
126	0.03999999999999998
127	0.03999999999999998
128	0.03999999999999998
129	0.03999999999999998
130	0.03999999999999998
131	0.03999999999999998
132	0.03999999999999998
133	0.03999999999999998
134	0.03999999999999998
135	0.03999999999999998
136	0.03999999999999998
137	0.03999999999999998
138	0.03999999999999998
139	0.03999999999999998
140	0.03999999999999998
141	0.03999999999999998
142	0.03999999999999998
143	0.03999999999999998
144	0.03999999999999998
145	0.03999999999999998
146	0.03999999999999998
147	0.03999999999999998
148	0.03999999999999998
149	0.03999999999999998
150	0.03999999999999998
151	0.03999999999999998
152	0.03999999999999998
153	0.03999999999999998
154	0.03999999999999998
155	0.03999999999999998
156	0.03999999999999998
157	0.03999999999999998
158	0.03999999999999998
159	0.03999999999999998
160	0.03999999999999998
161	0.03999999999999998
162	0.03999999999999998
163	0.03999999999999998
164	0.03999999999999998
165	0.03999999999999998
166	0.03999999999999998
167	0.03999999999999998
168	0.03999999999999998
169	0.03999999999999998
170	0.03999999999999998
171	0.03999999999999998
172	0.03999999999999998
173	0.03999999999999998
174	0.03999999999999998
175	0.03999999999999998
176	0.03999999999999998
177	0.03999999999999998
178	0.03999999999999998
179	0.03999999999999998
180	0.03999999999999998
181	0.03999999999999998
182	0.03999999999999998
183	0.03999999999999998
184	0.03999999999999998
185	0.03999999999999998
186	0.03999999999999998
187	0.03999999999999998
188	0.03999999999999998
189	0.03999999999999998
190	0.03999999999999998
191	0.03999999999999998
192	0.03999999999999998
193	0.03999999999999998
194	0.03999999999999998
195	0.03999999999999998
196	0.03999999999999998
197	0.03999999999999998
198	0.03999999999999998
199	0.03999999999999998
200	0.03999999999999998
201	0.03999999999999998
202	0.03999999999999998
203	0.03999999999999998
204	0.03999999999999998
205	0.03999999999999998
206	0.03999999999999998
207	0.03999999999999998
208	0.03999999999999998
209	0.03999999999999998
210	0.03999999999999998
211	0.03999999999999998
212	0.03999999999999998
213	0.03999999999999998
214	0.03999999999999998
215	0.03999999999999998
216	0.03999999999999998
217	0.03999999999999998
218	0.03999999999999998
219	0.03999999999999998
220	0.03999999999999998
221	0.03999999999999998
222	0.03999999999999998
223	0.03999999999999998
224	0.03999999999999998
225	0.03999999999999998
226	0.03999999999999998
227	0.03999999999999998
228	0.03999999999999998
229	0.03999999999999998
230	0.03999999999999998
231	0.03999999999999998
232	0.03999999999999998
233	0.03999999999999998
234	0.03999999999999998
235	0.03999999999999998
236	0.03999999999999998
237	0.03999999999999998
238	0.03999999999999998
239	0.03999999999999998
240	0.03999999999999998
241	0.03999999999999998
242	0.03999999999999998
243	0.03999999999999998
244	0.03999999999999998
245	0.03999999999999998
246	0.03999999999999998
247	0.03999999999999998
248	0.03999999999999998
249	0.03999999999999998
250	0.03999999999999998
251	0.03999999999999998
252	0.03999999999999998
253	0.03999999999999998
254	0.03999999999999998
255	0.03999999999999998
256	0.03999999999999998
257	0.03999999999999998
258	0.03999999999999998
259	0.03999999999999998
260	0.03999999999999998
261	0.03999999999999998
262	0.03999999999999998
263	0.03999999999999998
264	0.03999999999999998
265	0.03999999999999998
266	0.03999999999999998
267	0.03999999999999998
268	0.03999999999999998
269	0.03999999999999998
270	0.03999999999999998
271	0.03999999999999998
272	0.03999999999999998
273	0.03999999999999998
274	0.03999999999999998
275	0.03999999999999998
276	0.03999999999999998
277	0.03999999999999998
278	0.03999999999999998
279	0.03999999999999998
280	0.03999999999999998
281	0.03999999999999998
282	0.03999999999999998
283	0.03999999999999998
284	0.03999999999999998
285	0.03999999999999998
286	0.03999999999999998
287	0.03999999999999998
288	0.03999999999999998
289	0.03999999999999998
290	0.03999999999999998
291	0.03999999999999998
292	0.03999999999999998
293	0.03999999999999998
294	0.03999999999999998
295	0.03999999999999998
296	0.03999999999999998
297	0.03999999999999998
298	0.03999999999999998
299	0.03999999999999998
300	0.03999999999999998
301	0.03999999999999998
302	0.03999999999999998
303	0.03999999999999998
304	0.03999999999999998
305	0.03999999999999998
306	0.03999999999999998
307	0.03999999999999998
308	0.03999999999999998
309	0.03999999999999998
310	0.03999999999999998
311	0.03999999999999998
312	0.03999999999999998
313	0.03999999999999998
314	0.03999999999999998
315	0.03999999999999998
316	0.03999999999999998
317	0.03999999999999998
318	0.03999999999999998
319	0.03999999999999998
320	0.03999999999999998
321	0.03999999999999998
322	0.03999999999999998
323	0.03999999999999998
324	0.03999999999999998
325	0.03999999999999998
326	0.03999999999999998
327	0.03999999999999998
328	0.03999999999999998
329	0.03999999999999998
330	0.03999999999999998
331	0.03999999999999998
332	0.03999999999999998
333	0.03999999999999998
334	0.03999999999999998
335	0.03999999999999998
336	0.03999999999999998
337	0.03999999999999998
338	0.03999999999999998
339	0.03999999999999998
340	0.03999999999999998
341	0.03999999999999998
342	0.03999999999999998
343	0.03999999999999998
344	0.03999999999999998
345	0.03999999999999998
346	0.03999999999999998
347	0.03999999999999998
348	0.03999999999999998
349	0.03999999999999998
350	0.03999999999999998
351	0.03999999999999998
352	0.03999999999999998
353	0.03999999999999998
354	0.03999999999999998
355	0.03999999999999998
356	0.03999999999999998
357	0.03999999999999998
358	0.03999999999999998
359	0.03999999999999998
360	0.03999999999999998
361	0.03999999999999998
362	0.03999999999999998
363	0.03999999999999998
364	0.03999999999999998
365	0.03999999999999998
366	0.03999999999999998
367	0.03999999999999998
368	0.03999999999999998
369	0.03999999999999998
370	0.03999999999999998
371	0.03999999999999998
372	0.03999999999999998
373	0.03999999999999998
374	0.03999999999999998
375	0.03999999999999998
376	0.03999999999999998
377	0.03999999999999998
378	0.03999999999999998
379	0.03999999999999998
380	0.03999999999999998
381	0.03999999999999998
382	0.03999999999999998
383	0.03999999999999998
384	0.03999999999999998
385	0.03999999999999998
386	0.03999999999999998
387	0.03999999999999998
388	0.03999999999999998
389	0.03999999999999998
390	0.03999999999999998
391	0.03999999999999998
392	0.03999999999999998
393	0.03999999999999998
394	0.03999999999999998
395	0.03999999999999998
396	0.03999999999999998
397	0.03999999999999998
398	0.03999999999999998
399	0.03999999999999998
400	0.03999999999999998
401	0.03999999999999998
402	0.03999999999999998
403	0.03999999999999998
404	0.03999999999999998
405	0.03999999999999998
406	0.03999999999999998
407	0.03999999999999998
408	0.03999999999999998
409	0.03999999999999998
410	0.03999999999999998
411	0.03999999999999998
412	0.03999999999999998
413	0.03999999999999998
414	0.03999999999999998
415	0.03999999999999998
416	0.03999999999999998
417	0.03999999999999998
418	0.03999999999999998
419	0.03999999999999998
420	0.03999999999999998
421	0.03999999999999998
422	0.03999999999999998
423	0.03999999999999998
424	0.03999999999999998
425	0.03999999999999998
426	0.03999999999999998
427	0.03999999999999998
428	0.03999999999999998
429	0.03999999999999998
430	0.03999999999999998
431	0.03999999999999998
432	0.03999999999999998
433	0.03999999999999998
434	0.03999999999999998
435	0.03999999999999998
436	0.03999999999999998
437	0.03999999999999998
438	0.03999999999999998
439	0.03999999999999998
440	0.03999999999999998
441	0.03999999999999998
442	0.03999999999999998
443	0.03999999999999998
444	0.03999999999999998
445	0.03999999999999998
446	0.03999999999999998
447	0.03999999999999998
448	0.03999999999999998
449	0.03999999999999998
450	0.03999999999999998
451	0.03999999999999998
452	0.03999999999999998
453	0.03999999999999998
454	0.03999999999999998
455	0.03999999999999998
456	0.03999999999999998
457	0.03999999999999998
458	0.03999999999999998
459	0.03999999999999998
460	0.03999999999999998
461	0.03999999999999998
462	0.03999999999999998
463	0.03999999999999998
464	0.03999999999999998
465	0.03999999999999998
466	0.03999999999999998
467	0.03999999999999998
468	0.03999999999999998
469	0.03999999999999998
470	0.03999999999999998
471	0.03999999999999998
472	0.03999999999999998
473	0.03999999999999998
474	0.03999999999999998
475	0.03999999999999998
476	0.03999999999999998
477	0.03999999999999998
478	0.03999999999999998
479	0.03999999999999998
480	0.03999999999999998
481	0.03999999999999998
482	0.03999999999999998
483	0.03999999999999998
484	0.03999999999999998
485	0.03999999999999998
486	0.03999999999999998
487	0.03999999999999998
488	0.03999999999999998
489	0.03999999999999998
490	0.03999999999999998
491	0.03999999999999998
492	0.03999999999999998
493	0.03999999999999998
494	0.03999999999999998
495	0.03999999999999998
496	0.03999999999999998
497	0.03999999999999998
498	0.03999999999999998
499	0.03999999999999998
500	0.03999999999999998
501	0.03999999999999998
502	0.03999999999999998
503	0.03999999999999998
504	0.03999999999999998
505	0.03999999999999998
506	0.03999999999999998
507	0.03999999999999998
508	0.03999999999999998
509	0.03999999999999998
510	0.03999999999999998
511	0.03999999999999998
512	0.03999999999999998
513	0.03999999999999998
514	0.03999999999999998
515	0.03999999999999998
516	0.03999999999999998
517	0.03999999999999998
518	0.03999999999999998
519	0.03999999999999998
520	0.03999999999999998
521	0.03999999999999998
522	0.03999999999999998
523	0.03999999999999998
524	0.03999999999999998
525	0.03999999999999998
526	0.03999999999999998
527	0.03999999999999998
528	0.03999999999999998
529	0.03999999999999998
530	0.03999999999999998
531	0.03999999999999998
532	0.03999999999999998
533	0.03999999999999998
534	0.03999999999999998
535	0.03999999999999998
536	0.03999999999999998
537	0.03999999999999998
538	0.03999999999999998
539	0.03999999999999998
540	0.03999999999999998
541	0.03999999999999998
542	0.03999999999999998
543	0.03999999999999998
544	0.03999999999999998
545	0.03999999999999998
546	0.03999999999999998
547	0.03999999999999998
548	0.03999999999999998
549	0.03999999999999998
550	0.03999999999999998
551	0.03999999999999998
552	0.03999999999999998
553	0.03999999999999998
554	0.03999999999999998
555	0.03999999999999998
556	0.03999999999999998
557	0.03999999999999998
558	0.03999999999999998
559	0.03999999999999998
560	0.03999999999999998
561	0.03999999999999998
562	0.03999999999999998
563	0.03999999999999998
564	0.03999999999999998
565	0.03999999999999998
566	0.03999999999999998
567	0.03999999999999998
568	0.03999999999999998
569	0.03999999999999998
570	0.03999999999999998
571	0.03999999999999998
572	0.03999999999999998
573	0.03999999999999998
574	0.03999999999999998
575	0.03999999999999998
576	0.03999999999999998
577	0.03999999999999998
578	0.03999999999999998
579	0.03999999999999998
580	0.03999999999999998
581	0.03999999999999998
582	0.03999999999999998
583	0.03999999999999998
584	0.03999999999999998
585	0.03999999999999998
586	0.03999999999999998
587	0.03999999999999998
588	0.03999999999999998
589	0.03999999999999998
590	0.03999999999999998
591	0.03999999999999998
592	0.03999999999999998
593	0.03999999999999998
594	0.03999999999999998
595	0.03999999999999998
596	0.03999999999999998
597	0.03999999999999998
598	0.03999999999999998
599	0.03999999999999998
600	0.03999999999999998
601	0.03999999999999998
602	0.03999999999999998
603	0.03999999999999998
604	0.03999999999999998
605	0.03999999999999998
606	0.03999999999999998
607	0.03999999999999998
608	0.03999999999999998
609	0.03999999999999998
610	0.03999999999999998
611	0.03999999999999998
612	0.03999999999999998
613	0.03999999999999998
614	0.03999999999999998
615	0.03999999999999998
616	0.03999999999999998
617	0.03999999999999998
618	0.03999999999999998
619	0.03999999999999998
620	0.03999999999999998
621	0.03999999999999998
622	0.03999999999999998
623	0.03999999999999998
624	0.03999999999999998
625	0.03999999999999998
626	0.03999999999999998
627	0.03999999999999998
628	0.03999999999999998
629	0.03999999999999998
630	0.03999999999999998
631	0.03999999999999998
632	0.03999999999999998
633	0.03999999999999998
634	0.03999999999999998
635	0.03999999999999998
636	0.03999999999999998
637	0.03999999999999998
638	0.03999999999999998
639	0.03999999999999998
640	0.03999999999999998
641	0.03999999999999998
642	0.03999999999999998
643	0.03999999999999998
644	0.03999999999999998
645	0.03999999999999998
646	0.03999999999999998
647	0.03999999999999998
648	0.03999999999999998
649	0.03999999999999998
650	0.03999999999999998
651	0.03999999999999998
652	0.03999999999999998
653	0.03999999999999998
654	0.03999999999999998
655	0.03999999999999998
656	0.03999999999999998
657	0.03999999999999998
658	0.03999999999999998
659	0.03999999999999998
660	0.03999999999999998
661	0.03999999999999998
662	0.03999999999999998
663	0.03999999999999998
664	0.03999999999999998
665	0.03999999999999998
666	0.03999999999999998
667	0.03999999999999998
668	0.03999999999999998
669	0.03999999999999998
670	0.03999999999999998
671	0.03999999999999998
672	0.03999999999999998
673	0.03999999999999998
674	0.03999999999999998
675	0.03999999999999998
676	0.03999999999999998
677	0.03999999999999998
678	0.03999999999999998
679	0.03999999999999998
680	0.03999999999999998
681	0.03999999999999998
682	0.03999999999999998
683	0.03999999999999998
684	0.03999999999999998
685	0.03999999999999998
686	0.03999999999999998
687	0.03999999999999998
688	0.03999999999999998
689	0.03999999999999998
690	0.03999999999999998
691	0.03999999999999998
692	0.03999999999999998
693	0.03999999999999998
694	0.03999999999999998
695	0.03999999999999998
696	0.03999999999999998
697	0.03999999999999998
698	0.03999999999999998
699	0.03999999999999998
700	0.03999999999999998
701	0.03999999999999998
702	0.03999999999999998
703	0.03999999999999998
704	0.03999999999999998
705	0.03999999999999998
706	0.03999999999999998
707	0.03999999999999998
708	0.03999999999999998
709	0.03999999999999998
710	0.03999999999999998
711	0.03999999999999998
712	0.03999999999999998
713	0.03999999999999998
714	0.03999999999999998
715	0.03999999999999998
716	0.03999999999999998
717	0.03999999999999998
718	0.03999999999999998
719	0.03999999999999998
720	0.03999999999999998
721	0.03999999999999998
722	0.03999999999999998
723	0.03999999999999998
724	0.03999999999999998
725	0.03999999999999998
726	0.03999999999999998
727	0.03999999999999998
728	0.03999999999999998
729	0.03999999999999998
730	0.03999999999999998
731	0.03999999999999998
732	0.03999999999999998
733	0.03999999999999998
734	0.03999999999999998
735	0.03999999999999998
736	0.03999999999999998
737	0.03999999999999998
738	0.03999999999999998
739	0.03999999999999998
740	0.03999999999999998
741	0.03999999999999998
742	0.03999999999999998
743	0.03999999999999998
744	0.03999999999999998
745	0.03999999999999998
746	0.03999999999999998
747	0.03999999999999998
748	0.03999999999999998
749	0.03999999999999998
750	0.03999999999999998
751	0.03999999999999998
752	0.03999999999999998
753	0.03999999999999998
754	0.03999999999999998
755	0.03999999999999998
756	0.03999999999999998
757	0.03999999999999998
758	0.03999999999999998
759	0.03999999999999998
760	0.03999999999999998
761	0.03999999999999998
762	0.03999999999999998
763	0.03999999999999998
764	0.03999999999999998
765	0.03999999999999998
766	0.03999999999999998
767	0.03999999999999998
768	0.03999999999999998
769	0.03999999999999998
770	0.03999999999999998
771	0.03999999999999998
772	0.03999999999999998
773	0.03999999999999998
774	0.03999999999999998
775	0.03999999999999998
776	0.03999999999999998
777	0.03999999999999998
778	0.03999999999999998
779	0.03999999999999998
780	0.03999999999999998
781	0.03999999999999998
782	0.03999999999999998
783	0.03999999999999998
784	0.03999999999999998
785	0.03999999999999998
786	0.03999999999999998
787	0.03999999999999998
788	0.03999999999999998
789	0.03999999999999998
790	0.03999999999999998
791	0.03999999999999998
792	0.03999999999999998
793	0.03999999999999998
794	0.03999999999999998
795	0.03999999999999998
796	0.03999999999999998
797	0.03999999999999998
798	0.03999999999999998
799	0.03999999999999998
800	0.03999999999999998
801	0.03999999999999998
802	0.03999999999999998
803	0.03999999999999998
804	0.03999999999999998
805	0.03999999999999998
806	0.03999999999999998
807	0.03999999999999998
808	0.03999999999999998
809	0.03999999999999998
810	0.03999999999999998
811	0.03999999999999998
812	0.03999999999999998
813	0.03999999999999998
814	0.03999999999999998
815	0.03999999999999998
816	0.03999999999999998
817	0.03999999999999998
818	0.03999999999999998
819	0.03999999999999998
820	0.03999999999999998
821	0.03999999999999998
822	0.03999999999999998
823	0.03999999999999998
824	0.03999999999999998
825	0.03999999999999998
826	0.03999999999999998
827	0.03999999999999998
828	0.03999999999999998
829	0.03999999999999998
830	0.03999999999999998
831	0.03999999999999998
832	0.03999999999999998
833	0.03999999999999998
834	0.03999999999999998
835	0.03999999999999998
836	0.03999999999999998
837	0.03999999999999998
838	0.03999999999999998
839	0.03999999999999998
840	0.03999999999999998
841	0.03999999999999998
842	0.03999999999999998
843	0.03999999999999998
844	0.03999999999999998
845	0.03999999999999998
846	0.03999999999999998
847	0.03999999999999998
848	0.03999999999999998
849	0.03999999999999998
850	0.03999999999999998
851	0.03999999999999998
852	0.03999999999999998
853	0.03999999999999998
854	0.03999999999999998
855	0.03999999999999998
856	0.03999999999999998
857	0.03999999999999998
858	0.03999999999999998
859	0.03999999999999998
860	0.03999999999999998
861	0.03999999999999998
862	0.03999999999999998
863	0.03999999999999998
864	0.03999999999999998
865	0.03999999999999998
866	0.03999999999999998
867	0.03999999999999998
868	0.03999999999999998
869	0.03999999999999998
870	0.03999999999999998
871	0.03999999999999998
872	0.03999999999999998
873	0.03999999999999998
874	0.03999999999999998
875	0.03999999999999998
876	0.03999999999999998
877	0.03999999999999998
878	0.03999999999999998
879	0.03999999999999998
880	0.03999999999999998
881	0.03999999999999998
882	0.03999999999999998
883	0.03999999999999998
884	0.03999999999999998
885	0.03999999999999998
886	0.03999999999999998
887	0.03999999999999998
888	0.03999999999999998
889	0.03999999999999998
890	0.03999999999999998
891	0.03999999999999998
892	0.03999999999999998
893	0.03999999999999998
894	0.03999999999999998
895	0.03999999999999998
896	0.03999999999999998
897	0.03999999999999998
898	0.03999999999999998
899	0.03999999999999998
900	0.03999999999999998
901	0.03999999999999998
902	0.03999999999999998
903	0.03999999999999998
904	0.03999999999999998
905	0.03999999999999998
906	0.03999999999999998
907	0.03999999999999998
908	0.03999999999999998
909	0.03999999999999998
910	0.03999999999999998
911	0.03999999999999998
912	0.03999999999999998
913	0.03999999999999998
914	0.03999999999999998
915	0.03999999999999998
916	0.03999999999999998
917	0.03999999999999998
918	0.03999999999999998
919	0.03999999999999998
920	0.03999999999999998
921	0.03999999999999998
922	0.03999999999999998
923	0.03999999999999998
924	0.03999999999999998
925	0.03999999999999998
926	0.03999999999999998
927	0.03999999999999998
928	0.03999999999999998
929	0.03999999999999998
930	0.03999999999999998
931	0.03999999999999998
932	0.03999999999999998
933	0.03999999999999998
934	0.03999999999999998
935	0.03999999999999998
936	0.03999999999999998
937	0.03999999999999998
938	0.03999999999999998
939	0.03999999999999998
940	0.03999999999999998
941	0.03999999999999998
942	0.03999999999999998
943	0.03999999999999998
944	0.03999999999999998
945	0.03999999999999998
946	0.03999999999999998
947	0.03999999999999998
948	0.03999999999999998
949	0.03999999999999998
950	0.03999999999999998
951	0.03999999999999998
952	0.03999999999999998
953	0.03999999999999998
954	0.03999999999999998
955	0.03999999999999998
956	0.03999999999999998
957	0.03999999999999998
958	0.03999999999999998
959	0.03999999999999998
960	0.03999999999999998
961	0.03999999999999998
962	0.03999999999999998
963	0.03999999999999998
964	0.03999999999999998
965	0.03999999999999998
966	0.03999999999999998
967	0.03999999999999998
968	0.03999999999999998
969	0.03999999999999998
970	0.03999999999999998
971	0.03999999999999998
972	0.03999999999999998
973	0.03999999999999998
974	0.03999999999999998
975	0.03999999999999998
976	0.03999999999999998
977	0.03999999999999998
978	0.03999999999999998
979	0.03999999999999998
980	0.03999999999999998
981	0.03999999999999998
982	0.03999999999999998
983	0.03999999999999998
984	0.03999999999999998
985	0.03999999999999998
986	0.03999999999999998
987	0.03999999999999998
988	0.03999999999999998
989	0.03999999999999998
990	0.03999999999999998
991	0.03999999999999998
992	0.03999999999999998
993	0.03999999999999998
994	0.03999999999999998
995	0.03999999999999998
996	0.03999999999999998
997	0.03999999999999998
998	0.03999999999999998
999	0.03999999999999998
1000	0.03999999999999998
minimum found: [0.8, 0.64], 0.03999999999999998

