MINIMIZING ROSENBROCK'S SADDLE (1000 gens, gray)
ROSENBROCK'S SADDLE
1000
gray
Gen #	minima
1	41.45
2	41.45
3	8.41999999999999
4	8.41999999999999
5	8.41999999999999
6	1.720016000000002
7	1.720016000000002
8	0.01961600000000001
9	0.0009809999999999838
10	0.0009809999999999838
11	0.0009809999999999838
12	0.0009809999999999838
13	0.0009809999999999838
14	0.0009809999999999838
15	0.0009809999999999838
16	0.0009809999999999838
17	0.0009809999999999838
18	0.0009809999999999838
19	0.0009809999999999838
20	0.0009809999999999838
21	0.0009809999999999838
22	0.0009809999999999838
23	0.0009809999999999838
24	0.0009809999999999838
25	0.0009809999999999838
26	0.0009809999999999838
27	0.0009809999999999838
28	0.0009809999999999838
29	0.0009809999999999838
30	0.0009809999999999838
31	0.0009809999999999838
32	0.0009809999999999838
33	0.0009809999999999838
34	0.0009809999999999838
35	0.0009809999999999838
36	0.0009809999999999838
37	0.0009809999999999838
38	0.0009809999999999838
39	0.0009809999999999838
40	0.0009809999999999838
41	0.0009809999999999838
42	0.0009809999999999838
43	0.0009809999999999838
44	0.0009809999999999838
45	0.0009809999999999838
46	0.0009809999999999838
47	0.0009809999999999838
48	0.0009809999999999838
49	0.0009809999999999838
50	0.0009809999999999838
51	0.0009809999999999838
52	0.0009809999999999838
53	0.0009809999999999838
54	0.0009809999999999838
55	0.0009809999999999838
56	0.0009809999999999838
57	0.0009809999999999838
58	0.0009809999999999838
59	0.0009809999999999838
60	0.0009809999999999838
61	0.0009809999999999838
62	0.0009809999999999838
63	0.0009809999999999838
64	0.0009809999999999838
65	0.0009809999999999838
66	0.0009809999999999838
67	0.0009809999999999838
68	0.0009809999999999838
69	0.0009809999999999838
70	0.0009809999999999838
71	0.0009809999999999838
72	0.0009809999999999838
73	0.0009809999999999838
74	0.0009809999999999838
75	0.0009809999999999838
76	0.0009809999999999838
77	0.0009809999999999838
78	0.0009809999999999838
79	0.0009809999999999838
80	0.0009809999999999838
81	0.0009809999999999838
82	0.0009809999999999838
83	0.0009809999999999838
84	0.0009809999999999838
85	0.0009809999999999838
86	0.0009809999999999838
87	0.0009809999999999838
88	0.0009809999999999838
89	0.0009809999999999838
90	0.0009809999999999838
91	0.0009809999999999838
92	0.0009809999999999838
93	0.0009809999999999838
94	0.0009809999999999838
95	0.0009809999999999838
96	0.0009809999999999838
97	0.0009809999999999838
98	0.0009809999999999838
99	0.0009809999999999838
100	0.0009809999999999838
101	0.0009809999999999838
102	0.0009809999999999838
103	0.0009809999999999838
104	0.0009809999999999838
105	0.0009809999999999838
106	0.0009809999999999838
107	0.0009809999999999838
108	0.0009809999999999838
109	0.0009809999999999838
110	0.0009809999999999838
111	0.0009809999999999838
112	0.0009809999999999838
113	0.0009809999999999838
114	0.0009809999999999838
115	0.0009809999999999838
116	0.0009809999999999838
117	0.0009809999999999838
118	0.0009809999999999838
119	0.0009809999999999838
120	0.0009809999999999838
121	0.0009809999999999838
122	0.0009809999999999838
123	0.0009809999999999838
124	0.0009809999999999838
125	0.0009809999999999838
126	0.0009809999999999838
127	0.0009809999999999838
128	0.0009809999999999838
129	0.0009809999999999838
130	0.0009809999999999838
131	0.0009809999999999838
132	0.0009809999999999838
133	0.0009809999999999838
134	0.0009809999999999838
135	0.0009809999999999838
136	0.0009809999999999838
137	0.0009809999999999838
138	0.0009809999999999838
139	0.0009809999999999838
140	0.0009809999999999838
141	0.0009809999999999838
142	0.0009809999999999838
143	0.0009809999999999838
144	0.0009809999999999838
145	0.0009809999999999838
146	0.0009809999999999838
147	0.0009809999999999838
148	0.0009809999999999838
149	0.0009809999999999838
150	0.0009809999999999838
151	0.0009809999999999838
152	0.0009809999999999838
153	0.0009809999999999838
154	0.0009809999999999838
155	0.0009809999999999838
156	0.0009809999999999838
157	0.0009809999999999838
158	0.0009809999999999838
159	0.0009809999999999838
160	0.0009809999999999838
161	0.0009809999999999838
162	0.0009809999999999838
163	0.0009809999999999838
164	0.0009809999999999838
165	0.0009809999999999838
166	0.0009809999999999838
167	0.0009809999999999838
168	0.0009809999999999838
169	0.0009809999999999838
170	0.0009809999999999838
171	0.0009809999999999838
172	0.0009809999999999838
173	0.0009809999999999838
174	0.0009809999999999838
175	0.0009809999999999838
176	0.0009809999999999838
177	0.0009809999999999838
178	0.0009809999999999838
179	0.0009809999999999838
180	0.0009809999999999838
181	0.0009809999999999838
182	0.0009809999999999838
183	0.0009809999999999838
184	0.0009809999999999838
185	0.0009809999999999838
186	0.0009809999999999838
187	0.0009809999999999838
188	0.0009809999999999838
189	0.0009809999999999838
190	0.0009809999999999838
191	0.0009809999999999838
192	0.0009809999999999838
193	0.0009809999999999838
194	0.0009809999999999838
195	0.0009809999999999838
196	0.0009809999999999838
197	0.0009809999999999838
198	0.0009809999999999838
199	0.0009809999999999838
200	0.0009809999999999838
201	0.0009809999999999838
202	0.0009809999999999838
203	0.0009809999999999838
204	0.0009809999999999838
205	0.0009809999999999838
206	0.0009809999999999838
207	0.0009809999999999838
208	0.0009809999999999838
209	0.0009809999999999838
210	0.0009809999999999838
211	0.0009809999999999838
212	0.0009809999999999838
213	0.0009809999999999838
214	0.0009809999999999838
215	0.0009809999999999838
216	0.0009809999999999838
217	0.0009809999999999838
218	0.0009809999999999838
219	0.0009809999999999838
220	0.0009809999999999838
221	0.0009809999999999838
222	0.0009809999999999838
223	0.0009809999999999838
224	0.0009809999999999838
225	0.0009809999999999838
226	0.0009809999999999838
227	0.0009809999999999838
228	0.0009809999999999838
229	0.0009809999999999838
230	0.0009809999999999838
231	0.0009809999999999838
232	0.0009809999999999838
233	0.0009809999999999838
234	0.0009809999999999838
235	0.0009809999999999838
236	0.0009809999999999838
237	0.0009809999999999838
238	0.0009809999999999838
239	0.0009809999999999838
240	0.0009809999999999838
241	0.0009809999999999838
242	0.0009809999999999838
243	0.0009809999999999838
244	0.0009809999999999838
245	0.0009809999999999838
246	0.0009809999999999838
247	0.0009809999999999838
248	0.0009809999999999838
249	0.0009809999999999838
250	0.0009809999999999838
251	0.0009809999999999838
252	0.0009809999999999838
253	0.0009809999999999838
254	0.0009809999999999838
255	0.0009809999999999838
256	0.0009809999999999838
257	0.0009809999999999838
258	0.0009809999999999838
259	0.0009809999999999838
260	0.0009809999999999838
261	0.0009809999999999838
262	0.0009809999999999838
263	0.0009809999999999838
264	0.0009809999999999838
265	0.0009809999999999838
266	0.0009809999999999838
267	0.0009809999999999838
268	0.0009809999999999838
269	0.0009809999999999838
270	0.0009809999999999838
271	0.0009809999999999838
272	0.0009809999999999838
273	0.0009809999999999838
274	0.0009809999999999838
275	0.0009809999999999838
276	0.0009809999999999838
277	0.0009809999999999838
278	0.0009809999999999838
279	0.0009809999999999838
280	0.0009809999999999838
281	0.0009809999999999838
282	0.0009809999999999838
283	0.0009809999999999838
284	0.0009809999999999838
285	0.0009809999999999838
286	0.0009809999999999838
287	0.0009809999999999838
288	0.0009809999999999838
289	0.0009809999999999838
290	0.0009809999999999838
291	0.0009809999999999838
292	0.0009809999999999838
293	0.0009809999999999838
294	0.0009809999999999838
295	0.0009809999999999838
296	0.0009809999999999838
297	0.0009809999999999838
298	0.0009809999999999838
299	0.0009809999999999838
300	0.0009809999999999838
301	0.0009809999999999838
302	0.0009809999999999838
303	0.0009809999999999838
304	0.0009809999999999838
305	0.0009809999999999838
306	0.0009809999999999838
307	0.0009809999999999838
308	0.0009809999999999838
309	0.0009809999999999838
310	0.0009809999999999838
311	0.0009809999999999838
312	0.0009809999999999838
313	0.0009809999999999838
314	0.0009809999999999838
315	0.0009809999999999838
316	0.0009809999999999838
317	0.0009809999999999838
318	0.0009809999999999838
319	0.0009809999999999838
320	0.0009809999999999838
321	0.0009809999999999838
322	0.0009809999999999838
323	0.0009809999999999838
324	0.0009809999999999838
325	0.0009809999999999838
326	0.0009809999999999838
327	0.0009809999999999838
328	0.0009809999999999838
329	0.0009809999999999838
330	0.0009809999999999838
331	0.0009809999999999838
332	0.0009809999999999838
333	0.0009809999999999838
334	0.0009809999999999838
335	0.0009809999999999838
336	0.0009809999999999838
337	0.0009809999999999838
338	0.0009809999999999838
339	0.0009809999999999838
340	0.0009809999999999838
341	0.0009809999999999838
342	0.0009809999999999838
343	0.0009809999999999838
344	0.0009809999999999838
345	0.0009809999999999838
346	0.0009809999999999838
347	0.0009809999999999838
348	0.0009809999999999838
349	0.0009809999999999838
350	0.0009809999999999838
351	0.0009809999999999838
352	0.0009809999999999838
353	0.0009809999999999838
354	0.0009809999999999838
355	0.0009809999999999838
356	0.0009809999999999838
357	0.0009809999999999838
358	0.0009809999999999838
359	0.0009809999999999838
360	0.0009809999999999838
361	0.0009809999999999838
362	0.0009809999999999838
363	0.0009809999999999838
364	0.0009809999999999838
365	0.0009809999999999838
366	0.0009809999999999838
367	0.0009809999999999838
368	0.0009809999999999838
369	0.0009809999999999838
370	0.0009809999999999838
371	0.0009809999999999838
372	0.0009809999999999838
373	0.0009809999999999838
374	0.0009809999999999838
375	0.0009809999999999838
376	0.0009809999999999838
377	0.0009809999999999838
378	0.0009809999999999838
379	0.0009809999999999838
380	0.0009809999999999838
381	0.0009809999999999838
382	0.0009809999999999838
383	0.0009809999999999838
384	0.0009809999999999838
385	0.0009809999999999838
386	0.0009809999999999838
387	0.0009809999999999838
388	0.0009809999999999838
389	0.0009809999999999838
390	0.0009809999999999838
391	0.0009809999999999838
392	0.0009809999999999838
393	0.0009809999999999838
394	0.0009809999999999838
395	0.0009809999999999838
396	0.0009809999999999838
397	0.0009809999999999838
398	0.0009809999999999838
399	0.0009809999999999838
400	0.0009809999999999838
401	0.0009809999999999838
402	0.0009809999999999838
403	0.0009809999999999838
404	0.0009809999999999838
405	0.0009809999999999838
406	0.0009809999999999838
407	0.0009809999999999838
408	0.0009809999999999838
409	0.0009809999999999838
410	0.0009809999999999838
411	0.0009809999999999838
412	0.0009809999999999838
413	0.0009809999999999838
414	0.0009809999999999838
415	0.0009809999999999838
416	0.0009809999999999838
417	0.0009809999999999838
418	0.0009809999999999838
419	0.0009809999999999838
420	0.0009809999999999838
421	0.0009809999999999838
422	0.0009809999999999838
423	0.0009809999999999838
424	0.0009809999999999838
425	0.0009809999999999838
426	0.0009809999999999838
427	0.0009809999999999838
428	0.0009809999999999838
429	0.0009809999999999838
430	0.0009809999999999838
431	0.0009809999999999838
432	0.0009809999999999838
433	0.0009809999999999838
434	0.0009809999999999838
435	0.0009809999999999838
436	0.0009809999999999838
437	0.0009809999999999838
438	0.0009809999999999838
439	0.0009809999999999838
440	0.0009809999999999838
441	0.0009809999999999838
442	0.0009809999999999838
443	0.0009809999999999838
444	0.0009809999999999838
445	0.0009809999999999838
446	0.0009809999999999838
447	0.0009809999999999838
448	0.0009809999999999838
449	0.0009809999999999838
450	0.0009809999999999838
451	0.0009809999999999838
452	0.0009809999999999838
453	0.0009809999999999838
454	0.0009809999999999838
455	0.0009809999999999838
456	0.0009809999999999838
457	0.0009809999999999838
458	0.0009809999999999838
459	0.0009809999999999838
460	0.0009809999999999838
461	0.0009809999999999838
462	0.0009809999999999838
463	0.0009809999999999838
464	0.0009809999999999838
465	0.0009809999999999838
466	0.0009809999999999838
467	0.0009809999999999838
468	0.0009809999999999838
469	0.0009809999999999838
470	0.0009809999999999838
471	0.0009809999999999838
472	0.0009809999999999838
473	0.0009809999999999838
474	0.0009809999999999838
475	0.0009809999999999838
476	0.0009809999999999838
477	0.0009809999999999838
478	0.0009809999999999838
479	0.0009809999999999838
480	0.0009809999999999838
481	0.0009809999999999838
482	0.0009809999999999838
483	0.0009809999999999838
484	0.0009809999999999838
485	0.0009809999999999838
486	0.0009809999999999838
487	0.0009809999999999838
488	0.0009809999999999838
489	0.0009809999999999838
490	0.0009809999999999838
491	0.0009809999999999838
492	0.0009809999999999838
493	0.0009809999999999838
494	0.0009809999999999838
495	0.0009809999999999838
496	0.0009809999999999838
497	0.0009809999999999838
498	0.0009809999999999838
499	0.0009809999999999838
500	0.0009809999999999838
501	0.0009809999999999838
502	0.0009809999999999838
503	0.0009809999999999838
504	0.0009809999999999838
505	0.0009809999999999838
506	0.0009809999999999838
507	0.0009809999999999838
508	0.0009809999999999838
509	0.0009809999999999838
510	0.0009809999999999838
511	0.0009809999999999838
512	0.0009809999999999838
513	0.0009809999999999838
514	0.0009809999999999838
515	0.0009809999999999838
516	0.0009809999999999838
517	0.0009809999999999838
518	0.0009809999999999838
519	0.0009809999999999838
520	0.0009809999999999838
521	0.0009809999999999838
522	0.0009809999999999838
523	0.0009809999999999838
524	0.0009809999999999838
525	0.0009809999999999838
526	0.0009809999999999838
527	0.0009809999999999838
528	0.0009809999999999838
529	0.0009809999999999838
530	0.0009809999999999838
531	0.0009809999999999838
532	0.0009809999999999838
533	0.0009809999999999838
534	0.0009809999999999838
535	0.0009809999999999838
536	0.0009809999999999838
537	0.0009809999999999838
538	0.0009809999999999838
539	0.0009809999999999838
540	0.0009809999999999838
541	0.0009809999999999838
542	0.0009809999999999838
543	0.0009809999999999838
544	0.0009809999999999838
545	0.0009809999999999838
546	0.0009809999999999838
547	0.0009809999999999838
548	0.0009809999999999838
549	0.0009809999999999838
550	0.0009809999999999838
551	0.0009809999999999838
552	0.0009809999999999838
553	0.0009809999999999838
554	0.0009809999999999838
555	0.0009809999999999838
556	0.0009809999999999838
557	0.0009809999999999838
558	0.0009809999999999838
559	0.0009809999999999838
560	0.0009809999999999838
561	0.0009809999999999838
562	0.0009809999999999838
563	0.0009809999999999838
564	0.0009809999999999838
565	0.0009809999999999838
566	0.0009809999999999838
567	0.0009809999999999838
568	0.0009809999999999838
569	0.0009809999999999838
570	0.0009809999999999838
571	0.0009809999999999838
572	0.0009809999999999838
573	0.0009809999999999838
574	0.0009809999999999838
575	0.0009809999999999838
576	0.0009809999999999838
577	0.0009809999999999838
578	0.0009809999999999838
579	0.0009809999999999838
580	0.0009809999999999838
581	0.0009809999999999838
582	0.0009809999999999838
583	0.0009809999999999838
584	0.0009809999999999838
585	0.0009809999999999838
586	0.0009809999999999838
587	0.0009809999999999838
588	0.0009809999999999838
589	0.0009809999999999838
590	0.0009809999999999838
591	0.0009809999999999838
592	0.0009809999999999838
593	0.0009809999999999838
594	0.0009809999999999838
595	0.0009809999999999838
596	0.0009809999999999838
597	0.0009809999999999838
598	0.0009809999999999838
599	0.0009809999999999838
600	0.0009809999999999838
601	0.0009809999999999838
602	0.0009809999999999838
603	0.0009809999999999838
604	0.0009809999999999838
605	0.0009809999999999838
606	0.0009809999999999838
607	0.0009809999999999838
608	0.0009809999999999838
609	0.0009809999999999838
610	0.0009809999999999838
611	0.0009809999999999838
612	0.0009809999999999838
613	0.0009809999999999838
614	0.0009809999999999838
615	0.0009809999999999838
616	0.0009809999999999838
617	0.0009809999999999838
618	0.0009809999999999838
619	0.0009809999999999838
620	0.0009809999999999838
621	0.0009809999999999838
622	0.0009809999999999838
623	0.0009809999999999838
624	0.0009809999999999838
625	0.0009809999999999838
626	0.0009809999999999838
627	0.0009809999999999838
628	0.0009809999999999838
629	0.0009809999999999838
630	0.0009809999999999838
631	0.0009809999999999838
632	0.0009809999999999838
633	0.0009809999999999838
634	0.0009809999999999838
635	0.0009809999999999838
636	0.0009809999999999838
637	0.0009809999999999838
638	0.0009809999999999838
639	0.0009809999999999838
640	0.0009809999999999838
641	0.0009809999999999838
642	0.0009809999999999838
643	0.0009809999999999838
644	0.0009809999999999838
645	0.0009809999999999838
646	0.0009809999999999838
647	0.0009809999999999838
648	0.0009809999999999838
649	0.0009809999999999838
650	0.0009809999999999838
651	0.0009809999999999838
652	0.0009809999999999838
653	0.0009809999999999838
654	0.0009809999999999838
655	0.0009809999999999838
656	0.0009809999999999838
657	0.0009809999999999838
658	0.0009809999999999838
659	0.0009809999999999838
660	0.0009809999999999838
661	0.0009809999999999838
662	0.0009809999999999838
663	0.0009809999999999838
664	0.0009809999999999838
665	0.0009809999999999838
666	0.0009809999999999838
667	0.0009809999999999838
668	0.0009809999999999838
669	0.0009809999999999838
670	0.0009809999999999838
671	0.0009809999999999838
672	0.0009809999999999838
673	0.0009809999999999838
674	0.0009809999999999838
675	0.0009809999999999838
676	0.0009809999999999838
677	0.0009809999999999838
678	0.0009809999999999838
679	0.0009809999999999838
680	0.0009809999999999838
681	0.0009809999999999838
682	0.0009809999999999838
683	0.0009809999999999838
684	0.0009809999999999838
685	0.0009809999999999838
686	0.0009809999999999838
687	0.0009809999999999838
688	0.0009809999999999838
689	0.0009809999999999838
690	0.0009809999999999838
691	0.0009809999999999838
692	0.0009809999999999838
693	0.0009809999999999838
694	0.0009809999999999838
695	0.0009809999999999838
696	0.0009809999999999838
697	0.0009809999999999838
698	0.0009809999999999838
699	0.0009809999999999838
700	0.0009809999999999838
701	0.0009809999999999838
702	0.0009809999999999838
703	0.0009809999999999838
704	0.0009809999999999838
705	0.0009809999999999838
706	0.0009809999999999838
707	0.0009809999999999838
708	0.0009809999999999838
709	0.0009809999999999838
710	0.0009809999999999838
711	0.0009809999999999838
712	0.0009809999999999838
713	0.0009809999999999838
714	0.0009809999999999838
715	0.0009809999999999838
716	0.0009809999999999838
717	0.0009809999999999838
718	0.0009809999999999838
719	0.0009809999999999838
720	0.0009809999999999838
721	0.0009809999999999838
722	0.0009809999999999838
723	0.0009809999999999838
724	0.0009809999999999838
725	0.0009809999999999838
726	0.0009809999999999838
727	0.0009809999999999838
728	0.0009809999999999838
729	0.0009809999999999838
730	0.0009809999999999838
731	0.0009809999999999838
732	0.0009809999999999838
733	0.0009809999999999838
734	0.0009809999999999838
735	0.0009809999999999838
736	0.0009809999999999838
737	0.0009809999999999838
738	0.0009809999999999838
739	0.0009809999999999838
740	0.0009809999999999838
741	0.0009809999999999838
742	0.0009809999999999838
743	0.0009809999999999838
744	0.0009809999999999838
745	0.0009809999999999838
746	0.0009809999999999838
747	0.0009809999999999838
748	0.0009809999999999838
749	0.0009809999999999838
750	0.0009809999999999838
751	0.0009809999999999838
752	0.0009809999999999838
753	0.0009809999999999838
754	0.0009809999999999838
755	0.0009809999999999838
756	0.0009809999999999838
757	0.0009809999999999838
758	0.0009809999999999838
759	0.0009809999999999838
760	0.0009809999999999838
761	0.0009809999999999838
762	0.0009809999999999838
763	0.0009809999999999838
764	0.0009809999999999838
765	0.0009809999999999838
766	0.0009809999999999838
767	0.0009809999999999838
768	0.0009809999999999838
769	0.0009809999999999838
770	0.0009809999999999838
771	0.0009809999999999838
772	0.0009809999999999838
773	0.0009809999999999838
774	0.0009809999999999838
775	0.0009809999999999838
776	0.0009809999999999838
777	0.0009809999999999838
778	0.0009809999999999838
779	0.0009809999999999838
780	0.0009809999999999838
781	0.0009809999999999838
782	0.0009809999999999838
783	0.0009809999999999838
784	0.0009809999999999838
785	0.0009809999999999838
786	0.0009809999999999838
787	0.0009809999999999838
788	0.0009809999999999838
789	0.0009809999999999838
790	0.0009809999999999838
791	0.0009809999999999838
792	0.0009809999999999838
793	0.0009809999999999838
794	0.0009809999999999838
795	0.0009809999999999838
796	0.0009809999999999838
797	0.0009809999999999838
798	0.0009809999999999838
799	0.0009809999999999838
800	0.0009809999999999838
801	0.0009809999999999838
802	0.0009809999999999838
803	0.0009809999999999838
804	0.0009809999999999838
805	0.0009809999999999838
806	0.0009809999999999838
807	0.0009809999999999838
808	0.0009809999999999838
809	0.0009809999999999838
810	0.0009809999999999838
811	0.0009809999999999838
812	0.0009809999999999838
813	0.0009809999999999838
814	0.0009809999999999838
815	0.0009809999999999838
816	0.0009809999999999838
817	0.0009809999999999838
818	0.0009809999999999838
819	0.0009809999999999838
820	0.0009809999999999838
821	0.0009809999999999838
822	0.0009809999999999838
823	0.0009809999999999838
824	0.0009809999999999838
825	0.0009809999999999838
826	0.0009809999999999838
827	0.0009809999999999838
828	0.0009809999999999838
829	0.0009809999999999838
830	0.0009809999999999838
831	0.0009809999999999838
832	0.0009809999999999838
833	0.0009809999999999838
834	0.0009809999999999838
835	0.0009809999999999838
836	0.0009809999999999838
837	0.0009809999999999838
838	0.0009809999999999838
839	0.0009809999999999838
840	0.0009809999999999838
841	0.0009809999999999838
842	0.0009809999999999838
843	0.0009809999999999838
844	0.0009809999999999838
845	0.0009809999999999838
846	0.0009809999999999838
847	0.0009809999999999838
848	0.0009809999999999838
849	0.0009809999999999838
850	0.0009809999999999838
851	0.0009809999999999838
852	0.0009809999999999838
853	0.0009809999999999838
854	0.0009809999999999838
855	0.0009809999999999838
856	0.0009809999999999838
857	0.0009809999999999838
858	0.0009809999999999838
859	0.0009809999999999838
860	0.0009809999999999838
861	0.0009809999999999838
862	0.0009809999999999838
863	0.0009809999999999838
864	0.0009809999999999838
865	0.0009809999999999838
866	0.0009809999999999838
867	0.0009809999999999838
868	0.0009809999999999838
869	0.0009809999999999838
870	0.0009809999999999838
871	0.0009809999999999838
872	0.0009809999999999838
873	0.0009809999999999838
874	0.0009809999999999838
875	0.0009809999999999838
876	0.0009809999999999838
877	0.0009809999999999838
878	0.0009809999999999838
879	0.0009809999999999838
880	0.0009809999999999838
881	0.0009809999999999838
882	0.0009809999999999838
883	0.0009809999999999838
884	0.0009809999999999838
885	0.0009809999999999838
886	0.0009809999999999838
887	0.0009809999999999838
888	0.0009809999999999838
889	0.0009809999999999838
890	0.0009809999999999838
891	0.0009809999999999838
892	0.0009809999999999838
893	0.0009809999999999838
894	0.0009809999999999838
895	0.0009809999999999838
896	0.0009809999999999838
897	0.0009809999999999838
898	0.0009809999999999838
899	0.0009809999999999838
900	0.0009809999999999838
901	0.0009809999999999838
902	0.0009809999999999838
903	0.0009809999999999838
904	0.0009809999999999838
905	0.0009809999999999838
906	0.0009809999999999838
907	0.0009809999999999838
908	0.0009809999999999838
909	0.0009809999999999838
910	0.0009809999999999838
911	0.0009809999999999838
912	0.0009809999999999838
913	0.0009809999999999838
914	0.0009809999999999838
915	0.0009809999999999838
916	0.0009809999999999838
917	0.0009809999999999838
918	0.0009809999999999838
919	0.0009809999999999838
920	0.0009809999999999838
921	0.0009809999999999838
922	0.0009809999999999838
923	0.0009809999999999838
924	0.0009809999999999838
925	0.0009809999999999838
926	0.0009809999999999838
927	0.0009809999999999838
928	0.0009809999999999838
929	0.0009809999999999838
930	0.0009809999999999838
931	0.0009809999999999838
932	0.0009809999999999838
933	0.0009809999999999838
934	0.0009809999999999838
935	0.0009809999999999838
936	0.0009809999999999838
937	0.0009809999999999838
938	0.0009809999999999838
939	0.0009809999999999838
940	0.0009809999999999838
941	0.0009809999999999838
942	0.0009809999999999838
943	0.0009809999999999838
944	0.0009809999999999838
945	0.0009809999999999838
946	0.0009809999999999838
947	0.0009809999999999838
948	0.0009809999999999838
949	0.0009809999999999838
950	0.0009809999999999838
951	0.0009809999999999838
952	0.0009809999999999838
953	0.0009809999999999838
954	0.0009809999999999838
955	0.0009809999999999838
956	0.0009809999999999838
957	0.0009809999999999838
958	0.0009809999999999838
959	0.0009809999999999838
960	0.0009809999999999838
961	0.0009809999999999838
962	0.0009809999999999838
963	0.0009809999999999838
964	0.0009809999999999838
965	0.0009809999999999838
966	0.0009809999999999838
967	0.0009809999999999838
968	0.0009809999999999838
969	0.0009809999999999838
970	0.0009809999999999838
971	0.0009809999999999838
972	0.0009809999999999838
973	0.0009809999999999838
974	0.0009809999999999838
975	0.0009809999999999838
976	0.0009809999999999838
977	0.0009809999999999838
978	0.0009809999999999838
979	0.0009809999999999838
980	0.0009809999999999838
981	0.0009809999999999838
982	0.0009809999999999838
983	0.0009809999999999838
984	0.0009809999999999838
985	0.0009809999999999838
986	0.0009809999999999838
987	0.0009809999999999838
988	0.0009809999999999838
989	0.0009809999999999838
990	0.0009809999999999838
991	0.0009809999999999838
992	0.0009809999999999838
993	0.0009809999999999838
994	0.0009809999999999838
995	0.0009809999999999838
996	0.0009809999999999838
997	0.0009809999999999838
998	0.0009809999999999838
999	0.0009809999999999838
1000	0.0009809999999999838
minimum found: [1.03, 1.06], 0.0009809999999999838

