MINIMIZING ROSENBROCK'S SADDLE (1000 gens, binary)
ROSENBROCK'S SADDLE
1000
binary
Gen #	minima
1	0.035136000000000576
2	0.035136000000000576
3	0.035136000000000576
4	0.035136000000000576
5	0.035136000000000576
6	0.035136000000000576
7	0.035136000000000576
8	0.035136000000000576
9	0.035136000000000576
10	0.035136000000000576
11	0.035136000000000576
12	0.035136000000000576
13	0.035136000000000576
14	0.035136000000000576
15	0.035136000000000576
16	0.035136000000000576
17	0.035136000000000576
18	0.035136000000000576
19	0.035136000000000576
20	0.035136000000000576
21	0.035136000000000576
22	0.035136000000000576
23	0.035136000000000576
24	0.035136000000000576
25	0.035136000000000576
26	0.035136000000000576
27	0.035136000000000576
28	0.035136000000000576
29	0.035136000000000576
30	0.035136000000000576
31	0.035136000000000576
32	0.035136000000000576
33	0.035136000000000576
34	0.035136000000000576
35	0.035136000000000576
36	0.035136000000000576
37	0.035136000000000576
38	0.035136000000000576
39	0.035136000000000576
40	0.035136000000000576
41	0.035136000000000576
42	0.035136000000000576
43	0.035136000000000576
44	0.035136000000000576
45	0.035136000000000576
46	0.035136000000000576
47	0.035136000000000576
48	0.035136000000000576
49	0.035136000000000576
50	0.035136000000000576
51	0.035136000000000576
52	0.035136000000000576
53	0.035136000000000576
54	0.035136000000000576
55	0.035136000000000576
56	0.035136000000000576
57	0.035136000000000576
58	0.035136000000000576
59	0.035136000000000576
60	0.035136000000000576
61	0.035136000000000576
62	0.035136000000000576
63	0.035136000000000576
64	0.035136000000000576
65	0.035136000000000576
66	0.035136000000000576
67	0.035136000000000576
68	0.035136000000000576
69	0.035136000000000576
70	0.035136000000000576
71	0.035136000000000576
72	0.035136000000000576
73	0.035136000000000576
74	0.035136000000000576
75	0.035136000000000576
76	0.035136000000000576
77	0.035136000000000576
78	0.035136000000000576
79	0.035136000000000576
80	0.035136000000000576
81	0.035136000000000576
82	0.035136000000000576
83	0.035136000000000576
84	0.035136000000000576
85	0.035136000000000576
86	0.035136000000000576
87	0.035136000000000576
88	0.035136000000000576
89	0.035136000000000576
90	0.035136000000000576
91	0.035136000000000576
92	0.035136000000000576
93	0.035136000000000576
94	0.035136000000000576
95	0.035136000000000576
96	0.035136000000000576
97	0.035136000000000576
98	0.035136000000000576
99	0.035136000000000576
100	0.035136000000000576
101	0.035136000000000576
102	0.035136000000000576
103	0.035136000000000576
104	0.035136000000000576
105	0.035136000000000576
106	0.035136000000000576
107	0.035136000000000576
108	0.035136000000000576
109	0.035136000000000576
110	0.035136000000000576
111	0.035136000000000576
112	0.035136000000000576
113	0.035136000000000576
114	0.035136000000000576
115	0.035136000000000576
116	0.035136000000000576
117	0.035136000000000576
118	0.035136000000000576
119	0.035136000000000576
120	0.035136000000000576
121	0.035136000000000576
122	0.035136000000000576
123	0.035136000000000576
124	0.035136000000000576
125	0.035136000000000576
126	0.035136000000000576
127	0.035136000000000576
128	0.035136000000000576
129	0.035136000000000576
130	0.035136000000000576
131	0.035136000000000576
132	0.035136000000000576
133	0.035136000000000576
134	0.035136000000000576
135	0.035136000000000576
136	0.035136000000000576
137	0.035136000000000576
138	0.035136000000000576
139	0.035136000000000576
140	0.035136000000000576
141	0.035136000000000576
142	0.035136000000000576
143	0.035136000000000576
144	0.035136000000000576
145	0.035136000000000576
146	0.035136000000000576
147	0.035136000000000576
148	0.035136000000000576
149	0.035136000000000576
150	0.035136000000000576
151	0.035136000000000576
152	0.035136000000000576
153	0.035136000000000576
154	0.035136000000000576
155	0.035136000000000576
156	0.035136000000000576
157	0.035136000000000576
158	0.035136000000000576
159	0.035136000000000576
160	0.035136000000000576
161	0.035136000000000576
162	0.035136000000000576
163	0.035136000000000576
164	0.035136000000000576
165	0.035136000000000576
166	0.035136000000000576
167	0.035136000000000576
168	0.035136000000000576
169	0.035136000000000576
170	0.035136000000000576
171	0.035136000000000576
172	0.035136000000000576
173	0.035136000000000576
174	0.035136000000000576
175	0.035136000000000576
176	0.035136000000000576
177	0.035136000000000576
178	0.035136000000000576
179	0.035136000000000576
180	0.035136000000000576
181	0.035136000000000576
182	0.035136000000000576
183	0.035136000000000576
184	0.035136000000000576
185	0.035136000000000576
186	0.035136000000000576
187	0.035136000000000576
188	0.035136000000000576
189	0.035136000000000576
190	0.035136000000000576
191	0.035136000000000576
192	0.035136000000000576
193	0.035136000000000576
194	0.035136000000000576
195	0.035136000000000576
196	0.035136000000000576
197	0.035136000000000576
198	0.035136000000000576
199	0.035136000000000576
200	0.035136000000000576
201	0.035136000000000576
202	0.035136000000000576
203	0.035136000000000576
204	0.035136000000000576
205	0.035136000000000576
206	0.035136000000000576
207	0.035136000000000576
208	0.035136000000000576
209	0.035136000000000576
210	0.035136000000000576
211	0.035136000000000576
212	0.035136000000000576
213	0.035136000000000576
214	0.035136000000000576
215	0.035136000000000576
216	0.035136000000000576
217	0.035136000000000576
218	0.035136000000000576
219	0.035136000000000576
220	0.035136000000000576
221	0.035136000000000576
222	0.035136000000000576
223	0.035136000000000576
224	0.035136000000000576
225	0.035136000000000576
226	0.035136000000000576
227	0.035136000000000576
228	0.035136000000000576
229	0.035136000000000576
230	0.035136000000000576
231	0.035136000000000576
232	0.035136000000000576
233	0.035136000000000576
234	0.035136000000000576
235	0.035136000000000576
236	0.035136000000000576
237	0.035136000000000576
238	0.035136000000000576
239	0.035136000000000576
240	0.035136000000000576
241	0.035136000000000576
242	0.035136000000000576
243	0.035136000000000576
244	0.035136000000000576
245	0.035136000000000576
246	0.035136000000000576
247	0.035136000000000576
248	0.035136000000000576
249	0.035136000000000576
250	0.035136000000000576
251	0.035136000000000576
252	0.035136000000000576
253	0.035136000000000576
254	0.035136000000000576
255	0.035136000000000576
256	0.035136000000000576
257	0.035136000000000576
258	0.035136000000000576
259	0.035136000000000576
260	0.035136000000000576
261	0.035136000000000576
262	0.035136000000000576
263	0.035136000000000576
264	0.035136000000000576
265	0.035136000000000576
266	0.035136000000000576
267	0.035136000000000576
268	0.035136000000000576
269	0.035136000000000576
270	0.035136000000000576
271	0.035136000000000576
272	0.035136000000000576
273	0.035136000000000576
274	0.035136000000000576
275	0.035136000000000576
276	0.035136000000000576
277	0.035136000000000576
278	0.035136000000000576
279	0.035136000000000576
280	0.035136000000000576
281	0.035136000000000576
282	0.035136000000000576
283	0.035136000000000576
284	0.035136000000000576
285	0.035136000000000576
286	0.035136000000000576
287	0.035136000000000576
288	0.035136000000000576
289	0.035136000000000576
290	0.035136000000000576
291	0.035136000000000576
292	0.035136000000000576
293	0.035136000000000576
294	0.035136000000000576
295	0.035136000000000576
296	0.035136000000000576
297	0.035136000000000576
298	0.035136000000000576
299	0.035136000000000576
300	0.035136000000000576
301	0.035136000000000576
302	0.035136000000000576
303	0.035136000000000576
304	0.035136000000000576
305	0.035136000000000576
306	0.035136000000000576
307	0.035136000000000576
308	0.035136000000000576
309	0.035136000000000576
310	0.035136000000000576
311	0.035136000000000576
312	0.035136000000000576
313	0.035136000000000576
314	0.035136000000000576
315	0.035136000000000576
316	0.035136000000000576
317	0.035136000000000576
318	0.035136000000000576
319	0.035136000000000576
320	0.035136000000000576
321	0.035136000000000576
322	0.035136000000000576
323	0.035136000000000576
324	0.035136000000000576
325	0.035136000000000576
326	0.035136000000000576
327	0.035136000000000576
328	0.035136000000000576
329	0.035136000000000576
330	0.035136000000000576
331	0.035136000000000576
332	0.035136000000000576
333	0.035136000000000576
334	0.035136000000000576
335	0.035136000000000576
336	0.035136000000000576
337	0.035136000000000576
338	0.035136000000000576
339	0.035136000000000576
340	0.035136000000000576
341	0.035136000000000576
342	0.035136000000000576
343	0.035136000000000576
344	0.035136000000000576
345	0.035136000000000576
346	0.035136000000000576
347	0.035136000000000576
348	0.035136000000000576
349	0.035136000000000576
350	0.035136000000000576
351	0.035136000000000576
352	0.035136000000000576
353	0.035136000000000576
354	0.035136000000000576
355	0.035136000000000576
356	0.035136000000000576
357	0.035136000000000576
358	0.035136000000000576
359	0.035136000000000576
360	0.035136000000000576
361	0.035136000000000576
362	0.035136000000000576
363	0.035136000000000576
364	0.035136000000000576
365	0.035136000000000576
366	0.035136000000000576
367	0.035136000000000576
368	0.035136000000000576
369	0.035136000000000576
370	0.035136000000000576
371	0.035136000000000576
372	0.035136000000000576
373	0.035136000000000576
374	0.035136000000000576
375	0.035136000000000576
376	0.035136000000000576
377	0.035136000000000576
378	0.035136000000000576
379	0.035136000000000576
380	0.035136000000000576
381	0.035136000000000576
382	0.035136000000000576
383	0.035136000000000576
384	0.035136000000000576
385	0.035136000000000576
386	0.035136000000000576
387	0.035136000000000576
388	0.035136000000000576
389	0.035136000000000576
390	0.035136000000000576
391	0.035136000000000576
392	0.035136000000000576
393	0.035136000000000576
394	0.035136000000000576
395	0.035136000000000576
396	0.035136000000000576
397	0.035136000000000576
398	0.035136000000000576
399	0.035136000000000576
400	0.035136000000000576
401	0.035136000000000576
402	0.035136000000000576
403	0.035136000000000576
404	0.035136000000000576
405	0.035136000000000576
406	0.035136000000000576
407	0.035136000000000576
408	0.035136000000000576
409	0.035136000000000576
410	0.035136000000000576
411	0.035136000000000576
412	0.035136000000000576
413	0.035136000000000576
414	0.035136000000000576
415	0.035136000000000576
416	0.035136000000000576
417	0.035136000000000576
418	0.035136000000000576
419	0.035136000000000576
420	0.035136000000000576
421	0.035136000000000576
422	0.035136000000000576
423	0.035136000000000576
424	0.035136000000000576
425	0.035136000000000576
426	0.035136000000000576
427	0.035136000000000576
428	0.035136000000000576
429	0.035136000000000576
430	0.035136000000000576
431	0.035136000000000576
432	0.035136000000000576
433	0.035136000000000576
434	0.035136000000000576
435	0.035136000000000576
436	0.035136000000000576
437	0.035136000000000576
438	0.035136000000000576
439	0.035136000000000576
440	0.035136000000000576
441	0.035136000000000576
442	0.035136000000000576
443	0.035136000000000576
444	0.035136000000000576
445	0.035136000000000576
446	0.035136000000000576
447	0.035136000000000576
448	0.035136000000000576
449	0.035136000000000576
450	0.035136000000000576
451	0.035136000000000576
452	0.035136000000000576
453	0.035136000000000576
454	0.035136000000000576
455	0.035136000000000576
456	0.035136000000000576
457	0.035136000000000576
458	0.035136000000000576
459	0.035136000000000576
460	0.035136000000000576
461	0.035136000000000576
462	0.035136000000000576
463	0.035136000000000576
464	0.035136000000000576
465	0.035136000000000576
466	0.035136000000000576
467	0.035136000000000576
468	0.035136000000000576
469	0.035136000000000576
470	0.035136000000000576
471	0.035136000000000576
472	0.035136000000000576
473	0.035136000000000576
474	0.035136000000000576
475	0.035136000000000576
476	0.035136000000000576
477	0.035136000000000576
478	0.035136000000000576
479	0.035136000000000576
480	0.035136000000000576
481	0.035136000000000576
482	0.035136000000000576
483	0.035136000000000576
484	0.035136000000000576
485	0.035136000000000576
486	0.035136000000000576
487	0.035136000000000576
488	0.035136000000000576
489	0.035136000000000576
490	0.035136000000000576
491	0.035136000000000576
492	0.035136000000000576
493	0.035136000000000576
494	0.035136000000000576
495	0.035136000000000576
496	0.035136000000000576
497	0.035136000000000576
498	0.035136000000000576
499	0.035136000000000576
500	0.035136000000000576
501	0.035136000000000576
502	0.035136000000000576
503	0.035136000000000576
504	0.035136000000000576
505	0.035136000000000576
506	0.035136000000000576
507	0.035136000000000576
508	0.035136000000000576
509	0.035136000000000576
510	0.035136000000000576
511	0.035136000000000576
512	0.035136000000000576
513	0.035136000000000576
514	0.035136000000000576
515	0.035136000000000576
516	0.035136000000000576
517	0.035136000000000576
518	0.035136000000000576
519	0.035136000000000576
520	0.035136000000000576
521	0.035136000000000576
522	0.035136000000000576
523	0.035136000000000576
524	0.035136000000000576
525	0.035136000000000576
526	0.035136000000000576
527	0.035136000000000576
528	0.035136000000000576
529	0.035136000000000576
530	0.035136000000000576
531	0.035136000000000576
532	0.035136000000000576
533	0.035136000000000576
534	0.035136000000000576
535	0.035136000000000576
536	0.035136000000000576
537	0.035136000000000576
538	0.035136000000000576
539	0.035136000000000576
540	0.035136000000000576
541	0.035136000000000576
542	0.035136000000000576
543	0.035136000000000576
544	0.035136000000000576
545	0.035136000000000576
546	0.035136000000000576
547	0.035136000000000576
548	0.035136000000000576
549	0.035136000000000576
550	0.035136000000000576
551	0.035136000000000576
552	0.035136000000000576
553	0.035136000000000576
554	0.035136000000000576
555	0.035136000000000576
556	0.035136000000000576
557	0.035136000000000576
558	0.035136000000000576
559	0.035136000000000576
560	0.035136000000000576
561	0.035136000000000576
562	0.035136000000000576
563	0.035136000000000576
564	0.035136000000000576
565	0.035136000000000576
566	0.035136000000000576
567	0.035136000000000576
568	0.035136000000000576
569	0.035136000000000576
570	0.035136000000000576
571	0.035136000000000576
572	0.035136000000000576
573	0.035136000000000576
574	0.035136000000000576
575	0.035136000000000576
576	0.035136000000000576
577	0.035136000000000576
578	0.035136000000000576
579	0.035136000000000576
580	0.035136000000000576
581	0.035136000000000576
582	0.035136000000000576
583	0.035136000000000576
584	0.035136000000000576
585	0.035136000000000576
586	0.035136000000000576
587	0.035136000000000576
588	0.035136000000000576
589	0.035136000000000576
590	0.035136000000000576
591	0.035136000000000576
592	0.035136000000000576
593	0.035136000000000576
594	0.035136000000000576
595	0.035136000000000576
596	0.035136000000000576
597	0.035136000000000576
598	0.035136000000000576
599	0.035136000000000576
600	0.035136000000000576
601	0.035136000000000576
602	0.035136000000000576
603	0.035136000000000576
604	0.035136000000000576
605	0.035136000000000576
606	0.035136000000000576
607	0.035136000000000576
608	0.035136000000000576
609	0.035136000000000576
610	0.035136000000000576
611	0.035136000000000576
612	0.035136000000000576
613	0.035136000000000576
614	0.035136000000000576
615	0.035136000000000576
616	0.035136000000000576
617	0.035136000000000576
618	0.035136000000000576
619	0.035136000000000576
620	0.035136000000000576
621	0.035136000000000576
622	0.035136000000000576
623	0.035136000000000576
624	0.035136000000000576
625	0.035136000000000576
626	0.035136000000000576
627	0.035136000000000576
628	0.035136000000000576
629	0.035136000000000576
630	0.035136000000000576
631	0.035136000000000576
632	0.035136000000000576
633	0.035136000000000576
634	0.035136000000000576
635	0.035136000000000576
636	0.035136000000000576
637	0.035136000000000576
638	0.035136000000000576
639	0.035136000000000576
640	0.035136000000000576
641	0.035136000000000576
642	0.035136000000000576
643	0.035136000000000576
644	0.035136000000000576
645	0.035136000000000576
646	0.035136000000000576
647	0.035136000000000576
648	0.035136000000000576
649	0.035136000000000576
650	0.035136000000000576
651	0.035136000000000576
652	0.035136000000000576
653	0.035136000000000576
654	0.035136000000000576
655	0.035136000000000576
656	0.035136000000000576
657	0.035136000000000576
658	0.035136000000000576
659	0.035136000000000576
660	0.035136000000000576
661	0.035136000000000576
662	0.035136000000000576
663	0.035136000000000576
664	0.035136000000000576
665	0.035136000000000576
666	0.035136000000000576
667	0.035136000000000576
668	0.035136000000000576
669	0.035136000000000576
670	0.035136000000000576
671	0.035136000000000576
672	0.035136000000000576
673	0.035136000000000576
674	0.035136000000000576
675	0.035136000000000576
676	0.035136000000000576
677	0.035136000000000576
678	0.035136000000000576
679	0.035136000000000576
680	0.035136000000000576
681	0.035136000000000576
682	0.035136000000000576
683	0.035136000000000576
684	0.035136000000000576
685	0.035136000000000576
686	0.035136000000000576
687	0.035136000000000576
688	0.035136000000000576
689	0.035136000000000576
690	0.035136000000000576
691	0.035136000000000576
692	0.035136000000000576
693	0.035136000000000576
694	0.035136000000000576
695	0.035136000000000576
696	0.035136000000000576
697	0.035136000000000576
698	0.035136000000000576
699	0.035136000000000576
700	0.035136000000000576
701	0.035136000000000576
702	0.035136000000000576
703	0.035136000000000576
704	0.035136000000000576
705	0.035136000000000576
706	0.035136000000000576
707	0.035136000000000576
708	0.035136000000000576
709	0.035136000000000576
710	0.035136000000000576
711	0.035136000000000576
712	0.035136000000000576
713	0.035136000000000576
714	0.035136000000000576
715	0.035136000000000576
716	0.035136000000000576
717	0.035136000000000576
718	0.035136000000000576
719	0.035136000000000576
720	0.035136000000000576
721	0.035136000000000576
722	0.035136000000000576
723	0.035136000000000576
724	0.035136000000000576
725	0.035136000000000576
726	0.035136000000000576
727	0.035136000000000576
728	0.035136000000000576
729	0.035136000000000576
730	0.035136000000000576
731	0.035136000000000576
732	0.035136000000000576
733	0.035136000000000576
734	0.035136000000000576
735	0.035136000000000576
736	0.035136000000000576
737	0.035136000000000576
738	0.035136000000000576
739	0.035136000000000576
740	0.035136000000000576
741	0.035136000000000576
742	0.035136000000000576
743	0.035136000000000576
744	0.035136000000000576
745	0.035136000000000576
746	0.035136000000000576
747	0.035136000000000576
748	0.035136000000000576
749	0.035136000000000576
750	0.035136000000000576
751	0.035136000000000576
752	0.035136000000000576
753	0.035136000000000576
754	0.035136000000000576
755	0.035136000000000576
756	0.035136000000000576
757	0.035136000000000576
758	0.035136000000000576
759	0.035136000000000576
760	0.035136000000000576
761	0.035136000000000576
762	0.035136000000000576
763	0.035136000000000576
764	0.035136000000000576
765	0.035136000000000576
766	0.035136000000000576
767	0.035136000000000576
768	0.035136000000000576
769	0.035136000000000576
770	0.035136000000000576
771	0.035136000000000576
772	0.035136000000000576
773	0.035136000000000576
774	0.035136000000000576
775	0.035136000000000576
776	0.035136000000000576
777	0.035136000000000576
778	0.035136000000000576
779	0.035136000000000576
780	0.035136000000000576
781	0.035136000000000576
782	0.035136000000000576
783	0.035136000000000576
784	0.035136000000000576
785	0.035136000000000576
786	0.035136000000000576
787	0.035136000000000576
788	0.035136000000000576
789	0.035136000000000576
790	0.035136000000000576
791	0.035136000000000576
792	0.035136000000000576
793	0.035136000000000576
794	0.035136000000000576
795	0.035136000000000576
796	0.035136000000000576
797	0.035136000000000576
798	0.035136000000000576
799	0.035136000000000576
800	0.035136000000000576
801	0.035136000000000576
802	0.035136000000000576
803	0.035136000000000576
804	0.035136000000000576
805	0.035136000000000576
806	0.035136000000000576
807	0.035136000000000576
808	0.035136000000000576
809	0.035136000000000576
810	0.035136000000000576
811	0.035136000000000576
812	0.035136000000000576
813	0.035136000000000576
814	0.035136000000000576
815	0.035136000000000576
816	0.035136000000000576
817	0.035136000000000576
818	0.035136000000000576
819	0.035136000000000576
820	0.035136000000000576
821	0.035136000000000576
822	0.035136000000000576
823	0.035136000000000576
824	0.035136000000000576
825	0.035136000000000576
826	0.035136000000000576
827	0.035136000000000576
828	0.035136000000000576
829	0.035136000000000576
830	0.035136000000000576
831	0.035136000000000576
832	0.035136000000000576
833	0.035136000000000576
834	0.035136000000000576
835	0.035136000000000576
836	0.035136000000000576
837	0.035136000000000576
838	0.035136000000000576
839	0.035136000000000576
840	0.035136000000000576
841	0.035136000000000576
842	0.035136000000000576
843	0.035136000000000576
844	0.035136000000000576
845	0.035136000000000576
846	0.035136000000000576
847	0.035136000000000576
848	0.035136000000000576
849	0.035136000000000576
850	0.035136000000000576
851	0.035136000000000576
852	0.035136000000000576
853	0.035136000000000576
854	0.035136000000000576
855	0.035136000000000576
856	0.035136000000000576
857	0.035136000000000576
858	0.035136000000000576
859	0.035136000000000576
860	0.035136000000000576
861	0.035136000000000576
862	0.035136000000000576
863	0.035136000000000576
864	0.035136000000000576
865	0.035136000000000576
866	0.035136000000000576
867	0.035136000000000576
868	0.035136000000000576
869	0.035136000000000576
870	0.035136000000000576
871	0.035136000000000576
872	0.035136000000000576
873	0.035136000000000576
874	0.035136000000000576
875	0.035136000000000576
876	0.035136000000000576
877	0.035136000000000576
878	0.035136000000000576
879	0.035136000000000576
880	0.035136000000000576
881	0.035136000000000576
882	0.035136000000000576
883	0.035136000000000576
884	0.035136000000000576
885	0.035136000000000576
886	0.035136000000000576
887	0.035136000000000576
888	0.035136000000000576
889	0.035136000000000576
890	0.035136000000000576
891	0.035136000000000576
892	0.035136000000000576
893	0.035136000000000576
894	0.035136000000000576
895	0.035136000000000576
896	0.035136000000000576
897	0.035136000000000576
898	0.035136000000000576
899	0.035136000000000576
900	0.035136000000000576
901	0.035136000000000576
902	0.035136000000000576
903	0.035136000000000576
904	0.035136000000000576
905	0.035136000000000576
906	0.035136000000000576
907	0.035136000000000576
908	0.035136000000000576
909	0.035136000000000576
910	0.035136000000000576
911	0.035136000000000576
912	0.035136000000000576
913	0.035136000000000576
914	0.035136000000000576
915	0.035136000000000576
916	0.035136000000000576
917	0.035136000000000576
918	0.035136000000000576
919	0.035136000000000576
920	0.035136000000000576
921	0.035136000000000576
922	0.035136000000000576
923	0.035136000000000576
924	0.035136000000000576
925	0.035136000000000576
926	0.035136000000000576
927	0.035136000000000576
928	0.035136000000000576
929	0.035136000000000576
930	0.035136000000000576
931	0.035136000000000576
932	0.035136000000000576
933	0.035136000000000576
934	0.035136000000000576
935	0.035136000000000576
936	0.035136000000000576
937	0.035136000000000576
938	0.035136000000000576
939	0.035136000000000576
940	0.035136000000000576
941	0.035136000000000576
942	0.035136000000000576
943	0.035136000000000576
944	0.035136000000000576
945	0.035136000000000576
946	0.035136000000000576
947	0.035136000000000576
948	0.035136000000000576
949	0.035136000000000576
950	0.035136000000000576
951	0.035136000000000576
952	0.035136000000000576
953	0.035136000000000576
954	0.035136000000000576
955	0.035136000000000576
956	0.035136000000000576
957	0.035136000000000576
958	0.035136000000000576
959	0.035136000000000576
960	0.035136000000000576
961	0.035136000000000576
962	0.035136000000000576
963	0.035136000000000576
964	0.035136000000000576
965	0.035136000000000576
966	0.035136000000000576
967	0.035136000000000576
968	0.035136000000000576
969	0.035136000000000576
970	0.035136000000000576
971	0.035136000000000576
972	0.035136000000000576
973	0.035136000000000576
974	0.035136000000000576
975	0.035136000000000576
976	0.035136000000000576
977	0.035136000000000576
978	0.035136000000000576
979	0.035136000000000576
980	0.035136000000000576
981	0.035136000000000576
982	0.035136000000000576
983	0.035136000000000576
984	0.035136000000000576
985	0.035136000000000576
986	0.035136000000000576
987	0.035136000000000576
988	0.035136000000000576
989	0.035136000000000576
990	0.035136000000000576
991	0.035136000000000576
992	0.035136000000000576
993	0.035136000000000576
994	0.035136000000000576
995	0.035136000000000576
996	0.035136000000000576
997	0.035136000000000576
998	0.035136000000000576
999	0.035136000000000576
1000	0.035136000000000576
minimum found: [1.12, 1.24], 0.035136000000000576

