MINIMIZING ROSENBROCK'S SADDLE (1000 gens, gray)
ROSENBROCK'S SADDLE
1000
gray
Gen #	minima
1	19.926175999999987
2	9.809936000000004
3	1.4598609999999992
4	1.4598609999999992
5	0.30812500000000004
6	0.30812500000000004
7	0.30812500000000004
8	0.30505600000000005
9	0.30505600000000005
10	0.30505600000000005
11	0.30505600000000005
12	0.30505600000000005
13	0.30505600000000005
14	0.30505600000000005
15	0.30505600000000005
16	0.30505600000000005
17	0.30505600000000005
18	0.30505600000000005
19	0.30505600000000005
20	0.30505600000000005
21	0.30505600000000005
22	0.30505600000000005
23	0.30505600000000005
24	0.30505600000000005
25	0.30505600000000005
26	0.30505600000000005
27	0.30505600000000005
28	0.30505600000000005
29	0.30505600000000005
30	0.30505600000000005
31	0.30505600000000005
32	0.30505600000000005
33	0.30505600000000005
34	0.30505600000000005
35	0.30505600000000005
36	0.30505600000000005
37	0.30505600000000005
38	0.30505600000000005
39	0.30505600000000005
40	0.30505600000000005
41	0.30505600000000005
42	0.30505600000000005
43	0.30505600000000005
44	0.30505600000000005
45	0.30505600000000005
46	0.30505600000000005
47	0.30505600000000005
48	0.30505600000000005
49	0.30505600000000005
50	0.30505600000000005
51	0.30505600000000005
52	0.30505600000000005
53	0.30505600000000005
54	0.30505600000000005
55	0.30505600000000005
56	0.30505600000000005
57	0.30505600000000005
58	0.30505600000000005
59	0.30505600000000005
60	0.30505600000000005
61	0.30505600000000005
62	0.30505600000000005
63	0.30505600000000005
64	0.30505600000000005
65	0.30505600000000005
66	0.30505600000000005
67	0.30505600000000005
68	0.30505600000000005
69	0.30505600000000005
70	0.30505600000000005
71	0.30505600000000005
72	0.30505600000000005
73	0.30505600000000005
74	0.30505600000000005
75	0.30505600000000005
76	0.30505600000000005
77	0.30505600000000005
78	0.30505600000000005
79	0.30505600000000005
80	0.30505600000000005
81	0.30505600000000005
82	0.30505600000000005
83	0.30505600000000005
84	0.30505600000000005
85	0.30505600000000005
86	0.30505600000000005
87	0.30505600000000005
88	0.30505600000000005
89	0.30505600000000005
90	0.30505600000000005
91	0.30505600000000005
92	0.30505600000000005
93	0.30505600000000005
94	0.30505600000000005
95	0.30505600000000005
96	0.30505600000000005
97	0.30505600000000005
98	0.30505600000000005
99	0.30505600000000005
100	0.30505600000000005
101	0.30505600000000005
102	0.30505600000000005
103	0.30505600000000005
104	0.30505600000000005
105	0.30505600000000005
106	0.30505600000000005
107	0.30505600000000005
108	0.30505600000000005
109	0.30505600000000005
110	0.30505600000000005
111	0.30505600000000005
112	0.30505600000000005
113	0.30505600000000005
114	0.30505600000000005
115	0.30505600000000005
116	0.30505600000000005
117	0.30505600000000005
118	0.30505600000000005
119	0.30505600000000005
120	0.30505600000000005
121	0.30505600000000005
122	0.30505600000000005
123	0.30505600000000005
124	0.30505600000000005
125	0.30505600000000005
126	0.30505600000000005
127	0.30505600000000005
128	0.30505600000000005
129	0.30505600000000005
130	0.30505600000000005
131	0.30505600000000005
132	0.30505600000000005
133	0.30505600000000005
134	0.30505600000000005
135	0.30505600000000005
136	0.30505600000000005
137	0.30505600000000005
138	0.30505600000000005
139	0.30505600000000005
140	0.30505600000000005
141	0.30505600000000005
142	0.30505600000000005
143	0.30505600000000005
144	0.30505600000000005
145	0.30505600000000005
146	0.30505600000000005
147	0.30505600000000005
148	0.30505600000000005
149	0.30505600000000005
150	0.30505600000000005
151	0.30505600000000005
152	0.30505600000000005
153	0.30505600000000005
154	0.30505600000000005
155	0.30505600000000005
156	0.30505600000000005
157	0.30505600000000005
158	0.30505600000000005
159	0.30505600000000005
160	0.30505600000000005
161	0.30505600000000005
162	0.30505600000000005
163	0.30505600000000005
164	0.30505600000000005
165	0.30505600000000005
166	0.30505600000000005
167	0.30505600000000005
168	0.30505600000000005
169	0.30505600000000005
170	0.30505600000000005
171	0.30505600000000005
172	0.30505600000000005
173	0.30505600000000005
174	0.30505600000000005
175	0.30505600000000005
176	0.30505600000000005
177	0.30505600000000005
178	0.30505600000000005
179	0.30505600000000005
180	0.30505600000000005
181	0.30505600000000005
182	0.30505600000000005
183	0.30505600000000005
184	0.30505600000000005
185	0.30505600000000005
186	0.30505600000000005
187	0.30505600000000005
188	0.30505600000000005
189	0.30505600000000005
190	0.30505600000000005
191	0.30505600000000005
192	0.30505600000000005
193	0.30505600000000005
194	0.30505600000000005
195	0.30505600000000005
196	0.30505600000000005
197	0.30505600000000005
198	0.30505600000000005
199	0.30505600000000005
200	0.30505600000000005
201	0.30505600000000005
202	0.30505600000000005
203	0.30505600000000005
204	0.30505600000000005
205	0.30505600000000005
206	0.30505600000000005
207	0.30505600000000005
208	0.30505600000000005
209	0.30505600000000005
210	0.30505600000000005
211	0.30505600000000005
212	0.30505600000000005
213	0.30505600000000005
214	0.30505600000000005
215	0.30505600000000005
216	0.30505600000000005
217	0.30505600000000005
218	0.30505600000000005
219	0.30505600000000005
220	0.30505600000000005
221	0.30505600000000005
222	0.30505600000000005
223	0.30505600000000005
224	0.30505600000000005
225	0.30505600000000005
226	0.30505600000000005
227	0.30505600000000005
228	0.30505600000000005
229	0.30505600000000005
230	0.30505600000000005
231	0.30505600000000005
232	0.30505600000000005
233	0.30505600000000005
234	0.30505600000000005
235	0.30505600000000005
236	0.30505600000000005
237	0.30505600000000005
238	0.30505600000000005
239	0.30505600000000005
240	0.30505600000000005
241	0.30505600000000005
242	0.30505600000000005
243	0.30505600000000005
244	0.30505600000000005
245	0.30505600000000005
246	0.30505600000000005
247	0.30505600000000005
248	0.30505600000000005
249	0.30505600000000005
250	0.30505600000000005
251	0.30505600000000005
252	0.30505600000000005
253	0.30505600000000005
254	0.30505600000000005
255	0.30505600000000005
256	0.30505600000000005
257	0.30505600000000005
258	0.30505600000000005
259	0.30505600000000005
260	0.30505600000000005
261	0.30505600000000005
262	0.30505600000000005
263	0.30505600000000005
264	0.30505600000000005
265	0.30505600000000005
266	0.30505600000000005
267	0.30505600000000005
268	0.30505600000000005
269	0.30505600000000005
270	0.30505600000000005
271	0.30505600000000005
272	0.30505600000000005
273	0.30505600000000005
274	0.30505600000000005
275	0.30505600000000005
276	0.30505600000000005
277	0.30505600000000005
278	0.30505600000000005
279	0.30505600000000005
280	0.30505600000000005
281	0.30505600000000005
282	0.30505600000000005
283	0.30505600000000005
284	0.30505600000000005
285	0.30505600000000005
286	0.30505600000000005
287	0.30505600000000005
288	0.30505600000000005
289	0.30505600000000005
290	0.30505600000000005
291	0.30505600000000005
292	0.30505600000000005
293	0.30505600000000005
294	0.30505600000000005
295	0.30505600000000005
296	0.30505600000000005
297	0.30505600000000005
298	0.30505600000000005
299	0.30505600000000005
300	0.30505600000000005
301	0.30505600000000005
302	0.30505600000000005
303	0.30505600000000005
304	0.30505600000000005
305	0.30505600000000005
306	0.30505600000000005
307	0.30505600000000005
308	0.30505600000000005
309	0.30505600000000005
310	0.30505600000000005
311	0.30505600000000005
312	0.30505600000000005
313	0.30505600000000005
314	0.30505600000000005
315	0.30505600000000005
316	0.30505600000000005
317	0.30505600000000005
318	0.30505600000000005
319	0.30505600000000005
320	0.30505600000000005
321	0.30505600000000005
322	0.30505600000000005
323	0.30505600000000005
324	0.30505600000000005
325	0.30505600000000005
326	0.30505600000000005
327	0.30505600000000005
328	0.30505600000000005
329	0.30505600000000005
330	0.30505600000000005
331	0.30505600000000005
332	0.30505600000000005
333	0.30505600000000005
334	0.30505600000000005
335	0.30505600000000005
336	0.30505600000000005
337	0.30505600000000005
338	0.30505600000000005
339	0.30505600000000005
340	0.30505600000000005
341	0.30505600000000005
342	0.30505600000000005
343	0.30505600000000005
344	0.30505600000000005
345	0.30505600000000005
346	0.30505600000000005
347	0.30505600000000005
348	0.30505600000000005
349	0.30505600000000005
350	0.30505600000000005
351	0.30505600000000005
352	0.30505600000000005
353	0.30505600000000005
354	0.30505600000000005
355	0.30505600000000005
356	0.30505600000000005
357	0.30505600000000005
358	0.30505600000000005
359	0.30505600000000005
360	0.30505600000000005
361	0.30505600000000005
362	0.30505600000000005
363	0.30505600000000005
364	0.30505600000000005
365	0.30505600000000005
366	0.30505600000000005
367	0.30505600000000005
368	0.30505600000000005
369	0.30505600000000005
370	0.30505600000000005
371	0.30505600000000005
372	0.30505600000000005
373	0.30505600000000005
374	0.30505600000000005
375	0.30505600000000005
376	0.30505600000000005
377	0.30505600000000005
378	0.30505600000000005
379	0.30505600000000005
380	0.30505600000000005
381	0.30505600000000005
382	0.30505600000000005
383	0.30505600000000005
384	0.30505600000000005
385	0.30505600000000005
386	0.30505600000000005
387	0.30505600000000005
388	0.30505600000000005
389	0.30505600000000005
390	0.30505600000000005
391	0.30505600000000005
392	0.30505600000000005
393	0.30505600000000005
394	0.30505600000000005
395	0.30505600000000005
396	0.30505600000000005
397	0.30505600000000005
398	0.30505600000000005
399	0.30505600000000005
400	0.30505600000000005
401	0.30505600000000005
402	0.30505600000000005
403	0.30505600000000005
404	0.30505600000000005
405	0.30505600000000005
406	0.30505600000000005
407	0.30505600000000005
408	0.30505600000000005
409	0.30505600000000005
410	0.30505600000000005
411	0.30505600000000005
412	0.30505600000000005
413	0.30505600000000005
414	0.30505600000000005
415	0.30505600000000005
416	0.30505600000000005
417	0.30505600000000005
418	0.30505600000000005
419	0.30505600000000005
420	0.30505600000000005
421	0.30505600000000005
422	0.30505600000000005
423	0.30505600000000005
424	0.30505600000000005
425	0.30505600000000005
426	0.30505600000000005
427	0.30505600000000005
428	0.30505600000000005
429	0.30505600000000005
430	0.30505600000000005
431	0.30505600000000005
432	0.30505600000000005
433	0.30505600000000005
434	0.30505600000000005
435	0.30505600000000005
436	0.30505600000000005
437	0.30505600000000005
438	0.30505600000000005
439	0.30505600000000005
440	0.30505600000000005
441	0.30505600000000005
442	0.30505600000000005
443	0.30505600000000005
444	0.30505600000000005
445	0.30505600000000005
446	0.30505600000000005
447	0.30505600000000005
448	0.30505600000000005
449	0.30505600000000005
450	0.30505600000000005
451	0.30505600000000005
452	0.30505600000000005
453	0.30505600000000005
454	0.30505600000000005
455	0.30505600000000005
456	0.30505600000000005
457	0.30505600000000005
458	0.30505600000000005
459	0.30505600000000005
460	0.30505600000000005
461	0.30505600000000005
462	0.30505600000000005
463	0.30505600000000005
464	0.30505600000000005
465	0.30505600000000005
466	0.30505600000000005
467	0.30505600000000005
468	0.30505600000000005
469	0.30505600000000005
470	0.30505600000000005
471	0.30505600000000005
472	0.30505600000000005
473	0.30505600000000005
474	0.30505600000000005
475	0.30505600000000005
476	0.30505600000000005
477	0.30505600000000005
478	0.30505600000000005
479	0.30505600000000005
480	0.30505600000000005
481	0.30505600000000005
482	0.30505600000000005
483	0.30505600000000005
484	0.30505600000000005
485	0.30505600000000005
486	0.30505600000000005
487	0.30505600000000005
488	0.30505600000000005
489	0.30505600000000005
490	0.30505600000000005
491	0.30505600000000005
492	0.30505600000000005
493	0.30505600000000005
494	0.30505600000000005
495	0.30505600000000005
496	0.30505600000000005
497	0.30505600000000005
498	0.30505600000000005
499	0.30505600000000005
500	0.30505600000000005
501	0.30505600000000005
502	0.30505600000000005
503	0.30505600000000005
504	0.30505600000000005
505	0.30505600000000005
506	0.30505600000000005
507	0.30505600000000005
508	0.30505600000000005
509	0.30505600000000005
510	0.30505600000000005
511	0.30505600000000005
512	0.30505600000000005
513	0.30505600000000005
514	0.30505600000000005
515	0.30505600000000005
516	0.30505600000000005
517	0.30505600000000005
518	0.30505600000000005
519	0.30505600000000005
520	0.30505600000000005
521	0.30505600000000005
522	0.30505600000000005
523	0.30505600000000005
524	0.30505600000000005
525	0.30505600000000005
526	0.30505600000000005
527	0.30505600000000005
528	0.30505600000000005
529	0.30505600000000005
530	0.30505600000000005
531	0.30505600000000005
532	0.30505600000000005
533	0.30505600000000005
534	0.30505600000000005
535	0.30505600000000005
536	0.30505600000000005
537	0.30505600000000005
538	0.30505600000000005
539	0.30505600000000005
540	0.30505600000000005
541	0.30505600000000005
542	0.30505600000000005
543	0.30505600000000005
544	0.30505600000000005
545	0.30505600000000005
546	0.30505600000000005
547	0.30505600000000005
548	0.30505600000000005
549	0.30505600000000005
550	0.30505600000000005
551	0.30505600000000005
552	0.30505600000000005
553	0.30505600000000005
554	0.30505600000000005
555	0.30505600000000005
556	0.30505600000000005
557	0.30505600000000005
558	0.30505600000000005
559	0.30505600000000005
560	0.30505600000000005
561	0.30505600000000005
562	0.30505600000000005
563	0.30505600000000005
564	0.30505600000000005
565	0.30505600000000005
566	0.30505600000000005
567	0.30505600000000005
568	0.30505600000000005
569	0.30505600000000005
570	0.30505600000000005
571	0.30505600000000005
572	0.30505600000000005
573	0.30505600000000005
574	0.30505600000000005
575	0.30505600000000005
576	0.30505600000000005
577	0.30505600000000005
578	0.30505600000000005
579	0.30505600000000005
580	0.30505600000000005
581	0.30505600000000005
582	0.30505600000000005
583	0.30505600000000005
584	0.30505600000000005
585	0.30505600000000005
586	0.30505600000000005
587	0.30505600000000005
588	0.30505600000000005
589	0.30505600000000005
590	0.30505600000000005
591	0.30505600000000005
592	0.30505600000000005
593	0.30505600000000005
594	0.30505600000000005
595	0.30505600000000005
596	0.30505600000000005
597	0.30505600000000005
598	0.30505600000000005
599	0.30505600000000005
600	0.30505600000000005
601	0.30505600000000005
602	0.30505600000000005
603	0.30505600000000005
604	0.30505600000000005
605	0.30505600000000005
606	0.30505600000000005
607	0.30505600000000005
608	0.30505600000000005
609	0.30505600000000005
610	0.30505600000000005
611	0.30505600000000005
612	0.30505600000000005
613	0.30505600000000005
614	0.30505600000000005
615	0.30505600000000005
616	0.30505600000000005
617	0.30505600000000005
618	0.30505600000000005
619	0.30505600000000005
620	0.30505600000000005
621	0.30505600000000005
622	0.30505600000000005
623	0.30505600000000005
624	0.30505600000000005
625	0.30505600000000005
626	0.30505600000000005
627	0.30505600000000005
628	0.30505600000000005
629	0.30505600000000005
630	0.30505600000000005
631	0.30505600000000005
632	0.30505600000000005
633	0.30505600000000005
634	0.30505600000000005
635	0.30505600000000005
636	0.30505600000000005
637	0.30505600000000005
638	0.30505600000000005
639	0.30505600000000005
640	0.30505600000000005
641	0.30505600000000005
642	0.30505600000000005
643	0.30505600000000005
644	0.30505600000000005
645	0.30505600000000005
646	0.30505600000000005
647	0.30505600000000005
648	0.30505600000000005
649	0.30505600000000005
650	0.30505600000000005
651	0.30505600000000005
652	0.30505600000000005
653	0.30505600000000005
654	0.30505600000000005
655	0.30505600000000005
656	0.30505600000000005
657	0.30505600000000005
658	0.30505600000000005
659	0.30505600000000005
660	0.30505600000000005
661	0.30505600000000005
662	0.30505600000000005
663	0.30505600000000005
664	0.30505600000000005
665	0.30505600000000005
666	0.30505600000000005
667	0.30505600000000005
668	0.30505600000000005
669	0.30505600000000005
670	0.30505600000000005
671	0.30505600000000005
672	0.30505600000000005
673	0.30505600000000005
674	0.30505600000000005
675	0.30505600000000005
676	0.30505600000000005
677	0.30505600000000005
678	0.30505600000000005
679	0.30505600000000005
680	0.30505600000000005
681	0.30505600000000005
682	0.30505600000000005
683	0.30505600000000005
684	0.30505600000000005
685	0.30505600000000005
686	0.30505600000000005
687	0.30505600000000005
688	0.30505600000000005
689	0.30505600000000005
690	0.30505600000000005
691	0.30505600000000005
692	0.30505600000000005
693	0.30505600000000005
694	0.30505600000000005
695	0.30505600000000005
696	0.30505600000000005
697	0.30505600000000005
698	0.30505600000000005
699	0.30505600000000005
700	0.30505600000000005
701	0.30505600000000005
702	0.30505600000000005
703	0.30505600000000005
704	0.30505600000000005
705	0.30505600000000005
706	0.30505600000000005
707	0.30505600000000005
708	0.30505600000000005
709	0.30505600000000005
710	0.30505600000000005
711	0.30505600000000005
712	0.30505600000000005
713	0.30505600000000005
714	0.30505600000000005
715	0.30505600000000005
716	0.30505600000000005
717	0.30505600000000005
718	0.30505600000000005
719	0.30505600000000005
720	0.30505600000000005
721	0.30505600000000005
722	0.30505600000000005
723	0.30505600000000005
724	0.30505600000000005
725	0.30505600000000005
726	0.30505600000000005
727	0.30505600000000005
728	0.30505600000000005
729	0.30505600000000005
730	0.30505600000000005
731	0.30505600000000005
732	0.30505600000000005
733	0.30505600000000005
734	0.30505600000000005
735	0.30505600000000005
736	0.30505600000000005
737	0.30505600000000005
738	0.30505600000000005
739	0.30505600000000005
740	0.30505600000000005
741	0.30505600000000005
742	0.30505600000000005
743	0.30505600000000005
744	0.30505600000000005
745	0.30505600000000005
746	0.30505600000000005
747	0.30505600000000005
748	0.30505600000000005
749	0.30505600000000005
750	0.30505600000000005
751	0.30505600000000005
752	0.30505600000000005
753	0.30505600000000005
754	0.30505600000000005
755	0.30505600000000005
756	0.30505600000000005
757	0.30505600000000005
758	0.30505600000000005
759	0.30505600000000005
760	0.30505600000000005
761	0.30505600000000005
762	0.30505600000000005
763	0.30505600000000005
764	0.30505600000000005
765	0.30505600000000005
766	0.30505600000000005
767	0.30505600000000005
768	0.30505600000000005
769	0.30505600000000005
770	0.30505600000000005
771	0.30505600000000005
772	0.30505600000000005
773	0.30505600000000005
774	0.30505600000000005
775	0.30505600000000005
776	0.30505600000000005
777	0.30505600000000005
778	0.30505600000000005
779	0.30505600000000005
780	0.30505600000000005
781	0.30505600000000005
782	0.30505600000000005
783	0.30505600000000005
784	0.30505600000000005
785	0.30505600000000005
786	0.30505600000000005
787	0.30505600000000005
788	0.30505600000000005
789	0.30505600000000005
790	0.30505600000000005
791	0.30505600000000005
792	0.30505600000000005
793	0.30505600000000005
794	0.30505600000000005
795	0.30505600000000005
796	0.30505600000000005
797	0.30505600000000005
798	0.30505600000000005
799	0.30505600000000005
800	0.30505600000000005
801	0.30505600000000005
802	0.30505600000000005
803	0.30505600000000005
804	0.30505600000000005
805	0.30505600000000005
806	0.30505600000000005
807	0.30505600000000005
808	0.30505600000000005
809	0.30505600000000005
810	0.30505600000000005
811	0.30505600000000005
812	0.30505600000000005
813	0.30505600000000005
814	0.30505600000000005
815	0.30505600000000005
816	0.30505600000000005
817	0.30505600000000005
818	0.30505600000000005
819	0.30505600000000005
820	0.30505600000000005
821	0.30505600000000005
822	0.30505600000000005
823	0.30505600000000005
824	0.30505600000000005
825	0.30505600000000005
826	0.30505600000000005
827	0.30505600000000005
828	0.30505600000000005
829	0.30505600000000005
830	0.30505600000000005
831	0.30505600000000005
832	0.30505600000000005
833	0.30505600000000005
834	0.30505600000000005
835	0.30505600000000005
836	0.30505600000000005
837	0.30505600000000005
838	0.30505600000000005
839	0.30505600000000005
840	0.30505600000000005
841	0.30505600000000005
842	0.30505600000000005
843	0.30505600000000005
844	0.30505600000000005
845	0.30505600000000005
846	0.30505600000000005
847	0.30505600000000005
848	0.30505600000000005
849	0.30505600000000005
850	0.30505600000000005
851	0.30505600000000005
852	0.30505600000000005
853	0.30505600000000005
854	0.30505600000000005
855	0.30505600000000005
856	0.30505600000000005
857	0.30505600000000005
858	0.30505600000000005
859	0.30505600000000005
860	0.30505600000000005
861	0.30505600000000005
862	0.30505600000000005
863	0.30505600000000005
864	0.30505600000000005
865	0.30505600000000005
866	0.30505600000000005
867	0.30505600000000005
868	0.30505600000000005
869	0.30505600000000005
870	0.30505600000000005
871	0.30505600000000005
872	0.30505600000000005
873	0.30505600000000005
874	0.30505600000000005
875	0.30505600000000005
876	0.30505600000000005
877	0.30505600000000005
878	0.30505600000000005
879	0.30505600000000005
880	0.30505600000000005
881	0.30505600000000005
882	0.30505600000000005
883	0.30505600000000005
884	0.30505600000000005
885	0.30505600000000005
886	0.30505600000000005
887	0.30505600000000005
888	0.30505600000000005
889	0.30505600000000005
890	0.30505600000000005
891	0.30505600000000005
892	0.30505600000000005
893	0.30505600000000005
894	0.30505600000000005
895	0.30505600000000005
896	0.30505600000000005
897	0.30505600000000005
898	0.30505600000000005
899	0.30505600000000005
900	0.30505600000000005
901	0.30505600000000005
902	0.30505600000000005
903	0.30505600000000005
904	0.30505600000000005
905	0.30505600000000005
906	0.30505600000000005
907	0.30505600000000005
908	0.30505600000000005
909	0.30505600000000005
910	0.30505600000000005
911	0.30505600000000005
912	0.30505600000000005
913	0.30505600000000005
914	0.30505600000000005
915	0.30505600000000005
916	0.30505600000000005
917	0.30505600000000005
918	0.30505600000000005
919	0.30505600000000005
920	0.30505600000000005
921	0.30505600000000005
922	0.30505600000000005
923	0.30505600000000005
924	0.30505600000000005
925	0.30505600000000005
926	0.30505600000000005
927	0.30505600000000005
928	0.30505600000000005
929	0.30505600000000005
930	0.30505600000000005
931	0.30505600000000005
932	0.30505600000000005
933	0.30505600000000005
934	0.30505600000000005
935	0.30505600000000005
936	0.30505600000000005
937	0.30505600000000005
938	0.30505600000000005
939	0.30505600000000005
940	0.30505600000000005
941	0.30505600000000005
942	0.30505600000000005
943	0.30505600000000005
944	0.30505600000000005
945	0.30505600000000005
946	0.30505600000000005
947	0.30505600000000005
948	0.30505600000000005
949	0.30505600000000005
950	0.30505600000000005
951	0.30505600000000005
952	0.30505600000000005
953	0.30505600000000005
954	0.30505600000000005
955	0.30505600000000005
956	0.30505600000000005
957	0.30505600000000005
958	0.30505600000000005
959	0.30505600000000005
960	0.30505600000000005
961	0.30505600000000005
962	0.30505600000000005
963	0.30505600000000005
964	0.30505600000000005
965	0.30505600000000005
966	0.30505600000000005
967	0.30505600000000005
968	0.30505600000000005
969	0.30505600000000005
970	0.30505600000000005
971	0.30505600000000005
972	0.30505600000000005
973	0.30505600000000005
974	0.30505600000000005
975	0.30505600000000005
976	0.30505600000000005
977	0.30505600000000005
978	0.30505600000000005
979	0.30505600000000005
980	0.30505600000000005
981	0.30505600000000005
982	0.30505600000000005
983	0.30505600000000005
984	0.30505600000000005
985	0.30505600000000005
986	0.30505600000000005
987	0.30505600000000005
988	0.30505600000000005
989	0.30505600000000005
990	0.30505600000000005
991	0.30505600000000005
992	0.30505600000000005
993	0.30505600000000005
994	0.30505600000000005
995	0.30505600000000005
996	0.30505600000000005
997	0.30505600000000005
998	0.30505600000000005
999	0.30505600000000005
1000	0.30505600000000005
minimum found: [0.46, 0.2], 0.30505600000000005

