MINIMIZING ROSENBROCK'S SADDLE (1000 gens, binary)
ROSENBROCK'S SADDLE
1000
binary
Gen #	minima
1	2.220101
2	2.220101
3	1.0020159999999998
4	1.0020159999999998
5	1.0020159999999998
6	1.0020159999999998
7	1.0020159999999998
8	1.0020159999999998
9	1.0020159999999998
10	1.0020159999999998
11	1.0020159999999998
12	1.0020159999999998
13	1.0020159999999998
14	1.0020159999999998
15	1.0020159999999998
16	1.0020159999999998
17	1.0020159999999998
18	1.0020159999999998
19	1.0020159999999998
20	1.0020159999999998
21	1.0020159999999998
22	1.0020159999999998
23	1.0020159999999998
24	1.0020159999999998
25	1.0020159999999998
26	1.0020159999999998
27	1.0020159999999998
28	1.0020159999999998
29	1.0020159999999998
30	1.0020159999999998
31	1.0020159999999998
32	1.0020159999999998
33	1.0020159999999998
34	1.0020159999999998
35	1.0020159999999998
36	1.0020159999999998
37	1.0020159999999998
38	1.0020159999999998
39	1.0020159999999998
40	1.0020159999999998
41	1.0020159999999998
42	1.0020159999999998
43	1.0020159999999998
44	1.0020159999999998
45	1.0020159999999998
46	1.0020159999999998
47	1.0020159999999998
48	1.0020159999999998
49	1.0020159999999998
50	1.0020159999999998
51	1.0020159999999998
52	1.0020159999999998
53	1.0020159999999998
54	1.0020159999999998
55	1.0020159999999998
56	1.0020159999999998
57	1.0020159999999998
58	1.0020159999999998
59	1.0020159999999998
60	1.0020159999999998
61	1.0020159999999998
62	1.0020159999999998
63	1.0020159999999998
64	1.0020159999999998
65	1.0020159999999998
66	1.0020159999999998
67	1.0020159999999998
68	1.0020159999999998
69	1.0020159999999998
70	1.0020159999999998
71	1.0020159999999998
72	1.0020159999999998
73	1.0020159999999998
74	1.0020159999999998
75	1.0020159999999998
76	1.0020159999999998
77	1.0020159999999998
78	1.0020159999999998
79	1.0020159999999998
80	1.0020159999999998
81	1.0020159999999998
82	1.0020159999999998
83	1.0020159999999998
84	1.0020159999999998
85	1.0020159999999998
86	1.0020159999999998
87	1.0020159999999998
88	1.0020159999999998
89	1.0020159999999998
90	1.0020159999999998
91	1.0020159999999998
92	1.0020159999999998
93	1.0020159999999998
94	1.0020159999999998
95	1.0020159999999998
96	1.0020159999999998
97	1.0020159999999998
98	1.0020159999999998
99	1.0020159999999998
100	1.0020159999999998
101	1.0020159999999998
102	1.0020159999999998
103	1.0020159999999998
104	1.0020159999999998
105	1.0020159999999998
106	1.0020159999999998
107	1.0020159999999998
108	1.0020159999999998
109	1.0020159999999998
110	1.0020159999999998
111	1.0020159999999998
112	1.0020159999999998
113	1.0020159999999998
114	1.0020159999999998
115	1.0020159999999998
116	1.0020159999999998
117	1.0020159999999998
118	1.0020159999999998
119	1.0020159999999998
120	1.0020159999999998
121	1.0020159999999998
122	1.0020159999999998
123	1.0020159999999998
124	1.0020159999999998
125	1.0020159999999998
126	1.0020159999999998
127	1.0020159999999998
128	1.0020159999999998
129	1.0020159999999998
130	1.0020159999999998
131	1.0020159999999998
132	1.0020159999999998
133	1.0020159999999998
134	1.0020159999999998
135	1.0020159999999998
136	1.0020159999999998
137	1.0020159999999998
138	1.0020159999999998
139	1.0020159999999998
140	1.0020159999999998
141	1.0020159999999998
142	1.0020159999999998
143	1.0020159999999998
144	1.0020159999999998
145	1.0020159999999998
146	1.0020159999999998
147	1.0020159999999998
148	1.0020159999999998
149	1.0020159999999998
150	1.0020159999999998
151	1.0020159999999998
152	1.0020159999999998
153	1.0020159999999998
154	1.0020159999999998
155	1.0020159999999998
156	1.0020159999999998
157	1.0020159999999998
158	1.0020159999999998
159	1.0020159999999998
160	1.0020159999999998
161	1.0020159999999998
162	1.0020159999999998
163	1.0020159999999998
164	1.0020159999999998
165	1.0020159999999998
166	1.0020159999999998
167	1.0020159999999998
168	1.0020159999999998
169	1.0020159999999998
170	1.0020159999999998
171	1.0020159999999998
172	1.0020159999999998
173	1.0020159999999998
174	1.0020159999999998
175	1.0020159999999998
176	1.0020159999999998
177	1.0020159999999998
178	1.0020159999999998
179	1.0020159999999998
180	1.0020159999999998
181	1.0020159999999998
182	1.0020159999999998
183	1.0020159999999998
184	1.0020159999999998
185	1.0020159999999998
186	1.0020159999999998
187	1.0020159999999998
188	1.0020159999999998
189	1.0020159999999998
190	1.0020159999999998
191	1.0020159999999998
192	1.0020159999999998
193	1.0020159999999998
194	1.0020159999999998
195	1.0020159999999998
196	1.0020159999999998
197	1.0020159999999998
198	1.0020159999999998
199	1.0020159999999998
200	1.0020159999999998
201	1.0020159999999998
202	1.0020159999999998
203	1.0020159999999998
204	1.0020159999999998
205	1.0020159999999998
206	1.0020159999999998
207	1.0020159999999998
208	1.0020159999999998
209	1.0020159999999998
210	1.0020159999999998
211	1.0020159999999998
212	1.0020159999999998
213	1.0020159999999998
214	1.0020159999999998
215	1.0020159999999998
216	1.0020159999999998
217	1.0020159999999998
218	1.0020159999999998
219	1.0020159999999998
220	1.0020159999999998
221	1.0020159999999998
222	1.0020159999999998
223	1.0020159999999998
224	1.0020159999999998
225	1.0020159999999998
226	1.0020159999999998
227	1.0020159999999998
228	1.0020159999999998
229	1.0020159999999998
230	1.0020159999999998
231	1.0020159999999998
232	1.0020159999999998
233	1.0020159999999998
234	1.0020159999999998
235	1.0020159999999998
236	1.0020159999999998
237	1.0020159999999998
238	1.0020159999999998
239	1.0020159999999998
240	1.0020159999999998
241	1.0020159999999998
242	1.0020159999999998
243	1.0020159999999998
244	1.0020159999999998
245	1.0020159999999998
246	1.0020159999999998
247	1.0020159999999998
248	1.0020159999999998
249	1.0020159999999998
250	1.0020159999999998
251	1.0020159999999998
252	1.0020159999999998
253	1.0020159999999998
254	1.0020159999999998
255	1.0020159999999998
256	1.0020159999999998
257	1.0020159999999998
258	1.0020159999999998
259	1.0020159999999998
260	1.0020159999999998
261	1.0020159999999998
262	1.0020159999999998
263	1.0020159999999998
264	1.0020159999999998
265	1.0020159999999998
266	1.0020159999999998
267	1.0020159999999998
268	1.0020159999999998
269	1.0020159999999998
270	1.0020159999999998
271	1.0020159999999998
272	1.0020159999999998
273	1.0020159999999998
274	1.0020159999999998
275	1.0020159999999998
276	1.0020159999999998
277	1.0020159999999998
278	1.0020159999999998
279	1.0020159999999998
280	1.0020159999999998
281	1.0020159999999998
282	1.0020159999999998
283	1.0020159999999998
284	1.0020159999999998
285	1.0020159999999998
286	1.0020159999999998
287	1.0020159999999998
288	1.0020159999999998
289	1.0020159999999998
290	1.0020159999999998
291	1.0020159999999998
292	1.0020159999999998
293	1.0020159999999998
294	1.0020159999999998
295	1.0020159999999998
296	1.0020159999999998
297	1.0020159999999998
298	1.0020159999999998
299	1.0020159999999998
300	1.0020159999999998
301	1.0020159999999998
302	1.0020159999999998
303	1.0020159999999998
304	1.0020159999999998
305	1.0020159999999998
306	1.0020159999999998
307	1.0020159999999998
308	1.0020159999999998
309	1.0020159999999998
310	1.0020159999999998
311	1.0020159999999998
312	1.0020159999999998
313	1.0020159999999998
314	1.0020159999999998
315	1.0020159999999998
316	1.0020159999999998
317	1.0020159999999998
318	1.0020159999999998
319	1.0020159999999998
320	1.0020159999999998
321	1.0020159999999998
322	1.0020159999999998
323	1.0020159999999998
324	1.0020159999999998
325	1.0020159999999998
326	1.0020159999999998
327	1.0020159999999998
328	1.0020159999999998
329	1.0020159999999998
330	1.0020159999999998
331	1.0020159999999998
332	1.0020159999999998
333	1.0020159999999998
334	1.0020159999999998
335	1.0020159999999998
336	1.0020159999999998
337	1.0020159999999998
338	1.0020159999999998
339	1.0020159999999998
340	1.0020159999999998
341	1.0020159999999998
342	1.0020159999999998
343	1.0020159999999998
344	1.0020159999999998
345	1.0020159999999998
346	1.0020159999999998
347	1.0020159999999998
348	1.0020159999999998
349	1.0020159999999998
350	1.0020159999999998
351	1.0020159999999998
352	1.0020159999999998
353	1.0020159999999998
354	1.0020159999999998
355	1.0020159999999998
356	1.0020159999999998
357	1.0020159999999998
358	1.0020159999999998
359	1.0020159999999998
360	1.0020159999999998
361	1.0020159999999998
362	1.0020159999999998
363	1.0020159999999998
364	1.0020159999999998
365	1.0020159999999998
366	1.0020159999999998
367	1.0020159999999998
368	1.0020159999999998
369	1.0020159999999998
370	1.0020159999999998
371	1.0020159999999998
372	1.0020159999999998
373	1.0020159999999998
374	1.0020159999999998
375	1.0020159999999998
376	1.0020159999999998
377	1.0020159999999998
378	1.0020159999999998
379	1.0020159999999998
380	1.0020159999999998
381	1.0020159999999998
382	1.0020159999999998
383	1.0020159999999998
384	1.0020159999999998
385	1.0020159999999998
386	1.0020159999999998
387	1.0020159999999998
388	1.0020159999999998
389	1.0020159999999998
390	1.0020159999999998
391	1.0020159999999998
392	1.0020159999999998
393	1.0020159999999998
394	1.0020159999999998
395	1.0020159999999998
396	1.0020159999999998
397	1.0020159999999998
398	1.0020159999999998
399	1.0020159999999998
400	1.0020159999999998
401	1.0020159999999998
402	1.0020159999999998
403	1.0020159999999998
404	1.0020159999999998
405	1.0020159999999998
406	1.0020159999999998
407	1.0020159999999998
408	1.0020159999999998
409	1.0020159999999998
410	1.0020159999999998
411	1.0020159999999998
412	1.0020159999999998
413	1.0020159999999998
414	1.0020159999999998
415	1.0020159999999998
416	1.0020159999999998
417	1.0020159999999998
418	1.0020159999999998
419	1.0020159999999998
420	1.0020159999999998
421	1.0020159999999998
422	1.0020159999999998
423	1.0020159999999998
424	1.0020159999999998
425	1.0020159999999998
426	1.0020159999999998
427	1.0020159999999998
428	1.0020159999999998
429	1.0020159999999998
430	1.0020159999999998
431	1.0020159999999998
432	1.0020159999999998
433	1.0020159999999998
434	1.0020159999999998
435	1.0020159999999998
436	1.0020159999999998
437	1.0020159999999998
438	1.0020159999999998
439	1.0020159999999998
440	1.0020159999999998
441	1.0020159999999998
442	1.0020159999999998
443	1.0020159999999998
444	1.0020159999999998
445	1.0020159999999998
446	1.0020159999999998
447	1.0020159999999998
448	1.0020159999999998
449	1.0020159999999998
450	1.0020159999999998
451	1.0020159999999998
452	1.0020159999999998
453	1.0020159999999998
454	1.0020159999999998
455	1.0020159999999998
456	1.0020159999999998
457	1.0020159999999998
458	1.0020159999999998
459	1.0020159999999998
460	1.0020159999999998
461	1.0020159999999998
462	1.0020159999999998
463	1.0020159999999998
464	1.0020159999999998
465	1.0020159999999998
466	1.0020159999999998
467	1.0020159999999998
468	1.0020159999999998
469	1.0020159999999998
470	1.0020159999999998
471	1.0020159999999998
472	1.0020159999999998
473	1.0020159999999998
474	1.0020159999999998
475	1.0020159999999998
476	1.0020159999999998
477	1.0020159999999998
478	1.0020159999999998
479	1.0020159999999998
480	1.0020159999999998
481	1.0020159999999998
482	1.0020159999999998
483	1.0020159999999998
484	1.0020159999999998
485	1.0020159999999998
486	1.0020159999999998
487	1.0020159999999998
488	1.0020159999999998
489	1.0020159999999998
490	1.0020159999999998
491	1.0020159999999998
492	1.0020159999999998
493	1.0020159999999998
494	1.0020159999999998
495	1.0020159999999998
496	1.0020159999999998
497	1.0020159999999998
498	1.0020159999999998
499	1.0020159999999998
500	1.0020159999999998
501	1.0020159999999998
502	1.0020159999999998
503	1.0020159999999998
504	1.0020159999999998
505	1.0020159999999998
506	1.0020159999999998
507	1.0020159999999998
508	1.0020159999999998
509	1.0020159999999998
510	1.0020159999999998
511	1.0020159999999998
512	1.0020159999999998
513	1.0020159999999998
514	1.0020159999999998
515	1.0020159999999998
516	1.0020159999999998
517	1.0020159999999998
518	1.0020159999999998
519	1.0020159999999998
520	1.0020159999999998
521	1.0020159999999998
522	1.0020159999999998
523	1.0020159999999998
524	1.0020159999999998
525	1.0020159999999998
526	1.0020159999999998
527	1.0020159999999998
528	1.0020159999999998
529	1.0020159999999998
530	1.0020159999999998
531	1.0020159999999998
532	1.0020159999999998
533	1.0020159999999998
534	1.0020159999999998
535	1.0020159999999998
536	1.0020159999999998
537	1.0020159999999998
538	1.0020159999999998
539	1.0020159999999998
540	1.0020159999999998
541	1.0020159999999998
542	1.0020159999999998
543	1.0020159999999998
544	1.0020159999999998
545	1.0020159999999998
546	1.0020159999999998
547	1.0020159999999998
548	1.0020159999999998
549	1.0020159999999998
550	1.0020159999999998
551	1.0020159999999998
552	1.0020159999999998
553	1.0020159999999998
554	1.0020159999999998
555	1.0020159999999998
556	1.0020159999999998
557	1.0020159999999998
558	1.0020159999999998
559	1.0020159999999998
560	1.0020159999999998
561	1.0020159999999998
562	1.0020159999999998
563	1.0020159999999998
564	1.0020159999999998
565	1.0020159999999998
566	1.0020159999999998
567	1.0020159999999998
568	1.0020159999999998
569	1.0020159999999998
570	1.0020159999999998
571	1.0020159999999998
572	1.0020159999999998
573	1.0020159999999998
574	1.0020159999999998
575	1.0020159999999998
576	1.0020159999999998
577	1.0020159999999998
578	1.0020159999999998
579	1.0020159999999998
580	1.0020159999999998
581	1.0020159999999998
582	1.0020159999999998
583	1.0020159999999998
584	1.0020159999999998
585	1.0020159999999998
586	1.0020159999999998
587	1.0020159999999998
588	1.0020159999999998
589	1.0020159999999998
590	1.0020159999999998
591	1.0020159999999998
592	1.0020159999999998
593	1.0020159999999998
594	1.0020159999999998
595	1.0020159999999998
596	1.0020159999999998
597	1.0020159999999998
598	1.0020159999999998
599	1.0020159999999998
600	1.0020159999999998
601	1.0020159999999998
602	1.0020159999999998
603	1.0020159999999998
604	1.0020159999999998
605	1.0020159999999998
606	1.0020159999999998
607	1.0020159999999998
608	1.0020159999999998
609	1.0020159999999998
610	1.0020159999999998
611	1.0020159999999998
612	1.0020159999999998
613	1.0020159999999998
614	1.0020159999999998
615	1.0020159999999998
616	1.0020159999999998
617	1.0020159999999998
618	1.0020159999999998
619	1.0020159999999998
620	1.0020159999999998
621	1.0020159999999998
622	1.0020159999999998
623	1.0020159999999998
624	1.0020159999999998
625	1.0020159999999998
626	1.0020159999999998
627	1.0020159999999998
628	1.0020159999999998
629	1.0020159999999998
630	1.0020159999999998
631	1.0020159999999998
632	1.0020159999999998
633	1.0020159999999998
634	1.0020159999999998
635	1.0020159999999998
636	1.0020159999999998
637	1.0020159999999998
638	1.0020159999999998
639	1.0020159999999998
640	1.0020159999999998
641	1.0020159999999998
642	1.0020159999999998
643	1.0020159999999998
644	1.0020159999999998
645	1.0020159999999998
646	1.0020159999999998
647	1.0020159999999998
648	1.0020159999999998
649	1.0020159999999998
650	1.0020159999999998
651	1.0020159999999998
652	1.0020159999999998
653	1.0020159999999998
654	1.0020159999999998
655	1.0020159999999998
656	1.0020159999999998
657	1.0020159999999998
658	1.0020159999999998
659	1.0020159999999998
660	1.0020159999999998
661	1.0020159999999998
662	1.0020159999999998
663	1.0020159999999998
664	1.0020159999999998
665	1.0020159999999998
666	1.0020159999999998
667	1.0020159999999998
668	1.0020159999999998
669	1.0020159999999998
670	1.0020159999999998
671	1.0020159999999998
672	1.0020159999999998
673	1.0020159999999998
674	1.0020159999999998
675	1.0020159999999998
676	1.0020159999999998
677	1.0020159999999998
678	1.0020159999999998
679	1.0020159999999998
680	1.0020159999999998
681	1.0020159999999998
682	1.0020159999999998
683	1.0020159999999998
684	1.0020159999999998
685	1.0020159999999998
686	1.0020159999999998
687	1.0020159999999998
688	1.0020159999999998
689	1.0020159999999998
690	1.0020159999999998
691	1.0020159999999998
692	1.0020159999999998
693	1.0020159999999998
694	1.0020159999999998
695	1.0020159999999998
696	1.0020159999999998
697	1.0020159999999998
698	1.0020159999999998
699	1.0020159999999998
700	1.0020159999999998
701	1.0020159999999998
702	1.0020159999999998
703	1.0020159999999998
704	1.0020159999999998
705	1.0020159999999998
706	1.0020159999999998
707	1.0020159999999998
708	1.0020159999999998
709	1.0020159999999998
710	1.0020159999999998
711	1.0020159999999998
712	1.0020159999999998
713	1.0020159999999998
714	1.0020159999999998
715	1.0020159999999998
716	1.0020159999999998
717	1.0020159999999998
718	1.0020159999999998
719	1.0020159999999998
720	1.0020159999999998
721	1.0020159999999998
722	1.0020159999999998
723	1.0020159999999998
724	1.0020159999999998
725	1.0020159999999998
726	1.0020159999999998
727	1.0020159999999998
728	1.0020159999999998
729	1.0020159999999998
730	1.0020159999999998
731	1.0020159999999998
732	1.0020159999999998
733	1.0020159999999998
734	1.0020159999999998
735	1.0020159999999998
736	1.0020159999999998
737	1.0020159999999998
738	1.0020159999999998
739	1.0020159999999998
740	1.0020159999999998
741	1.0020159999999998
742	1.0020159999999998
743	1.0020159999999998
744	1.0020159999999998
745	1.0020159999999998
746	1.0020159999999998
747	1.0020159999999998
748	1.0020159999999998
749	1.0020159999999998
750	1.0020159999999998
751	1.0020159999999998
752	1.0020159999999998
753	1.0020159999999998
754	1.0020159999999998
755	1.0020159999999998
756	1.0020159999999998
757	1.0020159999999998
758	1.0020159999999998
759	1.0020159999999998
760	1.0020159999999998
761	1.0020159999999998
762	1.0020159999999998
763	1.0020159999999998
764	1.0020159999999998
765	1.0020159999999998
766	1.0020159999999998
767	1.0020159999999998
768	1.0020159999999998
769	1.0020159999999998
770	1.0020159999999998
771	1.0020159999999998
772	1.0020159999999998
773	1.0020159999999998
774	1.0020159999999998
775	1.0020159999999998
776	1.0020159999999998
777	1.0020159999999998
778	1.0020159999999998
779	1.0020159999999998
780	1.0020159999999998
781	1.0020159999999998
782	1.0020159999999998
783	1.0020159999999998
784	1.0020159999999998
785	1.0020159999999998
786	1.0020159999999998
787	1.0020159999999998
788	1.0020159999999998
789	1.0020159999999998
790	1.0020159999999998
791	1.0020159999999998
792	1.0020159999999998
793	1.0020159999999998
794	1.0020159999999998
795	1.0020159999999998
796	1.0020159999999998
797	1.0020159999999998
798	1.0020159999999998
799	1.0020159999999998
800	1.0020159999999998
801	1.0020159999999998
802	1.0020159999999998
803	1.0020159999999998
804	1.0020159999999998
805	1.0020159999999998
806	1.0020159999999998
807	1.0020159999999998
808	1.0020159999999998
809	1.0020159999999998
810	1.0020159999999998
811	1.0020159999999998
812	1.0020159999999998
813	1.0020159999999998
814	1.0020159999999998
815	1.0020159999999998
816	1.0020159999999998
817	1.0020159999999998
818	1.0020159999999998
819	1.0020159999999998
820	1.0020159999999998
821	1.0020159999999998
822	1.0020159999999998
823	1.0020159999999998
824	1.0020159999999998
825	1.0020159999999998
826	1.0020159999999998
827	1.0020159999999998
828	1.0020159999999998
829	1.0020159999999998
830	1.0020159999999998
831	1.0020159999999998
832	1.0020159999999998
833	1.0020159999999998
834	1.0020159999999998
835	1.0020159999999998
836	1.0020159999999998
837	1.0020159999999998
838	1.0020159999999998
839	1.0020159999999998
840	1.0020159999999998
841	1.0020159999999998
842	1.0020159999999998
843	1.0020159999999998
844	1.0020159999999998
845	1.0020159999999998
846	1.0020159999999998
847	1.0020159999999998
848	1.0020159999999998
849	1.0020159999999998
850	1.0020159999999998
851	1.0020159999999998
852	1.0020159999999998
853	1.0020159999999998
854	1.0020159999999998
855	1.0020159999999998
856	1.0020159999999998
857	1.0020159999999998
858	1.0020159999999998
859	1.0020159999999998
860	1.0020159999999998
861	1.0020159999999998
862	1.0020159999999998
863	1.0020159999999998
864	1.0020159999999998
865	1.0020159999999998
866	1.0020159999999998
867	1.0020159999999998
868	1.0020159999999998
869	1.0020159999999998
870	1.0020159999999998
871	1.0020159999999998
872	1.0020159999999998
873	1.0020159999999998
874	1.0020159999999998
875	1.0020159999999998
876	1.0020159999999998
877	1.0020159999999998
878	1.0020159999999998
879	1.0020159999999998
880	1.0020159999999998
881	1.0020159999999998
882	1.0020159999999998
883	1.0020159999999998
884	1.0020159999999998
885	1.0020159999999998
886	1.0020159999999998
887	1.0020159999999998
888	1.0020159999999998
889	1.0020159999999998
890	1.0020159999999998
891	1.0020159999999998
892	1.0020159999999998
893	1.0020159999999998
894	1.0020159999999998
895	1.0020159999999998
896	1.0020159999999998
897	1.0020159999999998
898	1.0020159999999998
899	1.0020159999999998
900	1.0020159999999998
901	1.0020159999999998
902	1.0020159999999998
903	1.0020159999999998
904	1.0020159999999998
905	1.0020159999999998
906	1.0020159999999998
907	1.0020159999999998
908	1.0020159999999998
909	1.0020159999999998
910	1.0020159999999998
911	1.0020159999999998
912	1.0020159999999998
913	1.0020159999999998
914	1.0020159999999998
915	1.0020159999999998
916	1.0020159999999998
917	1.0020159999999998
918	1.0020159999999998
919	1.0020159999999998
920	1.0020159999999998
921	1.0020159999999998
922	1.0020159999999998
923	1.0020159999999998
924	1.0020159999999998
925	1.0020159999999998
926	1.0020159999999998
927	1.0020159999999998
928	1.0020159999999998
929	1.0020159999999998
930	1.0020159999999998
931	1.0020159999999998
932	1.0020159999999998
933	1.0020159999999998
934	1.0020159999999998
935	1.0020159999999998
936	1.0020159999999998
937	1.0020159999999998
938	1.0020159999999998
939	1.0020159999999998
940	1.0020159999999998
941	1.0020159999999998
942	1.0020159999999998
943	1.0020159999999998
944	1.0020159999999998
945	1.0020159999999998
946	1.0020159999999998
947	1.0020159999999998
948	1.0020159999999998
949	1.0020159999999998
950	1.0020159999999998
951	1.0020159999999998
952	1.0020159999999998
953	1.0020159999999998
954	1.0020159999999998
955	1.0020159999999998
956	1.0020159999999998
957	1.0020159999999998
958	1.0020159999999998
959	1.0020159999999998
960	1.0020159999999998
961	1.0020159999999998
962	1.0020159999999998
963	1.0020159999999998
964	1.0020159999999998
965	1.0020159999999998
966	1.0020159999999998
967	1.0020159999999998
968	1.0020159999999998
969	1.0020159999999998
970	1.0020159999999998
971	1.0020159999999998
972	1.0020159999999998
973	1.0020159999999998
974	1.0020159999999998
975	1.0020159999999998
976	1.0020159999999998
977	1.0020159999999998
978	1.0020159999999998
979	1.0020159999999998
980	1.0020159999999998
981	1.0020159999999998
982	1.0020159999999998
983	1.0020159999999998
984	1.0020159999999998
985	1.0020159999999998
986	1.0020159999999998
987	1.0020159999999998
988	1.0020159999999998
989	1.0020159999999998
990	1.0020159999999998
991	1.0020159999999998
992	1.0020159999999998
993	1.0020159999999998
994	1.0020159999999998
995	1.0020159999999998
996	1.0020159999999998
997	1.0020159999999998
998	1.0020159999999998
999	1.0020159999999998
1000	1.0020159999999998
minimum found: [1.98, 3.9], 1.0020159999999998

