MINIMIZING ROSENBROCK'S SADDLE (1000 gens, gray)
ROSENBROCK'S SADDLE
1000
gray
Gen #	minima
1	0.168736
2	0.168736
3	0.168736
4	0.168736
5	0.168736
6	0.168736
7	0.168736
8	0.008125000000000097
9	0.008125000000000097
10	0.008125000000000097
11	0.008125000000000097
12	0.008125000000000097
13	0.008125000000000097
14	0.008125000000000097
15	0.008125000000000097
16	0.008125000000000097
17	0.008125000000000097
18	0.008125000000000097
19	0.008125000000000097
20	0.008125000000000097
21	0.008125000000000097
22	0.008125000000000097
23	0.008125000000000097
24	0.008125000000000097
25	0.008125000000000097
26	0.008125000000000097
27	0.008125000000000097
28	0.008125000000000097
29	0.008125000000000097
30	0.008125000000000097
31	0.008125000000000097
32	0.008125000000000097
33	0.008125000000000097
34	0.008125000000000097
35	0.008125000000000097
36	0.008125000000000097
37	0.008125000000000097
38	0.008125000000000097
39	0.008125000000000097
40	0.008125000000000097
41	0.008125000000000097
42	0.008125000000000097
43	0.008125000000000097
44	0.008125000000000097
45	0.008125000000000097
46	0.008125000000000097
47	0.008125000000000097
48	0.008125000000000097
49	0.008125000000000097
50	0.008125000000000097
51	0.008125000000000097
52	0.008125000000000097
53	0.008125000000000097
54	0.008125000000000097
55	0.008125000000000097
56	0.008125000000000097
57	0.008125000000000097
58	0.008125000000000097
59	0.008125000000000097
60	0.008125000000000097
61	0.008125000000000097
62	0.008125000000000097
63	0.008125000000000097
64	0.008125000000000097
65	0.008125000000000097
66	0.008125000000000097
67	0.008125000000000097
68	0.008125000000000097
69	0.008125000000000097
70	0.008125000000000097
71	0.008125000000000097
72	0.008125000000000097
73	0.008125000000000097
74	0.008125000000000097
75	0.008125000000000097
76	0.008125000000000097
77	0.008125000000000097
78	0.008125000000000097
79	0.008125000000000097
80	0.008125000000000097
81	0.008125000000000097
82	0.008125000000000097
83	0.008125000000000097
84	0.008125000000000097
85	0.008125000000000097
86	0.008125000000000097
87	0.008125000000000097
88	0.008125000000000097
89	0.008125000000000097
90	0.008125000000000097
91	0.008125000000000097
92	0.008125000000000097
93	0.008125000000000097
94	0.008125000000000097
95	0.008125000000000097
96	0.008125000000000097
97	0.008125000000000097
98	0.008125000000000097
99	0.008125000000000097
100	0.008125000000000097
101	0.008125000000000097
102	0.008125000000000097
103	0.008125000000000097
104	0.008125000000000097
105	0.008125000000000097
106	0.008125000000000097
107	0.008125000000000097
108	0.008125000000000097
109	0.008125000000000097
110	0.008125000000000097
111	0.008125000000000097
112	0.008125000000000097
113	0.008125000000000097
114	0.008125000000000097
115	0.008125000000000097
116	0.008125000000000097
117	0.008125000000000097
118	0.008125000000000097
119	0.008125000000000097
120	0.008125000000000097
121	0.008125000000000097
122	0.008125000000000097
123	0.008125000000000097
124	0.008125000000000097
125	0.008125000000000097
126	0.008125000000000097
127	0.008125000000000097
128	0.008125000000000097
129	0.008125000000000097
130	0.008125000000000097
131	0.008125000000000097
132	0.008125000000000097
133	0.008125000000000097
134	0.008125000000000097
135	0.008125000000000097
136	0.008125000000000097
137	0.008125000000000097
138	0.008125000000000097
139	0.008125000000000097
140	0.008125000000000097
141	0.008125000000000097
142	0.008125000000000097
143	0.008125000000000097
144	0.008125000000000097
145	0.008125000000000097
146	0.008125000000000097
147	0.008125000000000097
148	0.008125000000000097
149	0.008125000000000097
150	0.008125000000000097
151	0.008125000000000097
152	0.008125000000000097
153	0.008125000000000097
154	0.008125000000000097
155	0.008125000000000097
156	0.008125000000000097
157	0.008125000000000097
158	0.008125000000000097
159	0.008125000000000097
160	0.008125000000000097
161	0.008125000000000097
162	0.008125000000000097
163	0.008125000000000097
164	0.008125000000000097
165	0.008125000000000097
166	0.008125000000000097
167	0.008125000000000097
168	0.008125000000000097
169	0.008125000000000097
170	0.008125000000000097
171	0.008125000000000097
172	0.008125000000000097
173	0.008125000000000097
174	0.008125000000000097
175	0.008125000000000097
176	0.008125000000000097
177	0.008125000000000097
178	0.008125000000000097
179	0.008125000000000097
180	0.008125000000000097
181	0.008125000000000097
182	0.008125000000000097
183	0.008125000000000097
184	0.008125000000000097
185	0.008125000000000097
186	0.008125000000000097
187	0.008125000000000097
188	0.008125000000000097
189	0.008125000000000097
190	0.008125000000000097
191	0.008125000000000097
192	0.008125000000000097
193	0.008125000000000097
194	0.008125000000000097
195	0.008125000000000097
196	0.008125000000000097
197	0.008125000000000097
198	0.008125000000000097
199	0.008125000000000097
200	0.008125000000000097
201	0.008125000000000097
202	0.008125000000000097
203	0.008125000000000097
204	0.008125000000000097
205	0.008125000000000097
206	0.008125000000000097
207	0.008125000000000097
208	0.008125000000000097
209	0.008125000000000097
210	0.008125000000000097
211	0.008125000000000097
212	0.008125000000000097
213	0.008125000000000097
214	0.008125000000000097
215	0.008125000000000097
216	0.008125000000000097
217	0.008125000000000097
218	0.008125000000000097
219	0.008125000000000097
220	0.008125000000000097
221	0.008125000000000097
222	0.008125000000000097
223	0.008125000000000097
224	0.008125000000000097
225	0.008125000000000097
226	0.008125000000000097
227	0.008125000000000097
228	0.008125000000000097
229	0.008125000000000097
230	0.008125000000000097
231	0.008125000000000097
232	0.008125000000000097
233	0.008125000000000097
234	0.008125000000000097
235	0.008125000000000097
236	0.008125000000000097
237	0.008125000000000097
238	0.008125000000000097
239	0.008125000000000097
240	0.008125000000000097
241	0.008125000000000097
242	0.008125000000000097
243	0.008125000000000097
244	0.008125000000000097
245	0.008125000000000097
246	0.008125000000000097
247	0.008125000000000097
248	0.008125000000000097
249	0.008125000000000097
250	0.008125000000000097
251	0.008125000000000097
252	0.008125000000000097
253	0.008125000000000097
254	0.008125000000000097
255	0.008125000000000097
256	0.008125000000000097
257	0.008125000000000097
258	0.008125000000000097
259	0.008125000000000097
260	0.008125000000000097
261	0.008125000000000097
262	0.008125000000000097
263	0.008125000000000097
264	0.008125000000000097
265	0.008125000000000097
266	0.008125000000000097
267	0.008125000000000097
268	0.008125000000000097
269	0.008125000000000097
270	0.008125000000000097
271	0.008125000000000097
272	0.008125000000000097
273	0.008125000000000097
274	0.008125000000000097
275	0.008125000000000097
276	0.008125000000000097
277	0.008125000000000097
278	0.008125000000000097
279	0.008125000000000097
280	0.008125000000000097
281	0.008125000000000097
282	0.008125000000000097
283	0.008125000000000097
284	0.008125000000000097
285	0.008125000000000097
286	0.008125000000000097
287	0.008125000000000097
288	0.008125000000000097
289	0.008125000000000097
290	0.008125000000000097
291	0.008125000000000097
292	0.008125000000000097
293	0.008125000000000097
294	0.008125000000000097
295	0.008125000000000097
296	0.008125000000000097
297	0.008125000000000097
298	0.008125000000000097
299	0.008125000000000097
300	0.008125000000000097
301	0.008125000000000097
302	0.008125000000000097
303	0.008125000000000097
304	0.008125000000000097
305	0.008125000000000097
306	0.008125000000000097
307	0.008125000000000097
308	0.008125000000000097
309	0.008125000000000097
310	0.008125000000000097
311	0.008125000000000097
312	0.008125000000000097
313	0.008125000000000097
314	0.008125000000000097
315	0.008125000000000097
316	0.008125000000000097
317	0.008125000000000097
318	0.008125000000000097
319	0.008125000000000097
320	0.008125000000000097
321	0.008125000000000097
322	0.008125000000000097
323	0.008125000000000097
324	0.008125000000000097
325	0.008125000000000097
326	0.008125000000000097
327	0.008125000000000097
328	0.008125000000000097
329	0.008125000000000097
330	0.008125000000000097
331	0.008125000000000097
332	0.008125000000000097
333	0.008125000000000097
334	0.008125000000000097
335	0.008125000000000097
336	0.008125000000000097
337	0.008125000000000097
338	0.008125000000000097
339	0.008125000000000097
340	0.008125000000000097
341	0.008125000000000097
342	0.008125000000000097
343	0.008125000000000097
344	0.008125000000000097
345	0.008125000000000097
346	0.008125000000000097
347	0.008125000000000097
348	0.008125000000000097
349	0.008125000000000097
350	0.008125000000000097
351	0.008125000000000097
352	0.008125000000000097
353	0.008125000000000097
354	0.008125000000000097
355	0.008125000000000097
356	0.008125000000000097
357	0.008125000000000097
358	0.008125000000000097
359	0.008125000000000097
360	0.008125000000000097
361	0.008125000000000097
362	0.008125000000000097
363	0.008125000000000097
364	0.008125000000000097
365	0.008125000000000097
366	0.008125000000000097
367	0.008125000000000097
368	0.008125000000000097
369	0.008125000000000097
370	0.008125000000000097
371	0.008125000000000097
372	0.008125000000000097
373	0.008125000000000097
374	0.008125000000000097
375	0.008125000000000097
376	0.008125000000000097
377	0.008125000000000097
378	0.008125000000000097
379	0.008125000000000097
380	0.008125000000000097
381	0.008125000000000097
382	0.008125000000000097
383	0.008125000000000097
384	0.008125000000000097
385	0.008125000000000097
386	0.008125000000000097
387	0.008125000000000097
388	0.008125000000000097
389	0.008125000000000097
390	0.008125000000000097
391	0.008125000000000097
392	0.008125000000000097
393	0.008125000000000097
394	0.008125000000000097
395	0.008125000000000097
396	0.008125000000000097
397	0.008125000000000097
398	0.008125000000000097
399	0.008125000000000097
400	0.008125000000000097
401	0.008125000000000097
402	0.008125000000000097
403	0.008125000000000097
404	0.008125000000000097
405	0.008125000000000097
406	0.008125000000000097
407	0.008125000000000097
408	0.008125000000000097
409	0.008125000000000097
410	0.008125000000000097
411	0.008125000000000097
412	0.008125000000000097
413	0.008125000000000097
414	0.008125000000000097
415	0.008125000000000097
416	0.008125000000000097
417	0.008125000000000097
418	0.008125000000000097
419	0.008125000000000097
420	0.008125000000000097
421	0.008125000000000097
422	0.008125000000000097
423	0.008125000000000097
424	0.008125000000000097
425	0.008125000000000097
426	0.008125000000000097
427	0.008125000000000097
428	0.008125000000000097
429	0.008125000000000097
430	0.008125000000000097
431	0.008125000000000097
432	0.008125000000000097
433	0.008125000000000097
434	0.008125000000000097
435	0.008125000000000097
436	0.008125000000000097
437	0.008125000000000097
438	0.008125000000000097
439	0.008125000000000097
440	0.008125000000000097
441	0.008125000000000097
442	0.008125000000000097
443	0.008125000000000097
444	0.008125000000000097
445	0.008125000000000097
446	0.008125000000000097
447	0.008125000000000097
448	0.008125000000000097
449	0.008125000000000097
450	0.008125000000000097
451	0.008125000000000097
452	0.008125000000000097
453	0.008125000000000097
454	0.008125000000000097
455	0.008125000000000097
456	0.008125000000000097
457	0.008125000000000097
458	0.008125000000000097
459	0.008125000000000097
460	0.008125000000000097
461	0.008125000000000097
462	0.008125000000000097
463	0.008125000000000097
464	0.008125000000000097
465	0.008125000000000097
466	0.008125000000000097
467	0.008125000000000097
468	0.008125000000000097
469	0.008125000000000097
470	0.008125000000000097
471	0.008125000000000097
472	0.008125000000000097
473	0.008125000000000097
474	0.008125000000000097
475	0.008125000000000097
476	0.008125000000000097
477	0.008125000000000097
478	0.008125000000000097
479	0.008125000000000097
480	0.008125000000000097
481	0.008125000000000097
482	0.008125000000000097
483	0.008125000000000097
484	0.008125000000000097
485	0.008125000000000097
486	0.008125000000000097
487	0.008125000000000097
488	0.008125000000000097
489	0.008125000000000097
490	0.008125000000000097
491	0.008125000000000097
492	0.008125000000000097
493	0.008125000000000097
494	0.008125000000000097
495	0.008125000000000097
496	0.008125000000000097
497	0.008125000000000097
498	0.008125000000000097
499	0.008125000000000097
500	0.008125000000000097
501	0.008125000000000097
502	0.008125000000000097
503	0.008125000000000097
504	0.008125000000000097
505	0.008125000000000097
506	0.008125000000000097
507	0.008125000000000097
508	0.008125000000000097
509	0.008125000000000097
510	0.008125000000000097
511	0.008125000000000097
512	0.008125000000000097
513	0.008125000000000097
514	0.008125000000000097
515	0.008125000000000097
516	0.008125000000000097
517	0.008125000000000097
518	0.008125000000000097
519	0.008125000000000097
520	0.008125000000000097
521	0.008125000000000097
522	0.008125000000000097
523	0.008125000000000097
524	0.008125000000000097
525	0.008125000000000097
526	0.008125000000000097
527	0.008125000000000097
528	0.008125000000000097
529	0.008125000000000097
530	0.008125000000000097
531	0.008125000000000097
532	0.008125000000000097
533	0.008125000000000097
534	0.008125000000000097
535	0.008125000000000097
536	0.008125000000000097
537	0.008125000000000097
538	0.008125000000000097
539	0.008125000000000097
540	0.008125000000000097
541	0.008125000000000097
542	0.008125000000000097
543	0.008125000000000097
544	0.008125000000000097
545	0.008125000000000097
546	0.008125000000000097
547	0.008125000000000097
548	0.008125000000000097
549	0.008125000000000097
550	0.008125000000000097
551	0.008125000000000097
552	0.008125000000000097
553	0.008125000000000097
554	0.008125000000000097
555	0.008125000000000097
556	0.008125000000000097
557	0.008125000000000097
558	0.008125000000000097
559	0.008125000000000097
560	0.008125000000000097
561	0.008125000000000097
562	0.008125000000000097
563	0.008125000000000097
564	0.008125000000000097
565	0.008125000000000097
566	0.008125000000000097
567	0.008125000000000097
568	0.008125000000000097
569	0.008125000000000097
570	0.008125000000000097
571	0.008125000000000097
572	0.008125000000000097
573	0.008125000000000097
574	0.008125000000000097
575	0.008125000000000097
576	0.008125000000000097
577	0.008125000000000097
578	0.008125000000000097
579	0.008125000000000097
580	0.008125000000000097
581	0.008125000000000097
582	0.008125000000000097
583	0.008125000000000097
584	0.008125000000000097
585	0.008125000000000097
586	0.008125000000000097
587	0.008125000000000097
588	0.008125000000000097
589	0.008125000000000097
590	0.008125000000000097
591	0.008125000000000097
592	0.008125000000000097
593	0.008125000000000097
594	0.008125000000000097
595	0.008125000000000097
596	0.008125000000000097
597	0.008125000000000097
598	0.008125000000000097
599	0.008125000000000097
600	0.008125000000000097
601	0.008125000000000097
602	0.008125000000000097
603	0.008125000000000097
604	0.008125000000000097
605	0.008125000000000097
606	0.008125000000000097
607	0.008125000000000097
608	0.008125000000000097
609	0.008125000000000097
610	0.008125000000000097
611	0.008125000000000097
612	0.008125000000000097
613	0.008125000000000097
614	0.008125000000000097
615	0.008125000000000097
616	0.008125000000000097
617	0.008125000000000097
618	0.008125000000000097
619	0.008125000000000097
620	0.008125000000000097
621	0.008125000000000097
622	0.008125000000000097
623	0.008125000000000097
624	0.008125000000000097
625	0.008125000000000097
626	0.008125000000000097
627	0.008125000000000097
628	0.008125000000000097
629	0.008125000000000097
630	0.008125000000000097
631	0.008125000000000097
632	0.008125000000000097
633	0.008125000000000097
634	0.008125000000000097
635	0.008125000000000097
636	0.008125000000000097
637	0.008125000000000097
638	0.008125000000000097
639	0.008125000000000097
640	0.008125000000000097
641	0.008125000000000097
642	0.008125000000000097
643	0.008125000000000097
644	0.008125000000000097
645	0.008125000000000097
646	0.008125000000000097
647	0.008125000000000097
648	0.008125000000000097
649	0.008125000000000097
650	0.008125000000000097
651	0.008125000000000097
652	0.008125000000000097
653	0.008125000000000097
654	0.008125000000000097
655	0.008125000000000097
656	0.008125000000000097
657	0.008125000000000097
658	0.008125000000000097
659	0.008125000000000097
660	0.008125000000000097
661	0.008125000000000097
662	0.008125000000000097
663	0.008125000000000097
664	0.008125000000000097
665	0.008125000000000097
666	0.008125000000000097
667	0.008125000000000097
668	0.008125000000000097
669	0.008125000000000097
670	0.008125000000000097
671	0.008125000000000097
672	0.008125000000000097
673	0.008125000000000097
674	0.008125000000000097
675	0.008125000000000097
676	0.008125000000000097
677	0.008125000000000097
678	0.008125000000000097
679	0.008125000000000097
680	0.008125000000000097
681	0.008125000000000097
682	0.008125000000000097
683	0.008125000000000097
684	0.008125000000000097
685	0.008125000000000097
686	0.008125000000000097
687	0.008125000000000097
688	0.008125000000000097
689	0.008125000000000097
690	0.008125000000000097
691	0.008125000000000097
692	0.008125000000000097
693	0.008125000000000097
694	0.008125000000000097
695	0.008125000000000097
696	0.008125000000000097
697	0.008125000000000097
698	0.008125000000000097
699	0.008125000000000097
700	0.008125000000000097
701	0.008125000000000097
702	0.008125000000000097
703	0.008125000000000097
704	0.008125000000000097
705	0.008125000000000097
706	0.008125000000000097
707	0.008125000000000097
708	0.008125000000000097
709	0.008125000000000097
710	0.008125000000000097
711	0.008125000000000097
712	0.008125000000000097
713	0.008125000000000097
714	0.008125000000000097
715	0.008125000000000097
716	0.008125000000000097
717	0.008125000000000097
718	0.008125000000000097
719	0.008125000000000097
720	0.008125000000000097
721	0.008125000000000097
722	0.008125000000000097
723	0.008125000000000097
724	0.008125000000000097
725	0.008125000000000097
726	0.008125000000000097
727	0.008125000000000097
728	0.008125000000000097
729	0.008125000000000097
730	0.008125000000000097
731	0.008125000000000097
732	0.008125000000000097
733	0.008125000000000097
734	0.008125000000000097
735	0.008125000000000097
736	0.008125000000000097
737	0.008125000000000097
738	0.008125000000000097
739	0.008125000000000097
740	0.008125000000000097
741	0.008125000000000097
742	0.008125000000000097
743	0.008125000000000097
744	0.008125000000000097
745	0.008125000000000097
746	0.008125000000000097
747	0.008125000000000097
748	0.008125000000000097
749	0.008125000000000097
750	0.008125000000000097
751	0.008125000000000097
752	0.008125000000000097
753	0.008125000000000097
754	0.008125000000000097
755	0.008125000000000097
756	0.008125000000000097
757	0.008125000000000097
758	0.008125000000000097
759	0.008125000000000097
760	0.008125000000000097
761	0.008125000000000097
762	0.008125000000000097
763	0.008125000000000097
764	0.008125000000000097
765	0.008125000000000097
766	0.008125000000000097
767	0.008125000000000097
768	0.008125000000000097
769	0.008125000000000097
770	0.008125000000000097
771	0.008125000000000097
772	0.008125000000000097
773	0.008125000000000097
774	0.008125000000000097
775	0.008125000000000097
776	0.008125000000000097
777	0.008125000000000097
778	0.008125000000000097
779	0.008125000000000097
780	0.008125000000000097
781	0.008125000000000097
782	0.008125000000000097
783	0.008125000000000097
784	0.008125000000000097
785	0.008125000000000097
786	0.008125000000000097
787	0.008125000000000097
788	0.008125000000000097
789	0.008125000000000097
790	0.008125000000000097
791	0.008125000000000097
792	0.008125000000000097
793	0.008125000000000097
794	0.008125000000000097
795	0.008125000000000097
796	0.008125000000000097
797	0.008125000000000097
798	0.008125000000000097
799	0.008125000000000097
800	0.008125000000000097
801	0.008125000000000097
802	0.008125000000000097
803	0.008125000000000097
804	0.008125000000000097
805	0.008125000000000097
806	0.008125000000000097
807	0.008125000000000097
808	0.008125000000000097
809	0.008125000000000097
810	0.008125000000000097
811	0.008125000000000097
812	0.008125000000000097
813	0.008125000000000097
814	0.008125000000000097
815	0.008125000000000097
816	0.008125000000000097
817	0.008125000000000097
818	0.008125000000000097
819	0.008125000000000097
820	0.008125000000000097
821	0.008125000000000097
822	0.008125000000000097
823	0.008125000000000097
824	0.008125000000000097
825	0.008125000000000097
826	0.008125000000000097
827	0.008125000000000097
828	0.008125000000000097
829	0.008125000000000097
830	0.008125000000000097
831	0.008125000000000097
832	0.008125000000000097
833	0.008125000000000097
834	0.008125000000000097
835	0.008125000000000097
836	0.008125000000000097
837	0.008125000000000097
838	0.008125000000000097
839	0.008125000000000097
840	0.008125000000000097
841	0.008125000000000097
842	0.008125000000000097
843	0.008125000000000097
844	0.008125000000000097
845	0.008125000000000097
846	0.008125000000000097
847	0.008125000000000097
848	0.008125000000000097
849	0.008125000000000097
850	0.008125000000000097
851	0.008125000000000097
852	0.008125000000000097
853	0.008125000000000097
854	0.008125000000000097
855	0.008125000000000097
856	0.008125000000000097
857	0.008125000000000097
858	0.008125000000000097
859	0.008125000000000097
860	0.008125000000000097
861	0.008125000000000097
862	0.008125000000000097
863	0.008125000000000097
864	0.008125000000000097
865	0.008125000000000097
866	0.008125000000000097
867	0.008125000000000097
868	0.008125000000000097
869	0.008125000000000097
870	0.008125000000000097
871	0.008125000000000097
872	0.008125000000000097
873	0.008125000000000097
874	0.008125000000000097
875	0.008125000000000097
876	0.008125000000000097
877	0.008125000000000097
878	0.008125000000000097
879	0.008125000000000097
880	0.008125000000000097
881	0.008125000000000097
882	0.008125000000000097
883	0.008125000000000097
884	0.008125000000000097
885	0.008125000000000097
886	0.008125000000000097
887	0.008125000000000097
888	0.008125000000000097
889	0.008125000000000097
890	0.008125000000000097
891	0.008125000000000097
892	0.008125000000000097
893	0.008125000000000097
894	0.008125000000000097
895	0.008125000000000097
896	0.008125000000000097
897	0.008125000000000097
898	0.008125000000000097
899	0.008125000000000097
900	0.008125000000000097
901	0.008125000000000097
902	0.008125000000000097
903	0.008125000000000097
904	0.008125000000000097
905	0.008125000000000097
906	0.008125000000000097
907	0.008125000000000097
908	0.008125000000000097
909	0.008125000000000097
910	0.008125000000000097
911	0.008125000000000097
912	0.008125000000000097
913	0.008125000000000097
914	0.008125000000000097
915	0.008125000000000097
916	0.008125000000000097
917	0.008125000000000097
918	0.008125000000000097
919	0.008125000000000097
920	0.008125000000000097
921	0.008125000000000097
922	0.008125000000000097
923	0.008125000000000097
924	0.008125000000000097
925	0.008125000000000097
926	0.008125000000000097
927	0.008125000000000097
928	0.008125000000000097
929	0.008125000000000097
930	0.008125000000000097
931	0.008125000000000097
932	0.008125000000000097
933	0.008125000000000097
934	0.008125000000000097
935	0.008125000000000097
936	0.008125000000000097
937	0.008125000000000097
938	0.008125000000000097
939	0.008125000000000097
940	0.008125000000000097
941	0.008125000000000097
942	0.008125000000000097
943	0.008125000000000097
944	0.008125000000000097
945	0.008125000000000097
946	0.008125000000000097
947	0.008125000000000097
948	0.008125000000000097
949	0.008125000000000097
950	0.008125000000000097
951	0.008125000000000097
952	0.008125000000000097
953	0.008125000000000097
954	0.008125000000000097
955	0.008125000000000097
956	0.008125000000000097
957	0.008125000000000097
958	0.008125000000000097
959	0.008125000000000097
960	0.008125000000000097
961	0.008125000000000097
962	0.008125000000000097
963	0.008125000000000097
964	0.008125000000000097
965	0.008125000000000097
966	0.008125000000000097
967	0.008125000000000097
968	0.008125000000000097
969	0.008125000000000097
970	0.008125000000000097
971	0.008125000000000097
972	0.008125000000000097
973	0.008125000000000097
974	0.008125000000000097
975	0.008125000000000097
976	0.008125000000000097
977	0.008125000000000097
978	0.008125000000000097
979	0.008125000000000097
980	0.008125000000000097
981	0.008125000000000097
982	0.008125000000000097
983	0.008125000000000097
984	0.008125000000000097
985	0.008125000000000097
986	0.008125000000000097
987	0.008125000000000097
988	0.008125000000000097
989	0.008125000000000097
990	0.008125000000000097
991	0.008125000000000097
992	0.008125000000000097
993	0.008125000000000097
994	0.008125000000000097
995	0.008125000000000097
996	0.008125000000000097
997	0.008125000000000097
998	0.008125000000000097
999	0.008125000000000097
1000	0.008125000000000097
minimum found: [1.05, 1.11], 0.008125000000000097

