MINIMIZING ROSENBROCK'S SADDLE (1000 gens, binary)
ROSENBROCK'S SADDLE
1000
binary
Gen #	minima
1	6.867536
2	6.867536
3	6.867536
4	6.867536
5	6.867536
6	2.511935999999996
7	1.147501
8	0.9193760000000073
9	0.9193760000000073
10	0.9193760000000073
11	0.9193760000000073
12	0.44801599999999836
13	0.44801599999999836
14	0.44801599999999836
15	0.44801599999999836
16	0.44801599999999836
17	0.44801599999999836
18	0.44801599999999836
19	0.44801599999999836
20	0.44801599999999836
21	0.44801599999999836
22	0.44801599999999836
23	0.44801599999999836
24	0.44801599999999836
25	0.44801599999999836
26	0.44801599999999836
27	0.44801599999999836
28	0.44801599999999836
29	0.44801599999999836
30	0.44801599999999836
31	0.44801599999999836
32	0.44801599999999836
33	0.44801599999999836
34	0.44801599999999836
35	0.44801599999999836
36	0.44801599999999836
37	0.44801599999999836
38	0.44801599999999836
39	0.44801599999999836
40	0.44801599999999836
41	0.44801599999999836
42	0.44801599999999836
43	0.44801599999999836
44	0.44801599999999836
45	0.44801599999999836
46	0.44801599999999836
47	0.44801599999999836
48	0.44801599999999836
49	0.44801599999999836
50	0.44801599999999836
51	0.44801599999999836
52	0.44801599999999836
53	0.44801599999999836
54	0.44801599999999836
55	0.44801599999999836
56	0.44801599999999836
57	0.44801599999999836
58	0.44801599999999836
59	0.44801599999999836
60	0.44801599999999836
61	0.44801599999999836
62	0.44801599999999836
63	0.44801599999999836
64	0.44801599999999836
65	0.44801599999999836
66	0.44801599999999836
67	0.44801599999999836
68	0.44801599999999836
69	0.44801599999999836
70	0.44801599999999836
71	0.44801599999999836
72	0.44801599999999836
73	0.44801599999999836
74	0.44801599999999836
75	0.44801599999999836
76	0.44801599999999836
77	0.44801599999999836
78	0.44801599999999836
79	0.44801599999999836
80	0.44801599999999836
81	0.44801599999999836
82	0.44801599999999836
83	0.44801599999999836
84	0.44801599999999836
85	0.44801599999999836
86	0.44801599999999836
87	0.44801599999999836
88	0.44801599999999836
89	0.44801599999999836
90	0.44801599999999836
91	0.44801599999999836
92	0.44801599999999836
93	0.44801599999999836
94	0.44801599999999836
95	0.44801599999999836
96	0.44801599999999836
97	0.44801599999999836
98	0.44801599999999836
99	0.44801599999999836
100	0.44801599999999836
101	0.44801599999999836
102	0.44801599999999836
103	0.44801599999999836
104	0.44801599999999836
105	0.44801599999999836
106	0.44801599999999836
107	0.44801599999999836
108	0.44801599999999836
109	0.44801599999999836
110	0.44801599999999836
111	0.44801599999999836
112	0.44801599999999836
113	0.44801599999999836
114	0.44801599999999836
115	0.44801599999999836
116	0.44801599999999836
117	0.44801599999999836
118	0.44801599999999836
119	0.44801599999999836
120	0.44801599999999836
121	0.44801599999999836
122	0.44801599999999836
123	0.44801599999999836
124	0.44801599999999836
125	0.44801599999999836
126	0.44801599999999836
127	0.44801599999999836
128	0.44801599999999836
129	0.44801599999999836
130	0.44801599999999836
131	0.44801599999999836
132	0.44801599999999836
133	0.44801599999999836
134	0.44801599999999836
135	0.44801599999999836
136	0.44801599999999836
137	0.44801599999999836
138	0.44801599999999836
139	0.44801599999999836
140	0.44801599999999836
141	0.44801599999999836
142	0.44801599999999836
143	0.44801599999999836
144	0.44801599999999836
145	0.44801599999999836
146	0.44801599999999836
147	0.44801599999999836
148	0.44801599999999836
149	0.44801599999999836
150	0.44801599999999836
151	0.44801599999999836
152	0.44801599999999836
153	0.44801599999999836
154	0.44801599999999836
155	0.44801599999999836
156	0.44801599999999836
157	0.44801599999999836
158	0.44801599999999836
159	0.44801599999999836
160	0.44801599999999836
161	0.44801599999999836
162	0.44801599999999836
163	0.44801599999999836
164	0.44801599999999836
165	0.44801599999999836
166	0.44801599999999836
167	0.44801599999999836
168	0.44801599999999836
169	0.44801599999999836
170	0.44801599999999836
171	0.44801599999999836
172	0.44801599999999836
173	0.44801599999999836
174	0.44801599999999836
175	0.44801599999999836
176	0.44801599999999836
177	0.44801599999999836
178	0.44801599999999836
179	0.44801599999999836
180	0.44801599999999836
181	0.44801599999999836
182	0.44801599999999836
183	0.44801599999999836
184	0.44801599999999836
185	0.44801599999999836
186	0.44801599999999836
187	0.44801599999999836
188	0.44801599999999836
189	0.44801599999999836
190	0.44801599999999836
191	0.44801599999999836
192	0.44801599999999836
193	0.44801599999999836
194	0.44801599999999836
195	0.44801599999999836
196	0.44801599999999836
197	0.44801599999999836
198	0.44801599999999836
199	0.44801599999999836
200	0.44801599999999836
201	0.44801599999999836
202	0.44801599999999836
203	0.44801599999999836
204	0.44801599999999836
205	0.44801599999999836
206	0.44801599999999836
207	0.44801599999999836
208	0.44801599999999836
209	0.44801599999999836
210	0.44801599999999836
211	0.44801599999999836
212	0.44801599999999836
213	0.44801599999999836
214	0.44801599999999836
215	0.44801599999999836
216	0.44801599999999836
217	0.44801599999999836
218	0.44801599999999836
219	0.44801599999999836
220	0.44801599999999836
221	0.44801599999999836
222	0.44801599999999836
223	0.44801599999999836
224	0.44801599999999836
225	0.44801599999999836
226	0.44801599999999836
227	0.44801599999999836
228	0.44801599999999836
229	0.44801599999999836
230	0.44801599999999836
231	0.44801599999999836
232	0.44801599999999836
233	0.44801599999999836
234	0.44801599999999836
235	0.44801599999999836
236	0.44801599999999836
237	0.44801599999999836
238	0.44801599999999836
239	0.44801599999999836
240	0.44801599999999836
241	0.44801599999999836
242	0.44801599999999836
243	0.44801599999999836
244	0.44801599999999836
245	0.44801599999999836
246	0.44801599999999836
247	0.44801599999999836
248	0.44801599999999836
249	0.44801599999999836
250	0.44801599999999836
251	0.44801599999999836
252	0.44801599999999836
253	0.44801599999999836
254	0.44801599999999836
255	0.44801599999999836
256	0.44801599999999836
257	0.44801599999999836
258	0.44801599999999836
259	0.44801599999999836
260	0.44801599999999836
261	0.44801599999999836
262	0.44801599999999836
263	0.44801599999999836
264	0.44801599999999836
265	0.44801599999999836
266	0.44801599999999836
267	0.44801599999999836
268	0.44801599999999836
269	0.44801599999999836
270	0.44801599999999836
271	0.44801599999999836
272	0.44801599999999836
273	0.44801599999999836
274	0.44801599999999836
275	0.44801599999999836
276	0.44801599999999836
277	0.44801599999999836
278	0.44801599999999836
279	0.44801599999999836
280	0.44801599999999836
281	0.44801599999999836
282	0.44801599999999836
283	0.44801599999999836
284	0.44801599999999836
285	0.44801599999999836
286	0.44801599999999836
287	0.44801599999999836
288	0.44801599999999836
289	0.44801599999999836
290	0.44801599999999836
291	0.44801599999999836
292	0.44801599999999836
293	0.44801599999999836
294	0.44801599999999836
295	0.44801599999999836
296	0.44801599999999836
297	0.44801599999999836
298	0.44801599999999836
299	0.44801599999999836
300	0.44801599999999836
301	0.44801599999999836
302	0.44801599999999836
303	0.44801599999999836
304	0.44801599999999836
305	0.44801599999999836
306	0.44801599999999836
307	0.44801599999999836
308	0.44801599999999836
309	0.44801599999999836
310	0.44801599999999836
311	0.44801599999999836
312	0.44801599999999836
313	0.44801599999999836
314	0.44801599999999836
315	0.44801599999999836
316	0.44801599999999836
317	0.44801599999999836
318	0.44801599999999836
319	0.44801599999999836
320	0.44801599999999836
321	0.44801599999999836
322	0.44801599999999836
323	0.44801599999999836
324	0.44801599999999836
325	0.44801599999999836
326	0.44801599999999836
327	0.44801599999999836
328	0.44801599999999836
329	0.44801599999999836
330	0.44801599999999836
331	0.44801599999999836
332	0.44801599999999836
333	0.44801599999999836
334	0.44801599999999836
335	0.44801599999999836
336	0.44801599999999836
337	0.44801599999999836
338	0.44801599999999836
339	0.44801599999999836
340	0.44801599999999836
341	0.44801599999999836
342	0.44801599999999836
343	0.44801599999999836
344	0.44801599999999836
345	0.44801599999999836
346	0.44801599999999836
347	0.44801599999999836
348	0.44801599999999836
349	0.44801599999999836
350	0.44801599999999836
351	0.44801599999999836
352	0.44801599999999836
353	0.44801599999999836
354	0.44801599999999836
355	0.44801599999999836
356	0.44801599999999836
357	0.44801599999999836
358	0.44801599999999836
359	0.44801599999999836
360	0.44801599999999836
361	0.44801599999999836
362	0.44801599999999836
363	0.44801599999999836
364	0.44801599999999836
365	0.44801599999999836
366	0.44801599999999836
367	0.44801599999999836
368	0.44801599999999836
369	0.44801599999999836
370	0.44801599999999836
371	0.44801599999999836
372	0.44801599999999836
373	0.44801599999999836
374	0.44801599999999836
375	0.44801599999999836
376	0.44801599999999836
377	0.44801599999999836
378	0.44801599999999836
379	0.44801599999999836
380	0.44801599999999836
381	0.44801599999999836
382	0.44801599999999836
383	0.44801599999999836
384	0.44801599999999836
385	0.44801599999999836
386	0.44801599999999836
387	0.44801599999999836
388	0.44801599999999836
389	0.44801599999999836
390	0.44801599999999836
391	0.44801599999999836
392	0.44801599999999836
393	0.44801599999999836
394	0.44801599999999836
395	0.44801599999999836
396	0.44801599999999836
397	0.44801599999999836
398	0.44801599999999836
399	0.44801599999999836
400	0.44801599999999836
401	0.44801599999999836
402	0.44801599999999836
403	0.44801599999999836
404	0.44801599999999836
405	0.44801599999999836
406	0.44801599999999836
407	0.44801599999999836
408	0.44801599999999836
409	0.44801599999999836
410	0.44801599999999836
411	0.44801599999999836
412	0.44801599999999836
413	0.44801599999999836
414	0.44801599999999836
415	0.44801599999999836
416	0.44801599999999836
417	0.44801599999999836
418	0.44801599999999836
419	0.44801599999999836
420	0.44801599999999836
421	0.44801599999999836
422	0.44801599999999836
423	0.44801599999999836
424	0.44801599999999836
425	0.44801599999999836
426	0.44801599999999836
427	0.44801599999999836
428	0.44801599999999836
429	0.44801599999999836
430	0.44801599999999836
431	0.44801599999999836
432	0.44801599999999836
433	0.44801599999999836
434	0.44801599999999836
435	0.44801599999999836
436	0.44801599999999836
437	0.44801599999999836
438	0.44801599999999836
439	0.44801599999999836
440	0.44801599999999836
441	0.44801599999999836
442	0.44801599999999836
443	0.44801599999999836
444	0.44801599999999836
445	0.44801599999999836
446	0.44801599999999836
447	0.44801599999999836
448	0.44801599999999836
449	0.44801599999999836
450	0.44801599999999836
451	0.44801599999999836
452	0.44801599999999836
453	0.44801599999999836
454	0.44801599999999836
455	0.44801599999999836
456	0.44801599999999836
457	0.44801599999999836
458	0.44801599999999836
459	0.44801599999999836
460	0.44801599999999836
461	0.44801599999999836
462	0.44801599999999836
463	0.44801599999999836
464	0.44801599999999836
465	0.44801599999999836
466	0.44801599999999836
467	0.44801599999999836
468	0.44801599999999836
469	0.44801599999999836
470	0.44801599999999836
471	0.44801599999999836
472	0.44801599999999836
473	0.44801599999999836
474	0.44801599999999836
475	0.44801599999999836
476	0.44801599999999836
477	0.44801599999999836
478	0.44801599999999836
479	0.44801599999999836
480	0.44801599999999836
481	0.44801599999999836
482	0.44801599999999836
483	0.44801599999999836
484	0.44801599999999836
485	0.44801599999999836
486	0.44801599999999836
487	0.44801599999999836
488	0.44801599999999836
489	0.44801599999999836
490	0.44801599999999836
491	0.44801599999999836
492	0.44801599999999836
493	0.44801599999999836
494	0.44801599999999836
495	0.44801599999999836
496	0.44801599999999836
497	0.44801599999999836
498	0.44801599999999836
499	0.44801599999999836
500	0.44801599999999836
501	0.44801599999999836
502	0.44801599999999836
503	0.44801599999999836
504	0.44801599999999836
505	0.44801599999999836
506	0.44801599999999836
507	0.44801599999999836
508	0.44801599999999836
509	0.44801599999999836
510	0.44801599999999836
511	0.44801599999999836
512	0.44801599999999836
513	0.44801599999999836
514	0.44801599999999836
515	0.44801599999999836
516	0.44801599999999836
517	0.44801599999999836
518	0.44801599999999836
519	0.44801599999999836
520	0.44801599999999836
521	0.44801599999999836
522	0.44801599999999836
523	0.44801599999999836
524	0.44801599999999836
525	0.44801599999999836
526	0.44801599999999836
527	0.44801599999999836
528	0.44801599999999836
529	0.44801599999999836
530	0.44801599999999836
531	0.44801599999999836
532	0.44801599999999836
533	0.44801599999999836
534	0.44801599999999836
535	0.44801599999999836
536	0.44801599999999836
537	0.44801599999999836
538	0.44801599999999836
539	0.44801599999999836
540	0.44801599999999836
541	0.44801599999999836
542	0.44801599999999836
543	0.44801599999999836
544	0.44801599999999836
545	0.44801599999999836
546	0.44801599999999836
547	0.44801599999999836
548	0.44801599999999836
549	0.44801599999999836
550	0.44801599999999836
551	0.44801599999999836
552	0.44801599999999836
553	0.44801599999999836
554	0.44801599999999836
555	0.44801599999999836
556	0.44801599999999836
557	0.44801599999999836
558	0.44801599999999836
559	0.44801599999999836
560	0.44801599999999836
561	0.44801599999999836
562	0.44801599999999836
563	0.44801599999999836
564	0.44801599999999836
565	0.44801599999999836
566	0.44801599999999836
567	0.44801599999999836
568	0.44801599999999836
569	0.44801599999999836
570	0.44801599999999836
571	0.44801599999999836
572	0.44801599999999836
573	0.44801599999999836
574	0.44801599999999836
575	0.44801599999999836
576	0.44801599999999836
577	0.44801599999999836
578	0.44801599999999836
579	0.44801599999999836
580	0.44801599999999836
581	0.44801599999999836
582	0.44801599999999836
583	0.44801599999999836
584	0.44801599999999836
585	0.44801599999999836
586	0.44801599999999836
587	0.44801599999999836
588	0.44801599999999836
589	0.44801599999999836
590	0.44801599999999836
591	0.44801599999999836
592	0.44801599999999836
593	0.44801599999999836
594	0.44801599999999836
595	0.44801599999999836
596	0.44801599999999836
597	0.44801599999999836
598	0.44801599999999836
599	0.44801599999999836
600	0.44801599999999836
601	0.44801599999999836
602	0.44801599999999836
603	0.44801599999999836
604	0.44801599999999836
605	0.44801599999999836
606	0.44801599999999836
607	0.44801599999999836
608	0.44801599999999836
609	0.44801599999999836
610	0.44801599999999836
611	0.44801599999999836
612	0.44801599999999836
613	0.44801599999999836
614	0.44801599999999836
615	0.44801599999999836
616	0.44801599999999836
617	0.44801599999999836
618	0.44801599999999836
619	0.44801599999999836
620	0.44801599999999836
621	0.44801599999999836
622	0.44801599999999836
623	0.44801599999999836
624	0.44801599999999836
625	0.44801599999999836
626	0.44801599999999836
627	0.44801599999999836
628	0.44801599999999836
629	0.44801599999999836
630	0.44801599999999836
631	0.44801599999999836
632	0.44801599999999836
633	0.44801599999999836
634	0.44801599999999836
635	0.44801599999999836
636	0.44801599999999836
637	0.44801599999999836
638	0.44801599999999836
639	0.44801599999999836
640	0.44801599999999836
641	0.44801599999999836
642	0.44801599999999836
643	0.44801599999999836
644	0.44801599999999836
645	0.44801599999999836
646	0.44801599999999836
647	0.44801599999999836
648	0.44801599999999836
649	0.44801599999999836
650	0.44801599999999836
651	0.44801599999999836
652	0.44801599999999836
653	0.44801599999999836
654	0.44801599999999836
655	0.44801599999999836
656	0.44801599999999836
657	0.44801599999999836
658	0.44801599999999836
659	0.44801599999999836
660	0.44801599999999836
661	0.44801599999999836
662	0.44801599999999836
663	0.44801599999999836
664	0.44801599999999836
665	0.44801599999999836
666	0.44801599999999836
667	0.44801599999999836
668	0.44801599999999836
669	0.44801599999999836
670	0.44801599999999836
671	0.44801599999999836
672	0.44801599999999836
673	0.44801599999999836
674	0.44801599999999836
675	0.44801599999999836
676	0.44801599999999836
677	0.44801599999999836
678	0.44801599999999836
679	0.44801599999999836
680	0.44801599999999836
681	0.44801599999999836
682	0.44801599999999836
683	0.44801599999999836
684	0.44801599999999836
685	0.44801599999999836
686	0.44801599999999836
687	0.44801599999999836
688	0.44801599999999836
689	0.44801599999999836
690	0.44801599999999836
691	0.44801599999999836
692	0.44801599999999836
693	0.44801599999999836
694	0.44801599999999836
695	0.44801599999999836
696	0.44801599999999836
697	0.44801599999999836
698	0.44801599999999836
699	0.44801599999999836
700	0.44801599999999836
701	0.44801599999999836
702	0.44801599999999836
703	0.44801599999999836
704	0.44801599999999836
705	0.44801599999999836
706	0.44801599999999836
707	0.44801599999999836
708	0.44801599999999836
709	0.44801599999999836
710	0.44801599999999836
711	0.44801599999999836
712	0.44801599999999836
713	0.44801599999999836
714	0.44801599999999836
715	0.44801599999999836
716	0.44801599999999836
717	0.44801599999999836
718	0.44801599999999836
719	0.44801599999999836
720	0.44801599999999836
721	0.44801599999999836
722	0.44801599999999836
723	0.44801599999999836
724	0.44801599999999836
725	0.44801599999999836
726	0.44801599999999836
727	0.44801599999999836
728	0.44801599999999836
729	0.44801599999999836
730	0.44801599999999836
731	0.44801599999999836
732	0.44801599999999836
733	0.44801599999999836
734	0.44801599999999836
735	0.44801599999999836
736	0.44801599999999836
737	0.44801599999999836
738	0.44801599999999836
739	0.44801599999999836
740	0.44801599999999836
741	0.44801599999999836
742	0.44801599999999836
743	0.44801599999999836
744	0.44801599999999836
745	0.44801599999999836
746	0.44801599999999836
747	0.44801599999999836
748	0.44801599999999836
749	0.44801599999999836
750	0.44801599999999836
751	0.44801599999999836
752	0.44801599999999836
753	0.44801599999999836
754	0.44801599999999836
755	0.44801599999999836
756	0.44801599999999836
757	0.44801599999999836
758	0.44801599999999836
759	0.44801599999999836
760	0.44801599999999836
761	0.44801599999999836
762	0.44801599999999836
763	0.44801599999999836
764	0.44801599999999836
765	0.44801599999999836
766	0.44801599999999836
767	0.44801599999999836
768	0.44801599999999836
769	0.44801599999999836
770	0.44801599999999836
771	0.44801599999999836
772	0.44801599999999836
773	0.44801599999999836
774	0.44801599999999836
775	0.44801599999999836
776	0.44801599999999836
777	0.44801599999999836
778	0.44801599999999836
779	0.44801599999999836
780	0.44801599999999836
781	0.44801599999999836
782	0.44801599999999836
783	0.44801599999999836
784	0.44801599999999836
785	0.44801599999999836
786	0.44801599999999836
787	0.44801599999999836
788	0.44801599999999836
789	0.44801599999999836
790	0.44801599999999836
791	0.44801599999999836
792	0.44801599999999836
793	0.44801599999999836
794	0.44801599999999836
795	0.44801599999999836
796	0.44801599999999836
797	0.44801599999999836
798	0.44801599999999836
799	0.44801599999999836
800	0.44801599999999836
801	0.44801599999999836
802	0.44801599999999836
803	0.44801599999999836
804	0.44801599999999836
805	0.44801599999999836
806	0.44801599999999836
807	0.44801599999999836
808	0.44801599999999836
809	0.44801599999999836
810	0.44801599999999836
811	0.44801599999999836
812	0.44801599999999836
813	0.44801599999999836
814	0.44801599999999836
815	0.44801599999999836
816	0.44801599999999836
817	0.44801599999999836
818	0.44801599999999836
819	0.44801599999999836
820	0.44801599999999836
821	0.44801599999999836
822	0.44801599999999836
823	0.44801599999999836
824	0.44801599999999836
825	0.44801599999999836
826	0.44801599999999836
827	0.44801599999999836
828	0.44801599999999836
829	0.44801599999999836
830	0.44801599999999836
831	0.44801599999999836
832	0.44801599999999836
833	0.44801599999999836
834	0.44801599999999836
835	0.44801599999999836
836	0.44801599999999836
837	0.44801599999999836
838	0.44801599999999836
839	0.44801599999999836
840	0.44801599999999836
841	0.44801599999999836
842	0.44801599999999836
843	0.44801599999999836
844	0.44801599999999836
845	0.44801599999999836
846	0.44801599999999836
847	0.44801599999999836
848	0.44801599999999836
849	0.44801599999999836
850	0.44801599999999836
851	0.44801599999999836
852	0.44801599999999836
853	0.44801599999999836
854	0.44801599999999836
855	0.44801599999999836
856	0.44801599999999836
857	0.44801599999999836
858	0.44801599999999836
859	0.44801599999999836
860	0.44801599999999836
861	0.44801599999999836
862	0.44801599999999836
863	0.44801599999999836
864	0.44801599999999836
865	0.44801599999999836
866	0.44801599999999836
867	0.44801599999999836
868	0.44801599999999836
869	0.44801599999999836
870	0.44801599999999836
871	0.44801599999999836
872	0.44801599999999836
873	0.44801599999999836
874	0.44801599999999836
875	0.44801599999999836
876	0.44801599999999836
877	0.44801599999999836
878	0.44801599999999836
879	0.44801599999999836
880	0.44801599999999836
881	0.44801599999999836
882	0.44801599999999836
883	0.44801599999999836
884	0.44801599999999836
885	0.44801599999999836
886	0.44801599999999836
887	0.44801599999999836
888	0.44801599999999836
889	0.44801599999999836
890	0.44801599999999836
891	0.44801599999999836
892	0.44801599999999836
893	0.44801599999999836
894	0.44801599999999836
895	0.44801599999999836
896	0.44801599999999836
897	0.44801599999999836
898	0.44801599999999836
899	0.44801599999999836
900	0.44801599999999836
901	0.44801599999999836
902	0.44801599999999836
903	0.44801599999999836
904	0.44801599999999836
905	0.44801599999999836
906	0.44801599999999836
907	0.44801599999999836
908	0.44801599999999836
909	0.44801599999999836
910	0.44801599999999836
911	0.44801599999999836
912	0.44801599999999836
913	0.44801599999999836
914	0.44801599999999836
915	0.44801599999999836
916	0.44801599999999836
917	0.44801599999999836
918	0.44801599999999836
919	0.44801599999999836
920	0.44801599999999836
921	0.44801599999999836
922	0.44801599999999836
923	0.44801599999999836
924	0.44801599999999836
925	0.44801599999999836
926	0.44801599999999836
927	0.44801599999999836
928	0.44801599999999836
929	0.44801599999999836
930	0.44801599999999836
931	0.44801599999999836
932	0.44801599999999836
933	0.44801599999999836
934	0.44801599999999836
935	0.44801599999999836
936	0.44801599999999836
937	0.44801599999999836
938	0.44801599999999836
939	0.44801599999999836
940	0.44801599999999836
941	0.44801599999999836
942	0.44801599999999836
943	0.44801599999999836
944	0.44801599999999836
945	0.44801599999999836
946	0.44801599999999836
947	0.44801599999999836
948	0.44801599999999836
949	0.44801599999999836
950	0.44801599999999836
951	0.44801599999999836
952	0.44801599999999836
953	0.44801599999999836
954	0.44801599999999836
955	0.44801599999999836
956	0.44801599999999836
957	0.44801599999999836
958	0.44801599999999836
959	0.44801599999999836
960	0.44801599999999836
961	0.44801599999999836
962	0.44801599999999836
963	0.44801599999999836
964	0.44801599999999836
965	0.44801599999999836
966	0.44801599999999836
967	0.44801599999999836
968	0.44801599999999836
969	0.44801599999999836
970	0.44801599999999836
971	0.44801599999999836
972	0.44801599999999836
973	0.44801599999999836
974	0.44801599999999836
975	0.44801599999999836
976	0.44801599999999836
977	0.44801599999999836
978	0.44801599999999836
979	0.44801599999999836
980	0.44801599999999836
981	0.44801599999999836
982	0.44801599999999836
983	0.44801599999999836
984	0.44801599999999836
985	0.44801599999999836
986	0.44801599999999836
987	0.44801599999999836
988	0.44801599999999836
989	0.44801599999999836
990	0.44801599999999836
991	0.44801599999999836
992	0.44801599999999836
993	0.44801599999999836
994	0.44801599999999836
995	0.44801599999999836
996	0.44801599999999836
997	0.44801599999999836
998	0.44801599999999836
999	0.44801599999999836
1000	0.44801599999999836
minimum found: [1.64, 2.67], 0.44801599999999836

