MINIMIZING ROSENBROCK'S SADDLE (1000 gens, gray)
ROSENBROCK'S SADDLE
1000
gray
Gen #	minima
1	13.123856000000009
2	6.230416000000002
3	0.22145600000000068
4	0.22145600000000068
5	0.13000000000000098
6	0.13000000000000098
7	0.00010099999999999996
8	0.00010099999999999996
9	0.00010099999999999996
10	0.00010099999999999996
11	0.00010099999999999996
12	0.00010099999999999996
13	0.00010099999999999996
14	0.00010099999999999996
15	0.00010099999999999996
16	0.00010099999999999996
17	0.00010099999999999996
18	0.00010099999999999996
19	0.00010099999999999996
20	0.00010099999999999996
21	0.00010099999999999996
22	0.00010099999999999996
23	0.00010099999999999996
24	0.00010099999999999996
25	0.00010099999999999996
26	0.00010099999999999996
27	0.00010099999999999996
28	0.00010099999999999996
29	0.00010099999999999996
30	0.00010099999999999996
31	0.00010099999999999996
32	0.00010099999999999996
33	0.00010099999999999996
34	0.00010099999999999996
35	0.00010099999999999996
36	0.00010099999999999996
37	0.00010099999999999996
38	0.00010099999999999996
39	0.00010099999999999996
40	0.00010099999999999996
41	0.00010099999999999996
42	0.00010099999999999996
43	0.00010099999999999996
44	0.00010099999999999996
45	0.00010099999999999996
46	0.00010099999999999996
47	0.00010099999999999996
48	0.00010099999999999996
49	0.00010099999999999996
50	0.00010099999999999996
51	0.00010099999999999996
52	0.00010099999999999996
53	0.00010099999999999996
54	0.00010099999999999996
55	0.00010099999999999996
56	0.00010099999999999996
57	0.00010099999999999996
58	0.00010099999999999996
59	0.00010099999999999996
60	0.00010099999999999996
61	0.00010099999999999996
62	0.00010099999999999996
63	0.00010099999999999996
64	0.00010099999999999996
65	0.00010099999999999996
66	0.00010099999999999996
67	0.00010099999999999996
68	0.00010099999999999996
69	0.00010099999999999996
70	0.00010099999999999996
71	0.00010099999999999996
72	0.00010099999999999996
73	0.00010099999999999996
74	0.00010099999999999996
75	0.00010099999999999996
76	0.00010099999999999996
77	0.00010099999999999996
78	0.00010099999999999996
79	0.00010099999999999996
80	0.00010099999999999996
81	0.00010099999999999996
82	0.00010099999999999996
83	0.00010099999999999996
84	0.00010099999999999996
85	0.00010099999999999996
86	0.00010099999999999996
87	0.00010099999999999996
88	0.00010099999999999996
89	0.00010099999999999996
90	0.00010099999999999996
91	0.00010099999999999996
92	0.00010099999999999996
93	0.00010099999999999996
94	0.00010099999999999996
95	0.00010099999999999996
96	0.00010099999999999996
97	0.00010099999999999996
98	0.00010099999999999996
99	0.00010099999999999996
100	0.00010099999999999996
101	0.00010099999999999996
102	0.00010099999999999996
103	0.00010099999999999996
104	0.00010099999999999996
105	0.00010099999999999996
106	0.00010099999999999996
107	0.00010099999999999996
108	0.00010099999999999996
109	0.00010099999999999996
110	0.00010099999999999996
111	0.00010099999999999996
112	0.00010099999999999996
113	0.00010099999999999996
114	0.00010099999999999996
115	0.00010099999999999996
116	0.00010099999999999996
117	0.00010099999999999996
118	0.00010099999999999996
119	0.00010099999999999996
120	0.00010099999999999996
121	0.00010099999999999996
122	0.00010099999999999996
123	0.00010099999999999996
124	0.00010099999999999996
125	0.00010099999999999996
126	0.00010099999999999996
127	0.00010099999999999996
128	0.00010099999999999996
129	0.00010099999999999996
130	0.00010099999999999996
131	0.00010099999999999996
132	0.00010099999999999996
133	0.00010099999999999996
134	0.00010099999999999996
135	0.00010099999999999996
136	0.00010099999999999996
137	0.00010099999999999996
138	0.00010099999999999996
139	0.00010099999999999996
140	0.00010099999999999996
141	0.00010099999999999996
142	0.00010099999999999996
143	0.00010099999999999996
144	0.00010099999999999996
145	0.00010099999999999996
146	0.00010099999999999996
147	0.00010099999999999996
148	0.00010099999999999996
149	0.00010099999999999996
150	0.00010099999999999996
151	0.00010099999999999996
152	0.00010099999999999996
153	0.00010099999999999996
154	0.00010099999999999996
155	0.00010099999999999996
156	0.00010099999999999996
157	0.00010099999999999996
158	0.00010099999999999996
159	0.00010099999999999996
160	0.00010099999999999996
161	0.00010099999999999996
162	0.00010099999999999996
163	0.00010099999999999996
164	0.00010099999999999996
165	0.00010099999999999996
166	0.00010099999999999996
167	0.00010099999999999996
168	0.00010099999999999996
169	0.00010099999999999996
170	0.00010099999999999996
171	0.00010099999999999996
172	0.00010099999999999996
173	0.00010099999999999996
174	0.00010099999999999996
175	0.00010099999999999996
176	0.00010099999999999996
177	0.00010099999999999996
178	0.00010099999999999996
179	0.00010099999999999996
180	0.00010099999999999996
181	0.00010099999999999996
182	0.00010099999999999996
183	0.00010099999999999996
184	0.00010099999999999996
185	0.00010099999999999996
186	0.00010099999999999996
187	0.00010099999999999996
188	0.00010099999999999996
189	0.00010099999999999996
190	0.00010099999999999996
191	0.00010099999999999996
192	0.00010099999999999996
193	0.00010099999999999996
194	0.00010099999999999996
195	0.00010099999999999996
196	0.00010099999999999996
197	0.00010099999999999996
198	0.00010099999999999996
199	0.00010099999999999996
200	0.00010099999999999996
201	0.00010099999999999996
202	0.00010099999999999996
203	0.00010099999999999996
204	0.00010099999999999996
205	0.00010099999999999996
206	0.00010099999999999996
207	0.00010099999999999996
208	0.00010099999999999996
209	0.00010099999999999996
210	0.00010099999999999996
211	0.00010099999999999996
212	0.00010099999999999996
213	0.00010099999999999996
214	0.00010099999999999996
215	0.00010099999999999996
216	0.00010099999999999996
217	0.00010099999999999996
218	0.00010099999999999996
219	0.00010099999999999996
220	0.00010099999999999996
221	0.00010099999999999996
222	0.00010099999999999996
223	0.00010099999999999996
224	0.00010099999999999996
225	0.00010099999999999996
226	0.00010099999999999996
227	0.00010099999999999996
228	0.00010099999999999996
229	0.00010099999999999996
230	0.00010099999999999996
231	0.00010099999999999996
232	0.00010099999999999996
233	0.00010099999999999996
234	0.00010099999999999996
235	0.00010099999999999996
236	0.00010099999999999996
237	0.00010099999999999996
238	0.00010099999999999996
239	0.00010099999999999996
240	0.00010099999999999996
241	0.00010099999999999996
242	0.00010099999999999996
243	0.00010099999999999996
244	0.00010099999999999996
245	0.00010099999999999996
246	0.00010099999999999996
247	0.00010099999999999996
248	0.00010099999999999996
249	0.00010099999999999996
250	0.00010099999999999996
251	0.00010099999999999996
252	0.00010099999999999996
253	0.00010099999999999996
254	0.00010099999999999996
255	0.00010099999999999996
256	0.00010099999999999996
257	0.00010099999999999996
258	0.00010099999999999996
259	0.00010099999999999996
260	0.00010099999999999996
261	0.00010099999999999996
262	0.00010099999999999996
263	0.00010099999999999996
264	0.00010099999999999996
265	0.00010099999999999996
266	0.00010099999999999996
267	0.00010099999999999996
268	0.00010099999999999996
269	0.00010099999999999996
270	0.00010099999999999996
271	0.00010099999999999996
272	0.00010099999999999996
273	0.00010099999999999996
274	0.00010099999999999996
275	0.00010099999999999996
276	0.00010099999999999996
277	0.00010099999999999996
278	0.00010099999999999996
279	0.00010099999999999996
280	0.00010099999999999996
281	0.00010099999999999996
282	0.00010099999999999996
283	0.00010099999999999996
284	0.00010099999999999996
285	0.00010099999999999996
286	0.00010099999999999996
287	0.00010099999999999996
288	0.00010099999999999996
289	0.00010099999999999996
290	0.00010099999999999996
291	0.00010099999999999996
292	0.00010099999999999996
293	0.00010099999999999996
294	0.00010099999999999996
295	0.00010099999999999996
296	0.00010099999999999996
297	0.00010099999999999996
298	0.00010099999999999996
299	0.00010099999999999996
300	0.00010099999999999996
301	0.00010099999999999996
302	0.00010099999999999996
303	0.00010099999999999996
304	0.00010099999999999996
305	0.00010099999999999996
306	0.00010099999999999996
307	0.00010099999999999996
308	0.00010099999999999996
309	0.00010099999999999996
310	0.00010099999999999996
311	0.00010099999999999996
312	0.00010099999999999996
313	0.00010099999999999996
314	0.00010099999999999996
315	0.00010099999999999996
316	0.00010099999999999996
317	0.00010099999999999996
318	0.00010099999999999996
319	0.00010099999999999996
320	0.00010099999999999996
321	0.00010099999999999996
322	0.00010099999999999996
323	0.00010099999999999996
324	0.00010099999999999996
325	0.00010099999999999996
326	0.00010099999999999996
327	0.00010099999999999996
328	0.00010099999999999996
329	0.00010099999999999996
330	0.00010099999999999996
331	0.00010099999999999996
332	0.00010099999999999996
333	0.00010099999999999996
334	0.00010099999999999996
335	0.00010099999999999996
336	0.00010099999999999996
337	0.00010099999999999996
338	0.00010099999999999996
339	0.00010099999999999996
340	0.00010099999999999996
341	0.00010099999999999996
342	0.00010099999999999996
343	0.00010099999999999996
344	0.00010099999999999996
345	0.00010099999999999996
346	0.00010099999999999996
347	0.00010099999999999996
348	0.00010099999999999996
349	0.00010099999999999996
350	0.00010099999999999996
351	0.00010099999999999996
352	0.00010099999999999996
353	0.00010099999999999996
354	0.00010099999999999996
355	0.00010099999999999996
356	0.00010099999999999996
357	0.00010099999999999996
358	0.00010099999999999996
359	0.00010099999999999996
360	0.00010099999999999996
361	0.00010099999999999996
362	0.00010099999999999996
363	0.00010099999999999996
364	0.00010099999999999996
365	0.00010099999999999996
366	0.00010099999999999996
367	0.00010099999999999996
368	0.00010099999999999996
369	0.00010099999999999996
370	0.00010099999999999996
371	0.00010099999999999996
372	0.00010099999999999996
373	0.00010099999999999996
374	0.00010099999999999996
375	0.00010099999999999996
376	0.00010099999999999996
377	0.00010099999999999996
378	0.00010099999999999996
379	0.00010099999999999996
380	0.00010099999999999996
381	0.00010099999999999996
382	0.00010099999999999996
383	0.00010099999999999996
384	0.00010099999999999996
385	0.00010099999999999996
386	0.00010099999999999996
387	0.00010099999999999996
388	0.00010099999999999996
389	0.00010099999999999996
390	0.00010099999999999996
391	0.00010099999999999996
392	0.00010099999999999996
393	0.00010099999999999996
394	0.00010099999999999996
395	0.00010099999999999996
396	0.00010099999999999996
397	0.00010099999999999996
398	0.00010099999999999996
399	0.00010099999999999996
400	0.00010099999999999996
401	0.00010099999999999996
402	0.00010099999999999996
403	0.00010099999999999996
404	0.00010099999999999996
405	0.00010099999999999996
406	0.00010099999999999996
407	0.00010099999999999996
408	0.00010099999999999996
409	0.00010099999999999996
410	0.00010099999999999996
411	0.00010099999999999996
412	0.00010099999999999996
413	0.00010099999999999996
414	0.00010099999999999996
415	0.00010099999999999996
416	0.00010099999999999996
417	0.00010099999999999996
418	0.00010099999999999996
419	0.00010099999999999996
420	0.00010099999999999996
421	0.00010099999999999996
422	0.00010099999999999996
423	0.00010099999999999996
424	0.00010099999999999996
425	0.00010099999999999996
426	0.00010099999999999996
427	0.00010099999999999996
428	0.00010099999999999996
429	0.00010099999999999996
430	0.00010099999999999996
431	0.00010099999999999996
432	0.00010099999999999996
433	0.00010099999999999996
434	0.00010099999999999996
435	0.00010099999999999996
436	0.00010099999999999996
437	0.00010099999999999996
438	0.00010099999999999996
439	0.00010099999999999996
440	0.00010099999999999996
441	0.00010099999999999996
442	0.00010099999999999996
443	0.00010099999999999996
444	0.00010099999999999996
445	0.00010099999999999996
446	0.00010099999999999996
447	0.00010099999999999996
448	0.00010099999999999996
449	0.00010099999999999996
450	0.00010099999999999996
451	0.00010099999999999996
452	0.00010099999999999996
453	0.00010099999999999996
454	0.00010099999999999996
455	0.00010099999999999996
456	0.00010099999999999996
457	0.00010099999999999996
458	0.00010099999999999996
459	0.00010099999999999996
460	0.00010099999999999996
461	0.00010099999999999996
462	0.00010099999999999996
463	0.00010099999999999996
464	0.00010099999999999996
465	0.00010099999999999996
466	0.00010099999999999996
467	0.00010099999999999996
468	0.00010099999999999996
469	0.00010099999999999996
470	0.00010099999999999996
471	0.00010099999999999996
472	0.00010099999999999996
473	0.00010099999999999996
474	0.00010099999999999996
475	0.00010099999999999996
476	0.00010099999999999996
477	0.00010099999999999996
478	0.00010099999999999996
479	0.00010099999999999996
480	0.00010099999999999996
481	0.00010099999999999996
482	0.00010099999999999996
483	0.00010099999999999996
484	0.00010099999999999996
485	0.00010099999999999996
486	0.00010099999999999996
487	0.00010099999999999996
488	0.00010099999999999996
489	0.00010099999999999996
490	0.00010099999999999996
491	0.00010099999999999996
492	0.00010099999999999996
493	0.00010099999999999996
494	0.00010099999999999996
495	0.00010099999999999996
496	0.00010099999999999996
497	0.00010099999999999996
498	0.00010099999999999996
499	0.00010099999999999996
500	0.00010099999999999996
501	0.00010099999999999996
502	0.00010099999999999996
503	0.00010099999999999996
504	0.00010099999999999996
505	0.00010099999999999996
506	0.00010099999999999996
507	0.00010099999999999996
508	0.00010099999999999996
509	0.00010099999999999996
510	0.00010099999999999996
511	0.00010099999999999996
512	0.00010099999999999996
513	0.00010099999999999996
514	0.00010099999999999996
515	0.00010099999999999996
516	0.00010099999999999996
517	0.00010099999999999996
518	0.00010099999999999996
519	0.00010099999999999996
520	0.00010099999999999996
521	0.00010099999999999996
522	0.00010099999999999996
523	0.00010099999999999996
524	0.00010099999999999996
525	0.00010099999999999996
526	0.00010099999999999996
527	0.00010099999999999996
528	0.00010099999999999996
529	0.00010099999999999996
530	0.00010099999999999996
531	0.00010099999999999996
532	0.00010099999999999996
533	0.00010099999999999996
534	0.00010099999999999996
535	0.00010099999999999996
536	0.00010099999999999996
537	0.00010099999999999996
538	0.00010099999999999996
539	0.00010099999999999996
540	0.00010099999999999996
541	0.00010099999999999996
542	0.00010099999999999996
543	0.00010099999999999996
544	0.00010099999999999996
545	0.00010099999999999996
546	0.00010099999999999996
547	0.00010099999999999996
548	0.00010099999999999996
549	0.00010099999999999996
550	0.00010099999999999996
551	0.00010099999999999996
552	0.00010099999999999996
553	0.00010099999999999996
554	0.00010099999999999996
555	0.00010099999999999996
556	0.00010099999999999996
557	0.00010099999999999996
558	0.00010099999999999996
559	0.00010099999999999996
560	0.00010099999999999996
561	0.00010099999999999996
562	0.00010099999999999996
563	0.00010099999999999996
564	0.00010099999999999996
565	0.00010099999999999996
566	0.00010099999999999996
567	0.00010099999999999996
568	0.00010099999999999996
569	0.00010099999999999996
570	0.00010099999999999996
571	0.00010099999999999996
572	0.00010099999999999996
573	0.00010099999999999996
574	0.00010099999999999996
575	0.00010099999999999996
576	0.00010099999999999996
577	0.00010099999999999996
578	0.00010099999999999996
579	0.00010099999999999996
580	0.00010099999999999996
581	0.00010099999999999996
582	0.00010099999999999996
583	0.00010099999999999996
584	0.00010099999999999996
585	0.00010099999999999996
586	0.00010099999999999996
587	0.00010099999999999996
588	0.00010099999999999996
589	0.00010099999999999996
590	0.00010099999999999996
591	0.00010099999999999996
592	0.00010099999999999996
593	0.00010099999999999996
594	0.00010099999999999996
595	0.00010099999999999996
596	0.00010099999999999996
597	0.00010099999999999996
598	0.00010099999999999996
599	0.00010099999999999996
600	0.00010099999999999996
601	0.00010099999999999996
602	0.00010099999999999996
603	0.00010099999999999996
604	0.00010099999999999996
605	0.00010099999999999996
606	0.00010099999999999996
607	0.00010099999999999996
608	0.00010099999999999996
609	0.00010099999999999996
610	0.00010099999999999996
611	0.00010099999999999996
612	0.00010099999999999996
613	0.00010099999999999996
614	0.00010099999999999996
615	0.00010099999999999996
616	0.00010099999999999996
617	0.00010099999999999996
618	0.00010099999999999996
619	0.00010099999999999996
620	0.00010099999999999996
621	0.00010099999999999996
622	0.00010099999999999996
623	0.00010099999999999996
624	0.00010099999999999996
625	0.00010099999999999996
626	0.00010099999999999996
627	0.00010099999999999996
628	0.00010099999999999996
629	0.00010099999999999996
630	0.00010099999999999996
631	0.00010099999999999996
632	0.00010099999999999996
633	0.00010099999999999996
634	0.00010099999999999996
635	0.00010099999999999996
636	0.00010099999999999996
637	0.00010099999999999996
638	0.00010099999999999996
639	0.00010099999999999996
640	0.00010099999999999996
641	0.00010099999999999996
642	0.00010099999999999996
643	0.00010099999999999996
644	0.00010099999999999996
645	0.00010099999999999996
646	0.00010099999999999996
647	0.00010099999999999996
648	0.00010099999999999996
649	0.00010099999999999996
650	0.00010099999999999996
651	0.00010099999999999996
652	0.00010099999999999996
653	0.00010099999999999996
654	0.00010099999999999996
655	0.00010099999999999996
656	0.00010099999999999996
657	0.00010099999999999996
658	0.00010099999999999996
659	0.00010099999999999996
660	0.00010099999999999996
661	0.00010099999999999996
662	0.00010099999999999996
663	0.00010099999999999996
664	0.00010099999999999996
665	0.00010099999999999996
666	0.00010099999999999996
667	0.00010099999999999996
668	0.00010099999999999996
669	0.00010099999999999996
670	0.00010099999999999996
671	0.00010099999999999996
672	0.00010099999999999996
673	0.00010099999999999996
674	0.00010099999999999996
675	0.00010099999999999996
676	0.00010099999999999996
677	0.00010099999999999996
678	0.00010099999999999996
679	0.00010099999999999996
680	0.00010099999999999996
681	0.00010099999999999996
682	0.00010099999999999996
683	0.00010099999999999996
684	0.00010099999999999996
685	0.00010099999999999996
686	0.00010099999999999996
687	0.00010099999999999996
688	0.00010099999999999996
689	0.00010099999999999996
690	0.00010099999999999996
691	0.00010099999999999996
692	0.00010099999999999996
693	0.00010099999999999996
694	0.00010099999999999996
695	0.00010099999999999996
696	0.00010099999999999996
697	0.00010099999999999996
698	0.00010099999999999996
699	0.00010099999999999996
700	0.00010099999999999996
701	0.00010099999999999996
702	0.00010099999999999996
703	0.00010099999999999996
704	0.00010099999999999996
705	0.00010099999999999996
706	0.00010099999999999996
707	0.00010099999999999996
708	0.00010099999999999996
709	0.00010099999999999996
710	0.00010099999999999996
711	0.00010099999999999996
712	0.00010099999999999996
713	0.00010099999999999996
714	0.00010099999999999996
715	0.00010099999999999996
716	0.00010099999999999996
717	0.00010099999999999996
718	0.00010099999999999996
719	0.00010099999999999996
720	0.00010099999999999996
721	0.00010099999999999996
722	0.00010099999999999996
723	0.00010099999999999996
724	0.00010099999999999996
725	0.00010099999999999996
726	0.00010099999999999996
727	0.00010099999999999996
728	0.00010099999999999996
729	0.00010099999999999996
730	0.00010099999999999996
731	0.00010099999999999996
732	0.00010099999999999996
733	0.00010099999999999996
734	0.00010099999999999996
735	0.00010099999999999996
736	0.00010099999999999996
737	0.00010099999999999996
738	0.00010099999999999996
739	0.00010099999999999996
740	0.00010099999999999996
741	0.00010099999999999996
742	0.00010099999999999996
743	0.00010099999999999996
744	0.00010099999999999996
745	0.00010099999999999996
746	0.00010099999999999996
747	0.00010099999999999996
748	0.00010099999999999996
749	0.00010099999999999996
750	0.00010099999999999996
751	0.00010099999999999996
752	0.00010099999999999996
753	0.00010099999999999996
754	0.00010099999999999996
755	0.00010099999999999996
756	0.00010099999999999996
757	0.00010099999999999996
758	0.00010099999999999996
759	0.00010099999999999996
760	0.00010099999999999996
761	0.00010099999999999996
762	0.00010099999999999996
763	0.00010099999999999996
764	0.00010099999999999996
765	0.00010099999999999996
766	0.00010099999999999996
767	0.00010099999999999996
768	0.00010099999999999996
769	0.00010099999999999996
770	0.00010099999999999996
771	0.00010099999999999996
772	0.00010099999999999996
773	0.00010099999999999996
774	0.00010099999999999996
775	0.00010099999999999996
776	0.00010099999999999996
777	0.00010099999999999996
778	0.00010099999999999996
779	0.00010099999999999996
780	0.00010099999999999996
781	0.00010099999999999996
782	0.00010099999999999996
783	0.00010099999999999996
784	0.00010099999999999996
785	0.00010099999999999996
786	0.00010099999999999996
787	0.00010099999999999996
788	0.00010099999999999996
789	0.00010099999999999996
790	0.00010099999999999996
791	0.00010099999999999996
792	0.00010099999999999996
793	0.00010099999999999996
794	0.00010099999999999996
795	0.00010099999999999996
796	0.00010099999999999996
797	0.00010099999999999996
798	0.00010099999999999996
799	0.00010099999999999996
800	0.00010099999999999996
801	0.00010099999999999996
802	0.00010099999999999996
803	0.00010099999999999996
804	0.00010099999999999996
805	0.00010099999999999996
806	0.00010099999999999996
807	0.00010099999999999996
808	0.00010099999999999996
809	0.00010099999999999996
810	0.00010099999999999996
811	0.00010099999999999996
812	0.00010099999999999996
813	0.00010099999999999996
814	0.00010099999999999996
815	0.00010099999999999996
816	0.00010099999999999996
817	0.00010099999999999996
818	0.00010099999999999996
819	0.00010099999999999996
820	0.00010099999999999996
821	0.00010099999999999996
822	0.00010099999999999996
823	0.00010099999999999996
824	0.00010099999999999996
825	0.00010099999999999996
826	0.00010099999999999996
827	0.00010099999999999996
828	0.00010099999999999996
829	0.00010099999999999996
830	0.00010099999999999996
831	0.00010099999999999996
832	0.00010099999999999996
833	0.00010099999999999996
834	0.00010099999999999996
835	0.00010099999999999996
836	0.00010099999999999996
837	0.00010099999999999996
838	0.00010099999999999996
839	0.00010099999999999996
840	0.00010099999999999996
841	0.00010099999999999996
842	0.00010099999999999996
843	0.00010099999999999996
844	0.00010099999999999996
845	0.00010099999999999996
846	0.00010099999999999996
847	0.00010099999999999996
848	0.00010099999999999996
849	0.00010099999999999996
850	0.00010099999999999996
851	0.00010099999999999996
852	0.00010099999999999996
853	0.00010099999999999996
854	0.00010099999999999996
855	0.00010099999999999996
856	0.00010099999999999996
857	0.00010099999999999996
858	0.00010099999999999996
859	0.00010099999999999996
860	0.00010099999999999996
861	0.00010099999999999996
862	0.00010099999999999996
863	0.00010099999999999996
864	0.00010099999999999996
865	0.00010099999999999996
866	0.00010099999999999996
867	0.00010099999999999996
868	0.00010099999999999996
869	0.00010099999999999996
870	0.00010099999999999996
871	0.00010099999999999996
872	0.00010099999999999996
873	0.00010099999999999996
874	0.00010099999999999996
875	0.00010099999999999996
876	0.00010099999999999996
877	0.00010099999999999996
878	0.00010099999999999996
879	0.00010099999999999996
880	0.00010099999999999996
881	0.00010099999999999996
882	0.00010099999999999996
883	0.00010099999999999996
884	0.00010099999999999996
885	0.00010099999999999996
886	0.00010099999999999996
887	0.00010099999999999996
888	0.00010099999999999996
889	0.00010099999999999996
890	0.00010099999999999996
891	0.00010099999999999996
892	0.00010099999999999996
893	0.00010099999999999996
894	0.00010099999999999996
895	0.00010099999999999996
896	0.00010099999999999996
897	0.00010099999999999996
898	0.00010099999999999996
899	0.00010099999999999996
900	0.00010099999999999996
901	0.00010099999999999996
902	0.00010099999999999996
903	0.00010099999999999996
904	0.00010099999999999996
905	0.00010099999999999996
906	0.00010099999999999996
907	0.00010099999999999996
908	0.00010099999999999996
909	0.00010099999999999996
910	0.00010099999999999996
911	0.00010099999999999996
912	0.00010099999999999996
913	0.00010099999999999996
914	0.00010099999999999996
915	0.00010099999999999996
916	0.00010099999999999996
917	0.00010099999999999996
918	0.00010099999999999996
919	0.00010099999999999996
920	0.00010099999999999996
921	0.00010099999999999996
922	0.00010099999999999996
923	0.00010099999999999996
924	0.00010099999999999996
925	0.00010099999999999996
926	0.00010099999999999996
927	0.00010099999999999996
928	0.00010099999999999996
929	0.00010099999999999996
930	0.00010099999999999996
931	0.00010099999999999996
932	0.00010099999999999996
933	0.00010099999999999996
934	0.00010099999999999996
935	0.00010099999999999996
936	0.00010099999999999996
937	0.00010099999999999996
938	0.00010099999999999996
939	0.00010099999999999996
940	0.00010099999999999996
941	0.00010099999999999996
942	0.00010099999999999996
943	0.00010099999999999996
944	0.00010099999999999996
945	0.00010099999999999996
946	0.00010099999999999996
947	0.00010099999999999996
948	0.00010099999999999996
949	0.00010099999999999996
950	0.00010099999999999996
951	0.00010099999999999996
952	0.00010099999999999996
953	0.00010099999999999996
954	0.00010099999999999996
955	0.00010099999999999996
956	0.00010099999999999996
957	0.00010099999999999996
958	0.00010099999999999996
959	0.00010099999999999996
960	0.00010099999999999996
961	0.00010099999999999996
962	0.00010099999999999996
963	0.00010099999999999996
964	0.00010099999999999996
965	0.00010099999999999996
966	0.00010099999999999996
967	0.00010099999999999996
968	0.00010099999999999996
969	0.00010099999999999996
970	0.00010099999999999996
971	0.00010099999999999996
972	0.00010099999999999996
973	0.00010099999999999996
974	0.00010099999999999996
975	0.00010099999999999996
976	0.00010099999999999996
977	0.00010099999999999996
978	0.00010099999999999996
979	0.00010099999999999996
980	0.00010099999999999996
981	0.00010099999999999996
982	0.00010099999999999996
983	0.00010099999999999996
984	0.00010099999999999996
985	0.00010099999999999996
986	0.00010099999999999996
987	0.00010099999999999996
988	0.00010099999999999996
989	0.00010099999999999996
990	0.00010099999999999996
991	0.00010099999999999996
992	0.00010099999999999996
993	0.00010099999999999996
994	0.00010099999999999996
995	0.00010099999999999996
996	0.00010099999999999996
997	0.00010099999999999996
998	0.00010099999999999996
999	0.00010099999999999996
1000	0.00010099999999999996
minimum found: [1.01, 1.02], 0.00010099999999999996

