MINIMIZING ROSENBROCK'S SADDLE (1000 gens, gray)
ROSENBROCK'S SADDLE
1000
gray
Gen #	minima
1	4.113616000000001
2	4.113616000000001
3	4.113616000000001
4	0.36
5	0.36
6	0.36
7	0.36
8	0.36
9	0.36
10	0.36
11	0.36
12	0.36
13	0.36
14	0.36
15	0.36
16	0.2698610000000003
17	0.24999999999999986
18	0.2470609999999998
19	0.17466099999999993
20	0.17466099999999993
21	0.17466099999999993
22	0.17466099999999993
23	0.17466099999999993
24	0.17466099999999993
25	0.17466099999999993
26	0.17466099999999993
27	0.17466099999999993
28	0.17466099999999993
29	0.17466099999999993
30	0.17466099999999993
31	0.17466099999999993
32	0.17466099999999993
33	0.17466099999999993
34	0.17466099999999993
35	0.17466099999999993
36	0.17466099999999993
37	0.17466099999999993
38	0.17466099999999993
39	0.17466099999999993
40	0.17466099999999993
41	0.17466099999999993
42	0.16846100000000003
43	0.16846100000000003
44	0.16846100000000003
45	0.16846100000000003
46	0.16846100000000003
47	0.16846100000000003
48	0.16846100000000003
49	0.16846100000000003
50	0.16846100000000003
51	0.16846100000000003
52	0.16846100000000003
53	0.16846100000000003
54	0.16846100000000003
55	0.16846100000000003
56	0.16846100000000003
57	0.16846100000000003
58	0.16846100000000003
59	0.16846100000000003
60	0.16846100000000003
61	0.16846100000000003
62	0.16846100000000003
63	0.16846100000000003
64	0.16846100000000003
65	0.16846100000000003
66	0.16846100000000003
67	0.16846100000000003
68	0.16846100000000003
69	0.16846100000000003
70	0.16846100000000003
71	0.16846100000000003
72	0.16846100000000003
73	0.16846100000000003
74	0.16846100000000003
75	0.16846100000000003
76	0.16846100000000003
77	0.16846100000000003
78	0.16846100000000003
79	0.16846100000000003
80	0.16846100000000003
81	0.16846100000000003
82	0.16846100000000003
83	0.16846100000000003
84	0.16846100000000003
85	0.16846100000000003
86	0.16846100000000003
87	0.16846100000000003
88	0.16846100000000003
89	0.16846100000000003
90	0.16846100000000003
91	0.16846100000000003
92	0.16846100000000003
93	0.16846100000000003
94	0.16846100000000003
95	0.16846100000000003
96	0.16846100000000003
97	0.16846100000000003
98	0.16846100000000003
99	0.16846100000000003
100	0.16846100000000003
101	0.16846100000000003
102	0.16846100000000003
103	0.16846100000000003
104	0.16846100000000003
105	0.16846100000000003
106	0.16846100000000003
107	0.16846100000000003
108	0.16846100000000003
109	0.16846100000000003
110	0.16846100000000003
111	0.16846100000000003
112	0.16846100000000003
113	0.16846100000000003
114	0.16846100000000003
115	0.16846100000000003
116	0.16846100000000003
117	0.16846100000000003
118	0.16846100000000003
119	0.16846100000000003
120	0.16846100000000003
121	0.16846100000000003
122	0.16846100000000003
123	0.16846100000000003
124	0.16846100000000003
125	0.16846100000000003
126	0.16846100000000003
127	0.16846100000000003
128	0.16846100000000003
129	0.16846100000000003
130	0.16846100000000003
131	0.16846100000000003
132	0.16846100000000003
133	0.16846100000000003
134	0.16846100000000003
135	0.16846100000000003
136	0.16846100000000003
137	0.16846100000000003
138	0.16846100000000003
139	0.16846100000000003
140	0.16846100000000003
141	0.16846100000000003
142	0.16846100000000003
143	0.16846100000000003
144	0.16846100000000003
145	0.16846100000000003
146	0.16846100000000003
147	0.16846100000000003
148	0.16846100000000003
149	0.16846100000000003
150	0.16846100000000003
151	0.16846100000000003
152	0.16846100000000003
153	0.16846100000000003
154	0.16846100000000003
155	0.16846100000000003
156	0.16846100000000003
157	0.16846100000000003
158	0.16846100000000003
159	0.16846100000000003
160	0.16846100000000003
161	0.16846100000000003
162	0.16846100000000003
163	0.16846100000000003
164	0.16846100000000003
165	0.16846100000000003
166	0.16846100000000003
167	0.16846100000000003
168	0.16846100000000003
169	0.16846100000000003
170	0.16846100000000003
171	0.16846100000000003
172	0.16846100000000003
173	0.16846100000000003
174	0.16846100000000003
175	0.16846100000000003
176	0.16846100000000003
177	0.16846100000000003
178	0.16846100000000003
179	0.16846100000000003
180	0.16846100000000003
181	0.16846100000000003
182	0.16846100000000003
183	0.16846100000000003
184	0.16846100000000003
185	0.16846100000000003
186	0.16846100000000003
187	0.16846100000000003
188	0.16846100000000003
189	0.16846100000000003
190	0.16846100000000003
191	0.16846100000000003
192	0.16846100000000003
193	0.16846100000000003
194	0.16846100000000003
195	0.16846100000000003
196	0.16846100000000003
197	0.16846100000000003
198	0.16846100000000003
199	0.16846100000000003
200	0.16846100000000003
201	0.16846100000000003
202	0.16846100000000003
203	0.16846100000000003
204	0.16846100000000003
205	0.16846100000000003
206	0.16846100000000003
207	0.16846100000000003
208	0.16846100000000003
209	0.16846100000000003
210	0.16846100000000003
211	0.16846100000000003
212	0.16846100000000003
213	0.16846100000000003
214	0.16846100000000003
215	0.16846100000000003
216	0.16846100000000003
217	0.16846100000000003
218	0.16846100000000003
219	0.16846100000000003
220	0.16846100000000003
221	0.16846100000000003
222	0.16846100000000003
223	0.16846100000000003
224	0.16846100000000003
225	0.16846100000000003
226	0.16846100000000003
227	0.16846100000000003
228	0.16846100000000003
229	0.16846100000000003
230	0.16846100000000003
231	0.16846100000000003
232	0.16846100000000003
233	0.16846100000000003
234	0.16846100000000003
235	0.16846100000000003
236	0.16846100000000003
237	0.16846100000000003
238	0.16846100000000003
239	0.16846100000000003
240	0.16846100000000003
241	0.16846100000000003
242	0.16846100000000003
243	0.16846100000000003
244	0.16846100000000003
245	0.16846100000000003
246	0.16846100000000003
247	0.16846100000000003
248	0.16846100000000003
249	0.16846100000000003
250	0.16846100000000003
251	0.16846100000000003
252	0.16846100000000003
253	0.16846100000000003
254	0.16846100000000003
255	0.16846100000000003
256	0.16846100000000003
257	0.16846100000000003
258	0.16846100000000003
259	0.16846100000000003
260	0.16846100000000003
261	0.16846100000000003
262	0.16846100000000003
263	0.16846100000000003
264	0.16846100000000003
265	0.16846100000000003
266	0.16846100000000003
267	0.16846100000000003
268	0.16846100000000003
269	0.16846100000000003
270	0.16846100000000003
271	0.16846100000000003
272	0.16846100000000003
273	0.16846100000000003
274	0.16846100000000003
275	0.16846100000000003
276	0.16846100000000003
277	0.16846100000000003
278	0.16846100000000003
279	0.16846100000000003
280	0.16846100000000003
281	0.16846100000000003
282	0.16846100000000003
283	0.16846100000000003
284	0.16846100000000003
285	0.16846100000000003
286	0.16846100000000003
287	0.16846100000000003
288	0.16846100000000003
289	0.16846100000000003
290	0.16846100000000003
291	0.16846100000000003
292	0.16846100000000003
293	0.16846100000000003
294	0.16846100000000003
295	0.16846100000000003
296	0.16846100000000003
297	0.16846100000000003
298	0.16846100000000003
299	0.16846100000000003
300	0.16846100000000003
301	0.16846100000000003
302	0.16846100000000003
303	0.16846100000000003
304	0.16846100000000003
305	0.16846100000000003
306	0.16846100000000003
307	0.16846100000000003
308	0.16846100000000003
309	0.16846100000000003
310	0.16846100000000003
311	0.16846100000000003
312	0.16846100000000003
313	0.16846100000000003
314	0.16846100000000003
315	0.16846100000000003
316	0.16846100000000003
317	0.16846100000000003
318	0.16846100000000003
319	0.16846100000000003
320	0.16846100000000003
321	0.16846100000000003
322	0.16846100000000003
323	0.16846100000000003
324	0.16846100000000003
325	0.16846100000000003
326	0.16846100000000003
327	0.16846100000000003
328	0.16846100000000003
329	0.16846100000000003
330	0.16846100000000003
331	0.16846100000000003
332	0.16846100000000003
333	0.16846100000000003
334	0.16846100000000003
335	0.16846100000000003
336	0.16846100000000003
337	0.16846100000000003
338	0.16846100000000003
339	0.16846100000000003
340	0.16846100000000003
341	0.16846100000000003
342	0.16846100000000003
343	0.16846100000000003
344	0.16846100000000003
345	0.16846100000000003
346	0.16846100000000003
347	0.16846100000000003
348	0.16846100000000003
349	0.16846100000000003
350	0.16846100000000003
351	0.16846100000000003
352	0.16846100000000003
353	0.16846100000000003
354	0.16846100000000003
355	0.16846100000000003
356	0.16846100000000003
357	0.16846100000000003
358	0.16846100000000003
359	0.16846100000000003
360	0.16846100000000003
361	0.16846100000000003
362	0.16846100000000003
363	0.16846100000000003
364	0.16846100000000003
365	0.16846100000000003
366	0.16846100000000003
367	0.16846100000000003
368	0.16846100000000003
369	0.16846100000000003
370	0.16846100000000003
371	0.16846100000000003
372	0.16846100000000003
373	0.16846100000000003
374	0.16846100000000003
375	0.16846100000000003
376	0.16846100000000003
377	0.16846100000000003
378	0.16846100000000003
379	0.16846100000000003
380	0.16846100000000003
381	0.16846100000000003
382	0.16846100000000003
383	0.16846100000000003
384	0.16846100000000003
385	0.16846100000000003
386	0.16846100000000003
387	0.16846100000000003
388	0.16846100000000003
389	0.16846100000000003
390	0.16846100000000003
391	0.16846100000000003
392	0.16846100000000003
393	0.16846100000000003
394	0.16846100000000003
395	0.16846100000000003
396	0.16846100000000003
397	0.16846100000000003
398	0.16846100000000003
399	0.16846100000000003
400	0.16846100000000003
401	0.16846100000000003
402	0.16846100000000003
403	0.16846100000000003
404	0.16846100000000003
405	0.16846100000000003
406	0.16846100000000003
407	0.16846100000000003
408	0.16846100000000003
409	0.16846100000000003
410	0.16846100000000003
411	0.16846100000000003
412	0.16846100000000003
413	0.16846100000000003
414	0.16846100000000003
415	0.16846100000000003
416	0.16846100000000003
417	0.16846100000000003
418	0.16846100000000003
419	0.16846100000000003
420	0.16846100000000003
421	0.16846100000000003
422	0.16846100000000003
423	0.16846100000000003
424	0.16846100000000003
425	0.16846100000000003
426	0.16846100000000003
427	0.16846100000000003
428	0.16846100000000003
429	0.16846100000000003
430	0.16846100000000003
431	0.16846100000000003
432	0.16846100000000003
433	0.16846100000000003
434	0.16846100000000003
435	0.16846100000000003
436	0.16846100000000003
437	0.16846100000000003
438	0.16846100000000003
439	0.16846100000000003
440	0.16846100000000003
441	0.16846100000000003
442	0.16846100000000003
443	0.16846100000000003
444	0.16846100000000003
445	0.16846100000000003
446	0.16846100000000003
447	0.16846100000000003
448	0.16846100000000003
449	0.16846100000000003
450	0.16846100000000003
451	0.16846100000000003
452	0.16846100000000003
453	0.16846100000000003
454	0.16846100000000003
455	0.16846100000000003
456	0.16846100000000003
457	0.16846100000000003
458	0.16846100000000003
459	0.16846100000000003
460	0.16846100000000003
461	0.16846100000000003
462	0.16846100000000003
463	0.16846100000000003
464	0.16846100000000003
465	0.16846100000000003
466	0.16846100000000003
467	0.16846100000000003
468	0.16846100000000003
469	0.16846100000000003
470	0.16846100000000003
471	0.16846100000000003
472	0.16846100000000003
473	0.16846100000000003
474	0.16846100000000003
475	0.16846100000000003
476	0.16846100000000003
477	0.16846100000000003
478	0.16846100000000003
479	0.16846100000000003
480	0.16846100000000003
481	0.16846100000000003
482	0.16846100000000003
483	0.16846100000000003
484	0.16846100000000003
485	0.16846100000000003
486	0.16846100000000003
487	0.16846100000000003
488	0.16846100000000003
489	0.16846100000000003
490	0.16846100000000003
491	0.16846100000000003
492	0.16846100000000003
493	0.16846100000000003
494	0.16846100000000003
495	0.16846100000000003
496	0.16846100000000003
497	0.16846100000000003
498	0.16846100000000003
499	0.16846100000000003
500	0.16846100000000003
501	0.16846100000000003
502	0.16846100000000003
503	0.16846100000000003
504	0.16846100000000003
505	0.16846100000000003
506	0.16846100000000003
507	0.16846100000000003
508	0.16846100000000003
509	0.16846100000000003
510	0.16846100000000003
511	0.16846100000000003
512	0.16846100000000003
513	0.16846100000000003
514	0.16846100000000003
515	0.16846100000000003
516	0.16846100000000003
517	0.16846100000000003
518	0.16846100000000003
519	0.16846100000000003
520	0.16846100000000003
521	0.16846100000000003
522	0.16846100000000003
523	0.16846100000000003
524	0.16846100000000003
525	0.16846100000000003
526	0.16846100000000003
527	0.16846100000000003
528	0.16846100000000003
529	0.16846100000000003
530	0.16846100000000003
531	0.16846100000000003
532	0.16846100000000003
533	0.16846100000000003
534	0.16846100000000003
535	0.16846100000000003
536	0.16846100000000003
537	0.16846100000000003
538	0.16846100000000003
539	0.16846100000000003
540	0.16846100000000003
541	0.16846100000000003
542	0.16846100000000003
543	0.16846100000000003
544	0.16846100000000003
545	0.16846100000000003
546	0.16846100000000003
547	0.16846100000000003
548	0.16846100000000003
549	0.16846100000000003
550	0.16846100000000003
551	0.16846100000000003
552	0.16846100000000003
553	0.16846100000000003
554	0.16846100000000003
555	0.16846100000000003
556	0.16846100000000003
557	0.16846100000000003
558	0.16846100000000003
559	0.16846100000000003
560	0.16846100000000003
561	0.16846100000000003
562	0.16846100000000003
563	0.16846100000000003
564	0.16846100000000003
565	0.16846100000000003
566	0.16846100000000003
567	0.16846100000000003
568	0.16846100000000003
569	0.16846100000000003
570	0.16846100000000003
571	0.16846100000000003
572	0.16846100000000003
573	0.16846100000000003
574	0.16846100000000003
575	0.16846100000000003
576	0.16846100000000003
577	0.16846100000000003
578	0.16846100000000003
579	0.16846100000000003
580	0.16846100000000003
581	0.16846100000000003
582	0.16846100000000003
583	0.16846100000000003
584	0.16846100000000003
585	0.16846100000000003
586	0.16846100000000003
587	0.16846100000000003
588	0.16846100000000003
589	0.16846100000000003
590	0.16846100000000003
591	0.16846100000000003
592	0.16846100000000003
593	0.16846100000000003
594	0.16846100000000003
595	0.16846100000000003
596	0.16846100000000003
597	0.16846100000000003
598	0.16846100000000003
599	0.16846100000000003
600	0.16846100000000003
601	0.16846100000000003
602	0.16846100000000003
603	0.16846100000000003
604	0.16846100000000003
605	0.16846100000000003
606	0.16846100000000003
607	0.16846100000000003
608	0.16846100000000003
609	0.16846100000000003
610	0.16846100000000003
611	0.16846100000000003
612	0.16846100000000003
613	0.16846100000000003
614	0.16846100000000003
615	0.16846100000000003
616	0.16846100000000003
617	0.16846100000000003
618	0.16846100000000003
619	0.16846100000000003
620	0.16846100000000003
621	0.16846100000000003
622	0.16846100000000003
623	0.16846100000000003
624	0.16846100000000003
625	0.16846100000000003
626	0.16846100000000003
627	0.16846100000000003
628	0.16846100000000003
629	0.16846100000000003
630	0.16846100000000003
631	0.16846100000000003
632	0.16846100000000003
633	0.16846100000000003
634	0.16846100000000003
635	0.16846100000000003
636	0.16846100000000003
637	0.16846100000000003
638	0.16846100000000003
639	0.16846100000000003
640	0.16846100000000003
641	0.16846100000000003
642	0.16846100000000003
643	0.16846100000000003
644	0.16846100000000003
645	0.16846100000000003
646	0.16846100000000003
647	0.16846100000000003
648	0.16846100000000003
649	0.16846100000000003
650	0.16846100000000003
651	0.16846100000000003
652	0.16846100000000003
653	0.16846100000000003
654	0.16846100000000003
655	0.16846100000000003
656	0.16846100000000003
657	0.16846100000000003
658	0.16846100000000003
659	0.16846100000000003
660	0.16846100000000003
661	0.16846100000000003
662	0.16846100000000003
663	0.16846100000000003
664	0.16846100000000003
665	0.16846100000000003
666	0.16846100000000003
667	0.16846100000000003
668	0.16846100000000003
669	0.16846100000000003
670	0.16846100000000003
671	0.16846100000000003
672	0.16846100000000003
673	0.16846100000000003
674	0.16846100000000003
675	0.16846100000000003
676	0.16846100000000003
677	0.16846100000000003
678	0.16846100000000003
679	0.16846100000000003
680	0.16846100000000003
681	0.16846100000000003
682	0.16846100000000003
683	0.16846100000000003
684	0.16846100000000003
685	0.16846100000000003
686	0.16846100000000003
687	0.16846100000000003
688	0.16846100000000003
689	0.16846100000000003
690	0.16846100000000003
691	0.16846100000000003
692	0.16846100000000003
693	0.16846100000000003
694	0.16846100000000003
695	0.16846100000000003
696	0.16846100000000003
697	0.16846100000000003
698	0.16846100000000003
699	0.16846100000000003
700	0.16846100000000003
701	0.16846100000000003
702	0.16846100000000003
703	0.16846100000000003
704	0.16846100000000003
705	0.16846100000000003
706	0.16846100000000003
707	0.16846100000000003
708	0.16846100000000003
709	0.16846100000000003
710	0.16846100000000003
711	0.16846100000000003
712	0.16846100000000003
713	0.16846100000000003
714	0.16846100000000003
715	0.16846100000000003
716	0.16846100000000003
717	0.16846100000000003
718	0.16846100000000003
719	0.16846100000000003
720	0.16846100000000003
721	0.16846100000000003
722	0.16846100000000003
723	0.16846100000000003
724	0.16846100000000003
725	0.16846100000000003
726	0.16846100000000003
727	0.16846100000000003
728	0.16846100000000003
729	0.16846100000000003
730	0.16846100000000003
731	0.16846100000000003
732	0.16846100000000003
733	0.16846100000000003
734	0.16846100000000003
735	0.16846100000000003
736	0.16846100000000003
737	0.16846100000000003
738	0.16846100000000003
739	0.16846100000000003
740	0.16846100000000003
741	0.16846100000000003
742	0.16846100000000003
743	0.16846100000000003
744	0.16846100000000003
745	0.16846100000000003
746	0.16846100000000003
747	0.16846100000000003
748	0.16846100000000003
749	0.16846100000000003
750	0.16846100000000003
751	0.16846100000000003
752	0.16846100000000003
753	0.16846100000000003
754	0.16846100000000003
755	0.16846100000000003
756	0.16846100000000003
757	0.16846100000000003
758	0.16846100000000003
759	0.16846100000000003
760	0.16846100000000003
761	0.16846100000000003
762	0.16846100000000003
763	0.16846100000000003
764	0.16846100000000003
765	0.16846100000000003
766	0.16846100000000003
767	0.16846100000000003
768	0.16846100000000003
769	0.16846100000000003
770	0.16846100000000003
771	0.16846100000000003
772	0.16846100000000003
773	0.16846100000000003
774	0.16846100000000003
775	0.16846100000000003
776	0.16846100000000003
777	0.16846100000000003
778	0.16846100000000003
779	0.16846100000000003
780	0.16846100000000003
781	0.16846100000000003
782	0.16846100000000003
783	0.16846100000000003
784	0.16846100000000003
785	0.16846100000000003
786	0.16846100000000003
787	0.16846100000000003
788	0.16846100000000003
789	0.16846100000000003
790	0.16846100000000003
791	0.16846100000000003
792	0.16846100000000003
793	0.16846100000000003
794	0.16846100000000003
795	0.16846100000000003
796	0.16846100000000003
797	0.16846100000000003
798	0.16846100000000003
799	0.16846100000000003
800	0.16846100000000003
801	0.16846100000000003
802	0.16846100000000003
803	0.16846100000000003
804	0.16846100000000003
805	0.16846100000000003
806	0.16846100000000003
807	0.16846100000000003
808	0.16846100000000003
809	0.16846100000000003
810	0.16846100000000003
811	0.16846100000000003
812	0.16846100000000003
813	0.16846100000000003
814	0.16846100000000003
815	0.16846100000000003
816	0.16846100000000003
817	0.16846100000000003
818	0.16846100000000003
819	0.16846100000000003
820	0.16846100000000003
821	0.16846100000000003
822	0.16846100000000003
823	0.16846100000000003
824	0.16846100000000003
825	0.16846100000000003
826	0.16846100000000003
827	0.16846100000000003
828	0.16846100000000003
829	0.16846100000000003
830	0.16846100000000003
831	0.16846100000000003
832	0.16846100000000003
833	0.16846100000000003
834	0.16846100000000003
835	0.16846100000000003
836	0.16846100000000003
837	0.16846100000000003
838	0.16846100000000003
839	0.16846100000000003
840	0.16846100000000003
841	0.16846100000000003
842	0.16846100000000003
843	0.16846100000000003
844	0.16846100000000003
845	0.16846100000000003
846	0.16846100000000003
847	0.16846100000000003
848	0.16846100000000003
849	0.16846100000000003
850	0.16846100000000003
851	0.16846100000000003
852	0.16846100000000003
853	0.16846100000000003
854	0.16846100000000003
855	0.16846100000000003
856	0.16846100000000003
857	0.16846100000000003
858	0.16846100000000003
859	0.16846100000000003
860	0.16846100000000003
861	0.16846100000000003
862	0.16846100000000003
863	0.16846100000000003
864	0.16846100000000003
865	0.16846100000000003
866	0.16846100000000003
867	0.16846100000000003
868	0.16846100000000003
869	0.16846100000000003
870	0.16846100000000003
871	0.16846100000000003
872	0.16846100000000003
873	0.16846100000000003
874	0.16846100000000003
875	0.16846100000000003
876	0.16846100000000003
877	0.16846100000000003
878	0.16846100000000003
879	0.16846100000000003
880	0.16846100000000003
881	0.16846100000000003
882	0.16846100000000003
883	0.16846100000000003
884	0.16846100000000003
885	0.16846100000000003
886	0.16846100000000003
887	0.16846100000000003
888	0.16846100000000003
889	0.16846100000000003
890	0.16846100000000003
891	0.16846100000000003
892	0.16846100000000003
893	0.16846100000000003
894	0.16846100000000003
895	0.16846100000000003
896	0.16846100000000003
897	0.16846100000000003
898	0.16846100000000003
899	0.16846100000000003
900	0.16846100000000003
901	0.16846100000000003
902	0.16846100000000003
903	0.16846100000000003
904	0.16846100000000003
905	0.16846100000000003
906	0.16846100000000003
907	0.16846100000000003
908	0.16846100000000003
909	0.16846100000000003
910	0.16846100000000003
911	0.16846100000000003
912	0.16846100000000003
913	0.16846100000000003
914	0.16846100000000003
915	0.16846100000000003
916	0.16846100000000003
917	0.16846100000000003
918	0.16846100000000003
919	0.16846100000000003
920	0.16846100000000003
921	0.16846100000000003
922	0.16846100000000003
923	0.16846100000000003
924	0.16846100000000003
925	0.16846100000000003
926	0.16846100000000003
927	0.16846100000000003
928	0.16846100000000003
929	0.16846100000000003
930	0.16846100000000003
931	0.16846100000000003
932	0.16846100000000003
933	0.16846100000000003
934	0.16846100000000003
935	0.16846100000000003
936	0.16846100000000003
937	0.16846100000000003
938	0.16846100000000003
939	0.16846100000000003
940	0.16846100000000003
941	0.16846100000000003
942	0.16846100000000003
943	0.16846100000000003
944	0.16846100000000003
945	0.16846100000000003
946	0.16846100000000003
947	0.16846100000000003
948	0.16846100000000003
949	0.16846100000000003
950	0.16846100000000003
951	0.16846100000000003
952	0.16846100000000003
953	0.16846100000000003
954	0.16846100000000003
955	0.16846100000000003
956	0.16846100000000003
957	0.16846100000000003
958	0.16846100000000003
959	0.16846100000000003
960	0.16846100000000003
961	0.16846100000000003
962	0.16846100000000003
963	0.16846100000000003
964	0.16846100000000003
965	0.16846100000000003
966	0.16846100000000003
967	0.16846100000000003
968	0.16846100000000003
969	0.16846100000000003
970	0.16846100000000003
971	0.16846100000000003
972	0.16846100000000003
973	0.16846100000000003
974	0.16846100000000003
975	0.16846100000000003
976	0.16846100000000003
977	0.16846100000000003
978	0.16846100000000003
979	0.16846100000000003
980	0.16846100000000003
981	0.16846100000000003
982	0.16846100000000003
983	0.16846100000000003
984	0.16846100000000003
985	0.16846100000000003
986	0.16846100000000003
987	0.16846100000000003
988	0.16846100000000003
989	0.16846100000000003
990	0.16846100000000003
991	0.16846100000000003
992	0.16846100000000003
993	0.16846100000000003
994	0.16846100000000003
995	0.16846100000000003
996	0.16846100000000003
997	0.16846100000000003
998	0.16846100000000003
999	0.16846100000000003
1000	0.16846100000000003
minimum found: [0.59, 0.35], 0.16846100000000003

