MINIMIZING ROSENBROCK'S SADDLE (1000 gens, binary)
ROSENBROCK'S SADDLE
1000
binary
Gen #	minima
1	2.9431250000000033
2	2.9431250000000033
3	2.9431250000000033
4	2.9431250000000033
5	2.9431250000000033
6	2.9431250000000033
7	0.4981250000000001
8	0.4981250000000001
9	0.4981250000000001
10	0.44993600000000006
11	0.4387359999999999
12	0.4387359999999999
13	0.4387359999999999
14	0.09812500000000164
15	0.053125000000001
16	0.053125000000001
17	0.053125000000001
18	0.053125000000001
19	0.053125000000001
20	0.019615999999999984
21	0.019615999999999984
22	0.019615999999999984
23	0.019615999999999984
24	0.019615999999999984
25	0.019615999999999984
26	0.019615999999999984
27	0.019615999999999984
28	0.019615999999999984
29	0.019615999999999984
30	0.019615999999999984
31	0.019615999999999984
32	0.019615999999999984
33	0.019615999999999984
34	0.019615999999999984
35	0.019615999999999984
36	0.019615999999999984
37	0.019615999999999984
38	0.019615999999999984
39	0.019615999999999984
40	0.019615999999999984
41	0.019615999999999984
42	0.019615999999999984
43	0.019615999999999984
44	0.019615999999999984
45	0.019615999999999984
46	0.019615999999999984
47	0.019615999999999984
48	0.019615999999999984
49	0.019615999999999984
50	0.019615999999999984
51	0.019615999999999984
52	0.019615999999999984
53	0.019615999999999984
54	0.019615999999999984
55	0.019615999999999984
56	0.019615999999999984
57	0.019615999999999984
58	0.019615999999999984
59	0.019615999999999984
60	0.019615999999999984
61	0.019615999999999984
62	0.019615999999999984
63	0.019615999999999984
64	0.019615999999999984
65	0.019615999999999984
66	0.019615999999999984
67	0.019615999999999984
68	0.019615999999999984
69	0.019615999999999984
70	0.019615999999999984
71	0.019615999999999984
72	0.019615999999999984
73	0.019615999999999984
74	0.019615999999999984
75	0.019615999999999984
76	0.019615999999999984
77	0.019615999999999984
78	0.019615999999999984
79	0.019615999999999984
80	0.019615999999999984
81	0.019615999999999984
82	0.019615999999999984
83	0.019615999999999984
84	0.019615999999999984
85	0.019615999999999984
86	0.019615999999999984
87	0.019615999999999984
88	0.019615999999999984
89	0.019615999999999984
90	0.019615999999999984
91	0.019615999999999984
92	0.019615999999999984
93	0.019615999999999984
94	0.019615999999999984
95	0.019615999999999984
96	0.019615999999999984
97	0.019615999999999984
98	0.019615999999999984
99	0.019615999999999984
100	0.019615999999999984
101	0.019615999999999984
102	0.019615999999999984
103	0.019615999999999984
104	0.019615999999999984
105	0.019615999999999984
106	0.019615999999999984
107	0.019615999999999984
108	0.019615999999999984
109	0.019615999999999984
110	0.019615999999999984
111	0.019615999999999984
112	0.019615999999999984
113	0.019615999999999984
114	0.019615999999999984
115	0.019615999999999984
116	0.019615999999999984
117	0.019615999999999984
118	0.019615999999999984
119	0.019615999999999984
120	0.019615999999999984
121	0.019615999999999984
122	0.019615999999999984
123	0.019615999999999984
124	0.019615999999999984
125	0.019615999999999984
126	0.019615999999999984
127	0.019615999999999984
128	0.019615999999999984
129	0.019615999999999984
130	0.019615999999999984
131	0.019615999999999984
132	0.019615999999999984
133	0.019615999999999984
134	0.019615999999999984
135	0.019615999999999984
136	0.019615999999999984
137	0.019615999999999984
138	0.019615999999999984
139	0.019615999999999984
140	0.019615999999999984
141	0.019615999999999984
142	0.019615999999999984
143	0.019615999999999984
144	0.019615999999999984
145	0.019615999999999984
146	0.019615999999999984
147	0.019615999999999984
148	0.019615999999999984
149	0.019615999999999984
150	0.019615999999999984
151	0.019615999999999984
152	0.019615999999999984
153	0.019615999999999984
154	0.019615999999999984
155	0.019615999999999984
156	0.019615999999999984
157	0.019615999999999984
158	0.019615999999999984
159	0.019615999999999984
160	0.019615999999999984
161	0.019615999999999984
162	0.019615999999999984
163	0.019615999999999984
164	0.019615999999999984
165	0.019615999999999984
166	0.019615999999999984
167	0.019615999999999984
168	0.019615999999999984
169	0.019615999999999984
170	0.019615999999999984
171	0.019615999999999984
172	0.019615999999999984
173	0.019615999999999984
174	0.019615999999999984
175	0.019615999999999984
176	0.019615999999999984
177	0.019615999999999984
178	0.019615999999999984
179	0.019615999999999984
180	0.019615999999999984
181	0.019615999999999984
182	0.019615999999999984
183	0.019615999999999984
184	0.019615999999999984
185	0.019615999999999984
186	0.019615999999999984
187	0.019615999999999984
188	0.019615999999999984
189	0.019615999999999984
190	0.019615999999999984
191	0.019615999999999984
192	0.019615999999999984
193	0.019615999999999984
194	0.019615999999999984
195	0.019615999999999984
196	0.019615999999999984
197	0.019615999999999984
198	0.019615999999999984
199	0.019615999999999984
200	0.019615999999999984
201	0.019615999999999984
202	0.019615999999999984
203	0.019615999999999984
204	0.019615999999999984
205	0.019615999999999984
206	0.019615999999999984
207	0.019615999999999984
208	0.019615999999999984
209	0.019615999999999984
210	0.019615999999999984
211	0.019615999999999984
212	0.019615999999999984
213	0.019615999999999984
214	0.019615999999999984
215	0.019615999999999984
216	0.019615999999999984
217	0.019615999999999984
218	0.019615999999999984
219	0.019615999999999984
220	0.019615999999999984
221	0.019615999999999984
222	0.019615999999999984
223	0.019615999999999984
224	0.019615999999999984
225	0.019615999999999984
226	0.019615999999999984
227	0.019615999999999984
228	0.019615999999999984
229	0.019615999999999984
230	0.019615999999999984
231	0.019615999999999984
232	0.019615999999999984
233	0.019615999999999984
234	0.019615999999999984
235	0.019615999999999984
236	0.019615999999999984
237	0.019615999999999984
238	0.019615999999999984
239	0.019615999999999984
240	0.019615999999999984
241	0.019615999999999984
242	0.019615999999999984
243	0.019615999999999984
244	0.019615999999999984
245	0.019615999999999984
246	0.019615999999999984
247	0.019615999999999984
248	0.019615999999999984
249	0.019615999999999984
250	0.019615999999999984
251	0.019615999999999984
252	0.019615999999999984
253	0.019615999999999984
254	0.019615999999999984
255	0.019615999999999984
256	0.019615999999999984
257	0.019615999999999984
258	0.019615999999999984
259	0.019615999999999984
260	0.019615999999999984
261	0.019615999999999984
262	0.019615999999999984
263	0.019615999999999984
264	0.019615999999999984
265	0.019615999999999984
266	0.019615999999999984
267	0.019615999999999984
268	0.019615999999999984
269	0.019615999999999984
270	0.019615999999999984
271	0.019615999999999984
272	0.019615999999999984
273	0.019615999999999984
274	0.019615999999999984
275	0.019615999999999984
276	0.019615999999999984
277	0.019615999999999984
278	0.019615999999999984
279	0.019615999999999984
280	0.019615999999999984
281	0.019615999999999984
282	0.019615999999999984
283	0.019615999999999984
284	0.019615999999999984
285	0.019615999999999984
286	0.019615999999999984
287	0.019615999999999984
288	0.019615999999999984
289	0.019615999999999984
290	0.019615999999999984
291	0.019615999999999984
292	0.019615999999999984
293	0.019615999999999984
294	0.019615999999999984
295	0.019615999999999984
296	0.019615999999999984
297	0.019615999999999984
298	0.019615999999999984
299	0.019615999999999984
300	0.019615999999999984
301	0.019615999999999984
302	0.019615999999999984
303	0.019615999999999984
304	0.019615999999999984
305	0.019615999999999984
306	0.019615999999999984
307	0.019615999999999984
308	0.019615999999999984
309	0.019615999999999984
310	0.019615999999999984
311	0.019615999999999984
312	0.019615999999999984
313	0.019615999999999984
314	0.019615999999999984
315	0.019615999999999984
316	0.019615999999999984
317	0.019615999999999984
318	0.019615999999999984
319	0.019615999999999984
320	0.019615999999999984
321	0.019615999999999984
322	0.019615999999999984
323	0.019615999999999984
324	0.019615999999999984
325	0.019615999999999984
326	0.019615999999999984
327	0.019615999999999984
328	0.019615999999999984
329	0.019615999999999984
330	0.019615999999999984
331	0.019615999999999984
332	0.019615999999999984
333	0.019615999999999984
334	0.019615999999999984
335	0.019615999999999984
336	0.019615999999999984
337	0.019615999999999984
338	0.019615999999999984
339	0.019615999999999984
340	0.019615999999999984
341	0.019615999999999984
342	0.019615999999999984
343	0.019615999999999984
344	0.019615999999999984
345	0.019615999999999984
346	0.019615999999999984
347	0.019615999999999984
348	0.019615999999999984
349	0.019615999999999984
350	0.019615999999999984
351	0.019615999999999984
352	0.019615999999999984
353	0.019615999999999984
354	0.019615999999999984
355	0.019615999999999984
356	0.019615999999999984
357	0.019615999999999984
358	0.019615999999999984
359	0.019615999999999984
360	0.019615999999999984
361	0.019615999999999984
362	0.019615999999999984
363	0.019615999999999984
364	0.019615999999999984
365	0.019615999999999984
366	0.019615999999999984
367	0.019615999999999984
368	0.019615999999999984
369	0.019615999999999984
370	0.019615999999999984
371	0.019615999999999984
372	0.019615999999999984
373	0.019615999999999984
374	0.019615999999999984
375	0.019615999999999984
376	0.019615999999999984
377	0.019615999999999984
378	0.019615999999999984
379	0.019615999999999984
380	0.019615999999999984
381	0.019615999999999984
382	0.019615999999999984
383	0.019615999999999984
384	0.019615999999999984
385	0.019615999999999984
386	0.019615999999999984
387	0.019615999999999984
388	0.019615999999999984
389	0.019615999999999984
390	0.019615999999999984
391	0.019615999999999984
392	0.019615999999999984
393	0.019615999999999984
394	0.019615999999999984
395	0.019615999999999984
396	0.019615999999999984
397	0.019615999999999984
398	0.019615999999999984
399	0.019615999999999984
400	0.019615999999999984
401	0.019615999999999984
402	0.019615999999999984
403	0.019615999999999984
404	0.019615999999999984
405	0.019615999999999984
406	0.019615999999999984
407	0.019615999999999984
408	0.019615999999999984
409	0.019615999999999984
410	0.019615999999999984
411	0.019615999999999984
412	0.019615999999999984
413	0.019615999999999984
414	0.019615999999999984
415	0.019615999999999984
416	0.019615999999999984
417	0.019615999999999984
418	0.019615999999999984
419	0.019615999999999984
420	0.019615999999999984
421	0.019615999999999984
422	0.019615999999999984
423	0.019615999999999984
424	0.019615999999999984
425	0.019615999999999984
426	0.019615999999999984
427	0.019615999999999984
428	0.019615999999999984
429	0.019615999999999984
430	0.019615999999999984
431	0.019615999999999984
432	0.019615999999999984
433	0.019615999999999984
434	0.019615999999999984
435	0.019615999999999984
436	0.019615999999999984
437	0.019615999999999984
438	0.019615999999999984
439	0.019615999999999984
440	0.019615999999999984
441	0.019615999999999984
442	0.019615999999999984
443	0.019615999999999984
444	0.019615999999999984
445	0.019615999999999984
446	0.019615999999999984
447	0.019615999999999984
448	0.019615999999999984
449	0.019615999999999984
450	0.019615999999999984
451	0.019615999999999984
452	0.019615999999999984
453	0.019615999999999984
454	0.019615999999999984
455	0.019615999999999984
456	0.019615999999999984
457	0.019615999999999984
458	0.019615999999999984
459	0.019615999999999984
460	0.019615999999999984
461	0.019615999999999984
462	0.019615999999999984
463	0.019615999999999984
464	0.019615999999999984
465	0.019615999999999984
466	0.019615999999999984
467	0.019615999999999984
468	0.019615999999999984
469	0.019615999999999984
470	0.019615999999999984
471	0.019615999999999984
472	0.019615999999999984
473	0.019615999999999984
474	0.019615999999999984
475	0.019615999999999984
476	0.019615999999999984
477	0.019615999999999984
478	0.019615999999999984
479	0.019615999999999984
480	0.019615999999999984
481	0.019615999999999984
482	0.019615999999999984
483	0.019615999999999984
484	0.019615999999999984
485	0.019615999999999984
486	0.019615999999999984
487	0.019615999999999984
488	0.019615999999999984
489	0.019615999999999984
490	0.019615999999999984
491	0.019615999999999984
492	0.019615999999999984
493	0.019615999999999984
494	0.019615999999999984
495	0.019615999999999984
496	0.019615999999999984
497	0.019615999999999984
498	0.019615999999999984
499	0.019615999999999984
500	0.019615999999999984
501	0.019615999999999984
502	0.019615999999999984
503	0.019615999999999984
504	0.019615999999999984
505	0.019615999999999984
506	0.019615999999999984
507	0.019615999999999984
508	0.019615999999999984
509	0.019615999999999984
510	0.019615999999999984
511	0.019615999999999984
512	0.019615999999999984
513	0.019615999999999984
514	0.019615999999999984
515	0.019615999999999984
516	0.019615999999999984
517	0.019615999999999984
518	0.019615999999999984
519	0.019615999999999984
520	0.019615999999999984
521	0.019615999999999984
522	0.019615999999999984
523	0.019615999999999984
524	0.019615999999999984
525	0.019615999999999984
526	0.019615999999999984
527	0.019615999999999984
528	0.019615999999999984
529	0.019615999999999984
530	0.019615999999999984
531	0.019615999999999984
532	0.019615999999999984
533	0.019615999999999984
534	0.019615999999999984
535	0.019615999999999984
536	0.019615999999999984
537	0.019615999999999984
538	0.019615999999999984
539	0.019615999999999984
540	0.019615999999999984
541	0.019615999999999984
542	0.019615999999999984
543	0.019615999999999984
544	0.019615999999999984
545	0.019615999999999984
546	0.019615999999999984
547	0.019615999999999984
548	0.019615999999999984
549	0.019615999999999984
550	0.019615999999999984
551	0.019615999999999984
552	0.019615999999999984
553	0.019615999999999984
554	0.019615999999999984
555	0.019615999999999984
556	0.019615999999999984
557	0.019615999999999984
558	0.019615999999999984
559	0.019615999999999984
560	0.019615999999999984
561	0.019615999999999984
562	0.019615999999999984
563	0.019615999999999984
564	0.019615999999999984
565	0.019615999999999984
566	0.019615999999999984
567	0.019615999999999984
568	0.019615999999999984
569	0.019615999999999984
570	0.019615999999999984
571	0.019615999999999984
572	0.019615999999999984
573	0.019615999999999984
574	0.019615999999999984
575	0.019615999999999984
576	0.019615999999999984
577	0.019615999999999984
578	0.019615999999999984
579	0.019615999999999984
580	0.019615999999999984
581	0.019615999999999984
582	0.019615999999999984
583	0.019615999999999984
584	0.019615999999999984
585	0.019615999999999984
586	0.019615999999999984
587	0.019615999999999984
588	0.019615999999999984
589	0.019615999999999984
590	0.019615999999999984
591	0.019615999999999984
592	0.019615999999999984
593	0.019615999999999984
594	0.019615999999999984
595	0.019615999999999984
596	0.019615999999999984
597	0.019615999999999984
598	0.019615999999999984
599	0.019615999999999984
600	0.019615999999999984
601	0.019615999999999984
602	0.019615999999999984
603	0.019615999999999984
604	0.019615999999999984
605	0.019615999999999984
606	0.019615999999999984
607	0.019615999999999984
608	0.019615999999999984
609	0.019615999999999984
610	0.019615999999999984
611	0.019615999999999984
612	0.019615999999999984
613	0.019615999999999984
614	0.019615999999999984
615	0.019615999999999984
616	0.019615999999999984
617	0.019615999999999984
618	0.019615999999999984
619	0.019615999999999984
620	0.019615999999999984
621	0.019615999999999984
622	0.019615999999999984
623	0.019615999999999984
624	0.019615999999999984
625	0.019615999999999984
626	0.019615999999999984
627	0.019615999999999984
628	0.019615999999999984
629	0.019615999999999984
630	0.019615999999999984
631	0.019615999999999984
632	0.019615999999999984
633	0.019615999999999984
634	0.019615999999999984
635	0.019615999999999984
636	0.019615999999999984
637	0.019615999999999984
638	0.019615999999999984
639	0.019615999999999984
640	0.019615999999999984
641	0.019615999999999984
642	0.019615999999999984
643	0.019615999999999984
644	0.019615999999999984
645	0.019615999999999984
646	0.019615999999999984
647	0.019615999999999984
648	0.019615999999999984
649	0.019615999999999984
650	0.019615999999999984
651	0.019615999999999984
652	0.019615999999999984
653	0.019615999999999984
654	0.019615999999999984
655	0.019615999999999984
656	0.019615999999999984
657	0.019615999999999984
658	0.019615999999999984
659	0.019615999999999984
660	0.019615999999999984
661	0.019615999999999984
662	0.019615999999999984
663	0.019615999999999984
664	0.019615999999999984
665	0.019615999999999984
666	0.019615999999999984
667	0.019615999999999984
668	0.019615999999999984
669	0.019615999999999984
670	0.019615999999999984
671	0.019615999999999984
672	0.019615999999999984
673	0.019615999999999984
674	0.019615999999999984
675	0.019615999999999984
676	0.019615999999999984
677	0.019615999999999984
678	0.019615999999999984
679	0.019615999999999984
680	0.019615999999999984
681	0.019615999999999984
682	0.019615999999999984
683	0.019615999999999984
684	0.019615999999999984
685	0.019615999999999984
686	0.019615999999999984
687	0.019615999999999984
688	0.019615999999999984
689	0.019615999999999984
690	0.019615999999999984
691	0.019615999999999984
692	0.019615999999999984
693	0.019615999999999984
694	0.019615999999999984
695	0.019615999999999984
696	0.019615999999999984
697	0.019615999999999984
698	0.019615999999999984
699	0.019615999999999984
700	0.019615999999999984
701	0.019615999999999984
702	0.019615999999999984
703	0.019615999999999984
704	0.019615999999999984
705	0.019615999999999984
706	0.019615999999999984
707	0.019615999999999984
708	0.019615999999999984
709	0.019615999999999984
710	0.019615999999999984
711	0.019615999999999984
712	0.019615999999999984
713	0.019615999999999984
714	0.019615999999999984
715	0.019615999999999984
716	0.019615999999999984
717	0.019615999999999984
718	0.019615999999999984
719	0.019615999999999984
720	0.019615999999999984
721	0.019615999999999984
722	0.019615999999999984
723	0.019615999999999984
724	0.019615999999999984
725	0.019615999999999984
726	0.019615999999999984
727	0.019615999999999984
728	0.019615999999999984
729	0.019615999999999984
730	0.019615999999999984
731	0.019615999999999984
732	0.019615999999999984
733	0.019615999999999984
734	0.019615999999999984
735	0.019615999999999984
736	0.019615999999999984
737	0.019615999999999984
738	0.019615999999999984
739	0.019615999999999984
740	0.019615999999999984
741	0.019615999999999984
742	0.019615999999999984
743	0.019615999999999984
744	0.019615999999999984
745	0.019615999999999984
746	0.019615999999999984
747	0.019615999999999984
748	0.019615999999999984
749	0.019615999999999984
750	0.019615999999999984
751	0.019615999999999984
752	0.019615999999999984
753	0.019615999999999984
754	0.019615999999999984
755	0.019615999999999984
756	0.019615999999999984
757	0.019615999999999984
758	0.019615999999999984
759	0.019615999999999984
760	0.019615999999999984
761	0.019615999999999984
762	0.019615999999999984
763	0.019615999999999984
764	0.019615999999999984
765	0.019615999999999984
766	0.019615999999999984
767	0.019615999999999984
768	0.019615999999999984
769	0.019615999999999984
770	0.019615999999999984
771	0.019615999999999984
772	0.019615999999999984
773	0.019615999999999984
774	0.019615999999999984
775	0.019615999999999984
776	0.019615999999999984
777	0.019615999999999984
778	0.019615999999999984
779	0.019615999999999984
780	0.019615999999999984
781	0.019615999999999984
782	0.019615999999999984
783	0.019615999999999984
784	0.019615999999999984
785	0.019615999999999984
786	0.019615999999999984
787	0.019615999999999984
788	0.019615999999999984
789	0.019615999999999984
790	0.019615999999999984
791	0.019615999999999984
792	0.019615999999999984
793	0.019615999999999984
794	0.019615999999999984
795	0.019615999999999984
796	0.019615999999999984
797	0.019615999999999984
798	0.019615999999999984
799	0.019615999999999984
800	0.019615999999999984
801	0.019615999999999984
802	0.019615999999999984
803	0.019615999999999984
804	0.019615999999999984
805	0.019615999999999984
806	0.019615999999999984
807	0.019615999999999984
808	0.019615999999999984
809	0.019615999999999984
810	0.019615999999999984
811	0.019615999999999984
812	0.019615999999999984
813	0.019615999999999984
814	0.019615999999999984
815	0.019615999999999984
816	0.019615999999999984
817	0.019615999999999984
818	0.019615999999999984
819	0.019615999999999984
820	0.019615999999999984
821	0.019615999999999984
822	0.019615999999999984
823	0.019615999999999984
824	0.019615999999999984
825	0.019615999999999984
826	0.019615999999999984
827	0.019615999999999984
828	0.019615999999999984
829	0.019615999999999984
830	0.019615999999999984
831	0.019615999999999984
832	0.019615999999999984
833	0.019615999999999984
834	0.019615999999999984
835	0.019615999999999984
836	0.019615999999999984
837	0.019615999999999984
838	0.019615999999999984
839	0.019615999999999984
840	0.019615999999999984
841	0.019615999999999984
842	0.019615999999999984
843	0.019615999999999984
844	0.019615999999999984
845	0.019615999999999984
846	0.019615999999999984
847	0.019615999999999984
848	0.019615999999999984
849	0.019615999999999984
850	0.019615999999999984
851	0.019615999999999984
852	0.019615999999999984
853	0.019615999999999984
854	0.019615999999999984
855	0.019615999999999984
856	0.019615999999999984
857	0.019615999999999984
858	0.019615999999999984
859	0.019615999999999984
860	0.019615999999999984
861	0.019615999999999984
862	0.019615999999999984
863	0.019615999999999984
864	0.019615999999999984
865	0.019615999999999984
866	0.019615999999999984
867	0.019615999999999984
868	0.019615999999999984
869	0.019615999999999984
870	0.019615999999999984
871	0.019615999999999984
872	0.019615999999999984
873	0.019615999999999984
874	0.019615999999999984
875	0.019615999999999984
876	0.019615999999999984
877	0.019615999999999984
878	0.019615999999999984
879	0.019615999999999984
880	0.019615999999999984
881	0.019615999999999984
882	0.019615999999999984
883	0.019615999999999984
884	0.019615999999999984
885	0.019615999999999984
886	0.019615999999999984
887	0.019615999999999984
888	0.019615999999999984
889	0.019615999999999984
890	0.019615999999999984
891	0.019615999999999984
892	0.019615999999999984
893	0.019615999999999984
894	0.019615999999999984
895	0.019615999999999984
896	0.019615999999999984
897	0.019615999999999984
898	0.019615999999999984
899	0.019615999999999984
900	0.019615999999999984
901	0.019615999999999984
902	0.019615999999999984
903	0.019615999999999984
904	0.019615999999999984
905	0.019615999999999984
906	0.019615999999999984
907	0.019615999999999984
908	0.019615999999999984
909	0.019615999999999984
910	0.019615999999999984
911	0.019615999999999984
912	0.019615999999999984
913	0.019615999999999984
914	0.019615999999999984
915	0.019615999999999984
916	0.019615999999999984
917	0.019615999999999984
918	0.019615999999999984
919	0.019615999999999984
920	0.019615999999999984
921	0.019615999999999984
922	0.019615999999999984
923	0.019615999999999984
924	0.019615999999999984
925	0.019615999999999984
926	0.019615999999999984
927	0.019615999999999984
928	0.019615999999999984
929	0.019615999999999984
930	0.019615999999999984
931	0.019615999999999984
932	0.019615999999999984
933	0.019615999999999984
934	0.019615999999999984
935	0.019615999999999984
936	0.019615999999999984
937	0.019615999999999984
938	0.019615999999999984
939	0.019615999999999984
940	0.019615999999999984
941	0.019615999999999984
942	0.019615999999999984
943	0.019615999999999984
944	0.019615999999999984
945	0.019615999999999984
946	0.019615999999999984
947	0.019615999999999984
948	0.019615999999999984
949	0.019615999999999984
950	0.019615999999999984
951	0.019615999999999984
952	0.019615999999999984
953	0.019615999999999984
954	0.019615999999999984
955	0.019615999999999984
956	0.019615999999999984
957	0.019615999999999984
958	0.019615999999999984
959	0.019615999999999984
960	0.019615999999999984
961	0.019615999999999984
962	0.019615999999999984
963	0.019615999999999984
964	0.019615999999999984
965	0.019615999999999984
966	0.019615999999999984
967	0.019615999999999984
968	0.019615999999999984
969	0.019615999999999984
970	0.019615999999999984
971	0.019615999999999984
972	0.019615999999999984
973	0.019615999999999984
974	0.019615999999999984
975	0.019615999999999984
976	0.019615999999999984
977	0.019615999999999984
978	0.019615999999999984
979	0.019615999999999984
980	0.019615999999999984
981	0.019615999999999984
982	0.019615999999999984
983	0.019615999999999984
984	0.019615999999999984
985	0.019615999999999984
986	0.019615999999999984
987	0.019615999999999984
988	0.019615999999999984
989	0.019615999999999984
990	0.019615999999999984
991	0.019615999999999984
992	0.019615999999999984
993	0.019615999999999984
994	0.019615999999999984
995	0.019615999999999984
996	0.019615999999999984
997	0.019615999999999984
998	0.019615999999999984
999	0.019615999999999984
1000	0.019615999999999984
minimum found: [1.14, 1.3], 0.019615999999999984

