MINIMIZING ROSENBROCK'S SADDLE (1000 gens, gray)
ROSENBROCK'S SADDLE
1000
gray
Gen #	minima
1	16.85161600000001
2	3.2800000000000007
3	1.596736
4	1.596736
5	1.596736
6	0.8399360000000013
7	0.8399360000000013
8	0.8399360000000013
9	0.8399360000000013
10	0.0031249999999999776
11	0.0031249999999999776
12	0.0031249999999999776
13	0.0031249999999999776
14	0.0031249999999999776
15	0.0031249999999999776
16	0.0031249999999999776
17	0.0031249999999999776
18	0.0031249999999999776
19	0.0031249999999999776
20	0.0031249999999999776
21	0.0031249999999999776
22	0.0031249999999999776
23	0.0031249999999999776
24	0.0031249999999999776
25	0.0031249999999999776
26	0.0031249999999999776
27	0.0031249999999999776
28	0.0031249999999999776
29	0.0031249999999999776
30	0.0031249999999999776
31	0.0031249999999999776
32	0.0031249999999999776
33	0.0031249999999999776
34	0.0031249999999999776
35	0.0031249999999999776
36	0.0031249999999999776
37	0.0031249999999999776
38	0.0031249999999999776
39	0.0031249999999999776
40	0.0031249999999999776
41	0.0031249999999999776
42	0.0031249999999999776
43	0.0031249999999999776
44	0.0031249999999999776
45	0.0031249999999999776
46	0.0031249999999999776
47	0.0031249999999999776
48	0.0031249999999999776
49	0.0031249999999999776
50	0.0031249999999999776
51	0.0031249999999999776
52	0.0031249999999999776
53	0.0031249999999999776
54	0.0031249999999999776
55	0.0031249999999999776
56	0.0031249999999999776
57	0.0031249999999999776
58	0.0031249999999999776
59	0.0031249999999999776
60	0.0031249999999999776
61	0.0031249999999999776
62	0.0031249999999999776
63	0.0031249999999999776
64	0.0031249999999999776
65	0.0031249999999999776
66	0.0031249999999999776
67	0.0031249999999999776
68	0.0031249999999999776
69	0.0031249999999999776
70	0.0031249999999999776
71	0.0031249999999999776
72	0.0031249999999999776
73	0.0031249999999999776
74	0.0031249999999999776
75	0.0031249999999999776
76	0.0031249999999999776
77	0.0031249999999999776
78	0.0031249999999999776
79	0.0031249999999999776
80	0.0031249999999999776
81	0.0031249999999999776
82	0.0031249999999999776
83	0.0031249999999999776
84	0.0031249999999999776
85	0.0031249999999999776
86	0.0031249999999999776
87	0.0031249999999999776
88	0.0031249999999999776
89	0.0031249999999999776
90	0.0031249999999999776
91	0.0031249999999999776
92	0.0031249999999999776
93	0.0031249999999999776
94	0.0031249999999999776
95	0.0031249999999999776
96	0.0031249999999999776
97	0.0031249999999999776
98	0.0031249999999999776
99	0.0031249999999999776
100	0.0031249999999999776
101	0.0031249999999999776
102	0.0031249999999999776
103	0.0031249999999999776
104	0.0031249999999999776
105	0.0031249999999999776
106	0.0031249999999999776
107	0.0031249999999999776
108	0.0031249999999999776
109	0.0031249999999999776
110	0.0031249999999999776
111	0.0031249999999999776
112	0.0031249999999999776
113	0.0031249999999999776
114	0.0031249999999999776
115	0.0031249999999999776
116	0.0031249999999999776
117	0.0031249999999999776
118	0.0031249999999999776
119	0.0031249999999999776
120	0.0031249999999999776
121	0.0031249999999999776
122	0.0031249999999999776
123	0.0031249999999999776
124	0.0031249999999999776
125	0.0031249999999999776
126	0.0031249999999999776
127	0.0031249999999999776
128	0.0031249999999999776
129	0.0031249999999999776
130	0.0031249999999999776
131	0.0031249999999999776
132	0.0031249999999999776
133	0.0031249999999999776
134	0.0031249999999999776
135	0.0031249999999999776
136	0.0031249999999999776
137	0.0031249999999999776
138	0.0031249999999999776
139	0.0031249999999999776
140	0.0031249999999999776
141	0.0031249999999999776
142	0.0031249999999999776
143	0.0031249999999999776
144	0.0031249999999999776
145	0.0031249999999999776
146	0.0031249999999999776
147	0.0031249999999999776
148	0.0031249999999999776
149	0.0031249999999999776
150	0.0031249999999999776
151	0.0031249999999999776
152	0.0031249999999999776
153	0.0031249999999999776
154	0.0031249999999999776
155	0.0031249999999999776
156	0.0031249999999999776
157	0.0031249999999999776
158	0.0031249999999999776
159	0.0031249999999999776
160	0.0031249999999999776
161	0.0031249999999999776
162	0.0031249999999999776
163	0.0031249999999999776
164	0.0031249999999999776
165	0.0031249999999999776
166	0.0031249999999999776
167	0.0031249999999999776
168	0.0031249999999999776
169	0.0031249999999999776
170	0.0031249999999999776
171	0.0031249999999999776
172	0.0031249999999999776
173	0.0031249999999999776
174	0.0031249999999999776
175	0.0031249999999999776
176	0.0031249999999999776
177	0.0031249999999999776
178	0.0031249999999999776
179	0.0031249999999999776
180	0.0031249999999999776
181	0.0031249999999999776
182	0.0031249999999999776
183	0.0031249999999999776
184	0.0031249999999999776
185	0.0031249999999999776
186	0.0031249999999999776
187	0.0031249999999999776
188	0.0031249999999999776
189	0.0031249999999999776
190	0.0031249999999999776
191	0.0031249999999999776
192	0.0031249999999999776
193	0.0031249999999999776
194	0.0031249999999999776
195	0.0031249999999999776
196	0.0031249999999999776
197	0.0031249999999999776
198	0.0031249999999999776
199	0.0031249999999999776
200	0.0031249999999999776
201	0.0031249999999999776
202	0.0031249999999999776
203	0.0031249999999999776
204	0.0031249999999999776
205	0.0031249999999999776
206	0.0031249999999999776
207	0.0031249999999999776
208	0.0031249999999999776
209	0.0031249999999999776
210	0.0031249999999999776
211	0.0031249999999999776
212	0.0031249999999999776
213	0.0031249999999999776
214	0.0031249999999999776
215	0.0031249999999999776
216	0.0031249999999999776
217	0.0031249999999999776
218	0.0031249999999999776
219	0.0031249999999999776
220	0.0031249999999999776
221	0.0031249999999999776
222	0.0031249999999999776
223	0.0031249999999999776
224	0.0031249999999999776
225	0.0031249999999999776
226	0.0031249999999999776
227	0.0031249999999999776
228	0.0031249999999999776
229	0.0031249999999999776
230	0.0031249999999999776
231	0.0031249999999999776
232	0.0031249999999999776
233	0.0031249999999999776
234	0.0031249999999999776
235	0.0031249999999999776
236	0.0031249999999999776
237	0.0031249999999999776
238	0.0031249999999999776
239	0.0031249999999999776
240	0.0031249999999999776
241	0.0031249999999999776
242	0.0031249999999999776
243	0.0031249999999999776
244	0.0031249999999999776
245	0.0031249999999999776
246	0.0031249999999999776
247	0.0031249999999999776
248	0.0031249999999999776
249	0.0031249999999999776
250	0.0031249999999999776
251	0.0031249999999999776
252	0.0031249999999999776
253	0.0031249999999999776
254	0.0031249999999999776
255	0.0031249999999999776
256	0.0031249999999999776
257	0.0031249999999999776
258	0.0031249999999999776
259	0.0031249999999999776
260	0.0031249999999999776
261	0.0031249999999999776
262	0.0031249999999999776
263	0.0031249999999999776
264	0.0031249999999999776
265	0.0031249999999999776
266	0.0031249999999999776
267	0.0031249999999999776
268	0.0031249999999999776
269	0.0031249999999999776
270	0.0031249999999999776
271	0.0031249999999999776
272	0.0031249999999999776
273	0.0031249999999999776
274	0.0031249999999999776
275	0.0031249999999999776
276	0.0031249999999999776
277	0.0031249999999999776
278	0.0031249999999999776
279	0.0031249999999999776
280	0.0031249999999999776
281	0.0031249999999999776
282	0.0031249999999999776
283	0.0031249999999999776
284	0.0031249999999999776
285	0.0031249999999999776
286	0.0031249999999999776
287	0.0031249999999999776
288	0.0031249999999999776
289	0.0031249999999999776
290	0.0031249999999999776
291	0.0031249999999999776
292	0.0031249999999999776
293	0.0031249999999999776
294	0.0031249999999999776
295	0.0031249999999999776
296	0.0031249999999999776
297	0.0031249999999999776
298	0.0031249999999999776
299	0.0031249999999999776
300	0.0031249999999999776
301	0.0031249999999999776
302	0.0031249999999999776
303	0.0031249999999999776
304	0.0031249999999999776
305	0.0031249999999999776
306	0.0031249999999999776
307	0.0031249999999999776
308	0.0031249999999999776
309	0.0031249999999999776
310	0.0031249999999999776
311	0.0031249999999999776
312	0.0031249999999999776
313	0.0031249999999999776
314	0.0031249999999999776
315	0.0031249999999999776
316	0.0031249999999999776
317	0.0031249999999999776
318	0.0031249999999999776
319	0.0031249999999999776
320	0.0031249999999999776
321	0.0031249999999999776
322	0.0031249999999999776
323	0.0031249999999999776
324	0.0031249999999999776
325	0.0031249999999999776
326	0.0031249999999999776
327	0.0031249999999999776
328	0.0031249999999999776
329	0.0031249999999999776
330	0.0031249999999999776
331	0.0031249999999999776
332	0.0031249999999999776
333	0.0031249999999999776
334	0.0031249999999999776
335	0.0031249999999999776
336	0.0031249999999999776
337	0.0031249999999999776
338	0.0031249999999999776
339	0.0031249999999999776
340	0.0031249999999999776
341	0.0031249999999999776
342	0.0031249999999999776
343	0.0031249999999999776
344	0.0031249999999999776
345	0.0031249999999999776
346	0.0031249999999999776
347	0.0031249999999999776
348	0.0031249999999999776
349	0.0031249999999999776
350	0.0031249999999999776
351	0.0031249999999999776
352	0.0031249999999999776
353	0.0031249999999999776
354	0.0031249999999999776
355	0.0031249999999999776
356	0.0031249999999999776
357	0.0031249999999999776
358	0.0031249999999999776
359	0.0031249999999999776
360	0.0031249999999999776
361	0.0031249999999999776
362	0.0031249999999999776
363	0.0031249999999999776
364	0.0031249999999999776
365	0.0031249999999999776
366	0.0031249999999999776
367	0.0031249999999999776
368	0.0031249999999999776
369	0.0031249999999999776
370	0.0031249999999999776
371	0.0031249999999999776
372	0.0031249999999999776
373	0.0031249999999999776
374	0.0031249999999999776
375	0.0031249999999999776
376	0.0031249999999999776
377	0.0031249999999999776
378	0.0031249999999999776
379	0.0031249999999999776
380	0.0031249999999999776
381	0.0031249999999999776
382	0.0031249999999999776
383	0.0031249999999999776
384	0.0031249999999999776
385	0.0031249999999999776
386	0.0031249999999999776
387	0.0031249999999999776
388	0.0031249999999999776
389	0.0031249999999999776
390	0.0031249999999999776
391	0.0031249999999999776
392	0.0031249999999999776
393	0.0031249999999999776
394	0.0031249999999999776
395	0.0031249999999999776
396	0.0031249999999999776
397	0.0031249999999999776
398	0.0031249999999999776
399	0.0031249999999999776
400	0.0031249999999999776
401	0.0031249999999999776
402	0.0031249999999999776
403	0.0031249999999999776
404	0.0031249999999999776
405	0.0031249999999999776
406	0.0031249999999999776
407	0.0031249999999999776
408	0.0031249999999999776
409	0.0031249999999999776
410	0.0031249999999999776
411	0.0031249999999999776
412	0.0031249999999999776
413	0.0031249999999999776
414	0.0031249999999999776
415	0.0031249999999999776
416	0.0031249999999999776
417	0.0031249999999999776
418	0.0031249999999999776
419	0.0031249999999999776
420	0.0031249999999999776
421	0.0031249999999999776
422	0.0031249999999999776
423	0.0031249999999999776
424	0.0031249999999999776
425	0.0031249999999999776
426	0.0031249999999999776
427	0.0031249999999999776
428	0.0031249999999999776
429	0.0031249999999999776
430	0.0031249999999999776
431	0.0031249999999999776
432	0.0031249999999999776
433	0.0031249999999999776
434	0.0031249999999999776
435	0.0031249999999999776
436	0.0031249999999999776
437	0.0031249999999999776
438	0.0031249999999999776
439	0.0031249999999999776
440	0.0031249999999999776
441	0.0031249999999999776
442	0.0031249999999999776
443	0.0031249999999999776
444	0.0031249999999999776
445	0.0031249999999999776
446	0.0031249999999999776
447	0.0031249999999999776
448	0.0031249999999999776
449	0.0031249999999999776
450	0.0031249999999999776
451	0.0031249999999999776
452	0.0031249999999999776
453	0.0031249999999999776
454	0.0031249999999999776
455	0.0031249999999999776
456	0.0031249999999999776
457	0.0031249999999999776
458	0.0031249999999999776
459	0.0031249999999999776
460	0.0031249999999999776
461	0.0031249999999999776
462	0.0031249999999999776
463	0.0031249999999999776
464	0.0031249999999999776
465	0.0031249999999999776
466	0.0031249999999999776
467	0.0031249999999999776
468	0.0031249999999999776
469	0.0031249999999999776
470	0.0031249999999999776
471	0.0031249999999999776
472	0.0031249999999999776
473	0.0031249999999999776
474	0.0031249999999999776
475	0.0031249999999999776
476	0.0031249999999999776
477	0.0031249999999999776
478	0.0031249999999999776
479	0.0031249999999999776
480	0.0031249999999999776
481	0.0031249999999999776
482	0.0031249999999999776
483	0.0031249999999999776
484	0.0031249999999999776
485	0.0031249999999999776
486	0.0031249999999999776
487	0.0031249999999999776
488	0.0031249999999999776
489	0.0031249999999999776
490	0.0031249999999999776
491	0.0031249999999999776
492	0.0031249999999999776
493	0.0031249999999999776
494	0.0031249999999999776
495	0.0031249999999999776
496	0.0031249999999999776
497	0.0031249999999999776
498	0.0031249999999999776
499	0.0031249999999999776
500	0.0031249999999999776
501	0.0031249999999999776
502	0.0031249999999999776
503	0.0031249999999999776
504	0.0031249999999999776
505	0.0031249999999999776
506	0.0031249999999999776
507	0.0031249999999999776
508	0.0031249999999999776
509	0.0031249999999999776
510	0.0031249999999999776
511	0.0031249999999999776
512	0.0031249999999999776
513	0.0031249999999999776
514	0.0031249999999999776
515	0.0031249999999999776
516	0.0031249999999999776
517	0.0031249999999999776
518	0.0031249999999999776
519	0.0031249999999999776
520	0.0031249999999999776
521	0.0031249999999999776
522	0.0031249999999999776
523	0.0031249999999999776
524	0.0031249999999999776
525	0.0031249999999999776
526	0.0031249999999999776
527	0.0031249999999999776
528	0.0031249999999999776
529	0.0031249999999999776
530	0.0031249999999999776
531	0.0031249999999999776
532	0.0031249999999999776
533	0.0031249999999999776
534	0.0031249999999999776
535	0.0031249999999999776
536	0.0031249999999999776
537	0.0031249999999999776
538	0.0031249999999999776
539	0.0031249999999999776
540	0.0031249999999999776
541	0.0031249999999999776
542	0.0031249999999999776
543	0.0031249999999999776
544	0.0031249999999999776
545	0.0031249999999999776
546	0.0031249999999999776
547	0.0031249999999999776
548	0.0031249999999999776
549	0.0031249999999999776
550	0.0031249999999999776
551	0.0031249999999999776
552	0.0031249999999999776
553	0.0031249999999999776
554	0.0031249999999999776
555	0.0031249999999999776
556	0.0031249999999999776
557	0.0031249999999999776
558	0.0031249999999999776
559	0.0031249999999999776
560	0.0031249999999999776
561	0.0031249999999999776
562	0.0031249999999999776
563	0.0031249999999999776
564	0.0031249999999999776
565	0.0031249999999999776
566	0.0031249999999999776
567	0.0031249999999999776
568	0.0031249999999999776
569	0.0031249999999999776
570	0.0031249999999999776
571	0.0031249999999999776
572	0.0031249999999999776
573	0.0031249999999999776
574	0.0031249999999999776
575	0.0031249999999999776
576	0.0031249999999999776
577	0.0031249999999999776
578	0.0031249999999999776
579	0.0031249999999999776
580	0.0031249999999999776
581	0.0031249999999999776
582	0.0031249999999999776
583	0.0031249999999999776
584	0.0031249999999999776
585	0.0031249999999999776
586	0.0031249999999999776
587	0.0031249999999999776
588	0.0031249999999999776
589	0.0031249999999999776
590	0.0031249999999999776
591	0.0031249999999999776
592	0.0031249999999999776
593	0.0031249999999999776
594	0.0031249999999999776
595	0.0031249999999999776
596	0.0031249999999999776
597	0.0031249999999999776
598	0.0031249999999999776
599	0.0031249999999999776
600	0.0031249999999999776
601	0.0031249999999999776
602	0.0031249999999999776
603	0.0031249999999999776
604	0.0031249999999999776
605	0.0031249999999999776
606	0.0031249999999999776
607	0.0031249999999999776
608	0.0031249999999999776
609	0.0031249999999999776
610	0.0031249999999999776
611	0.0031249999999999776
612	0.0031249999999999776
613	0.0031249999999999776
614	0.0031249999999999776
615	0.0031249999999999776
616	0.0031249999999999776
617	0.0031249999999999776
618	0.0031249999999999776
619	0.0031249999999999776
620	0.0031249999999999776
621	0.0031249999999999776
622	0.0031249999999999776
623	0.0031249999999999776
624	0.0031249999999999776
625	0.0031249999999999776
626	0.0031249999999999776
627	0.0031249999999999776
628	0.0031249999999999776
629	0.0031249999999999776
630	0.0031249999999999776
631	0.0031249999999999776
632	0.0031249999999999776
633	0.0031249999999999776
634	0.0031249999999999776
635	0.0031249999999999776
636	0.0031249999999999776
637	0.0031249999999999776
638	0.0031249999999999776
639	0.0031249999999999776
640	0.0031249999999999776
641	0.0031249999999999776
642	0.0031249999999999776
643	0.0031249999999999776
644	0.0031249999999999776
645	0.0031249999999999776
646	0.0031249999999999776
647	0.0031249999999999776
648	0.0031249999999999776
649	0.0031249999999999776
650	0.0031249999999999776
651	0.0031249999999999776
652	0.0031249999999999776
653	0.0031249999999999776
654	0.0031249999999999776
655	0.0031249999999999776
656	0.0031249999999999776
657	0.0031249999999999776
658	0.0031249999999999776
659	0.0031249999999999776
660	0.0031249999999999776
661	0.0031249999999999776
662	0.0031249999999999776
663	0.0031249999999999776
664	0.0031249999999999776
665	0.0031249999999999776
666	0.0031249999999999776
667	0.0031249999999999776
668	0.0031249999999999776
669	0.0031249999999999776
670	0.0031249999999999776
671	0.0031249999999999776
672	0.0031249999999999776
673	0.0031249999999999776
674	0.0031249999999999776
675	0.0031249999999999776
676	0.0031249999999999776
677	0.0031249999999999776
678	0.0031249999999999776
679	0.0031249999999999776
680	0.0031249999999999776
681	0.0031249999999999776
682	0.0031249999999999776
683	0.0031249999999999776
684	0.0031249999999999776
685	0.0031249999999999776
686	0.0031249999999999776
687	0.0031249999999999776
688	0.0031249999999999776
689	0.0031249999999999776
690	0.0031249999999999776
691	0.0031249999999999776
692	0.0031249999999999776
693	0.0031249999999999776
694	0.0031249999999999776
695	0.0031249999999999776
696	0.0031249999999999776
697	0.0031249999999999776
698	0.0031249999999999776
699	0.0031249999999999776
700	0.0031249999999999776
701	0.0031249999999999776
702	0.0031249999999999776
703	0.0031249999999999776
704	0.0031249999999999776
705	0.0031249999999999776
706	0.0031249999999999776
707	0.0031249999999999776
708	0.0031249999999999776
709	0.0031249999999999776
710	0.0031249999999999776
711	0.0031249999999999776
712	0.0031249999999999776
713	0.0031249999999999776
714	0.0031249999999999776
715	0.0031249999999999776
716	0.0031249999999999776
717	0.0031249999999999776
718	0.0031249999999999776
719	0.0031249999999999776
720	0.0031249999999999776
721	0.0031249999999999776
722	0.0031249999999999776
723	0.0031249999999999776
724	0.0031249999999999776
725	0.0031249999999999776
726	0.0031249999999999776
727	0.0031249999999999776
728	0.0031249999999999776
729	0.0031249999999999776
730	0.0031249999999999776
731	0.0031249999999999776
732	0.0031249999999999776
733	0.0031249999999999776
734	0.0031249999999999776
735	0.0031249999999999776
736	0.0031249999999999776
737	0.0031249999999999776
738	0.0031249999999999776
739	0.0031249999999999776
740	0.0031249999999999776
741	0.0031249999999999776
742	0.0031249999999999776
743	0.0031249999999999776
744	0.0031249999999999776
745	0.0031249999999999776
746	0.0031249999999999776
747	0.0031249999999999776
748	0.0031249999999999776
749	0.0031249999999999776
750	0.0031249999999999776
751	0.0031249999999999776
752	0.0031249999999999776
753	0.0031249999999999776
754	0.0031249999999999776
755	0.0031249999999999776
756	0.0031249999999999776
757	0.0031249999999999776
758	0.0031249999999999776
759	0.0031249999999999776
760	0.0031249999999999776
761	0.0031249999999999776
762	0.0031249999999999776
763	0.0031249999999999776
764	0.0031249999999999776
765	0.0031249999999999776
766	0.0031249999999999776
767	0.0031249999999999776
768	0.0031249999999999776
769	0.0031249999999999776
770	0.0031249999999999776
771	0.0031249999999999776
772	0.0031249999999999776
773	0.0031249999999999776
774	0.0031249999999999776
775	0.0031249999999999776
776	0.0031249999999999776
777	0.0031249999999999776
778	0.0031249999999999776
779	0.0031249999999999776
780	0.0031249999999999776
781	0.0031249999999999776
782	0.0031249999999999776
783	0.0031249999999999776
784	0.0031249999999999776
785	0.0031249999999999776
786	0.0031249999999999776
787	0.0031249999999999776
788	0.0031249999999999776
789	0.0031249999999999776
790	0.0031249999999999776
791	0.0031249999999999776
792	0.0031249999999999776
793	0.0031249999999999776
794	0.0031249999999999776
795	0.0031249999999999776
796	0.0031249999999999776
797	0.0031249999999999776
798	0.0031249999999999776
799	0.0031249999999999776
800	0.0031249999999999776
801	0.0031249999999999776
802	0.0031249999999999776
803	0.0031249999999999776
804	0.0031249999999999776
805	0.0031249999999999776
806	0.0031249999999999776
807	0.0031249999999999776
808	0.0031249999999999776
809	0.0031249999999999776
810	0.0031249999999999776
811	0.0031249999999999776
812	0.0031249999999999776
813	0.0031249999999999776
814	0.0031249999999999776
815	0.0031249999999999776
816	0.0031249999999999776
817	0.0031249999999999776
818	0.0031249999999999776
819	0.0031249999999999776
820	0.0031249999999999776
821	0.0031249999999999776
822	0.0031249999999999776
823	0.0031249999999999776
824	0.0031249999999999776
825	0.0031249999999999776
826	0.0031249999999999776
827	0.0031249999999999776
828	0.0031249999999999776
829	0.0031249999999999776
830	0.0031249999999999776
831	0.0031249999999999776
832	0.0031249999999999776
833	0.0031249999999999776
834	0.0031249999999999776
835	0.0031249999999999776
836	0.0031249999999999776
837	0.0031249999999999776
838	0.0031249999999999776
839	0.0031249999999999776
840	0.0031249999999999776
841	0.0031249999999999776
842	0.0031249999999999776
843	0.0031249999999999776
844	0.0031249999999999776
845	0.0031249999999999776
846	0.0031249999999999776
847	0.0031249999999999776
848	0.0031249999999999776
849	0.0031249999999999776
850	0.0031249999999999776
851	0.0031249999999999776
852	0.0031249999999999776
853	0.0031249999999999776
854	0.0031249999999999776
855	0.0031249999999999776
856	0.0031249999999999776
857	0.0031249999999999776
858	0.0031249999999999776
859	0.0031249999999999776
860	0.0031249999999999776
861	0.0031249999999999776
862	0.0031249999999999776
863	0.0031249999999999776
864	0.0031249999999999776
865	0.0031249999999999776
866	0.0031249999999999776
867	0.0031249999999999776
868	0.0031249999999999776
869	0.0031249999999999776
870	0.0031249999999999776
871	0.0031249999999999776
872	0.0031249999999999776
873	0.0031249999999999776
874	0.0031249999999999776
875	0.0031249999999999776
876	0.0031249999999999776
877	0.0031249999999999776
878	0.0031249999999999776
879	0.0031249999999999776
880	0.0031249999999999776
881	0.0031249999999999776
882	0.0031249999999999776
883	0.0031249999999999776
884	0.0031249999999999776
885	0.0031249999999999776
886	0.0031249999999999776
887	0.0031249999999999776
888	0.0031249999999999776
889	0.0031249999999999776
890	0.0031249999999999776
891	0.0031249999999999776
892	0.0031249999999999776
893	0.0031249999999999776
894	0.0031249999999999776
895	0.0031249999999999776
896	0.0031249999999999776
897	0.0031249999999999776
898	0.0031249999999999776
899	0.0031249999999999776
900	0.0031249999999999776
901	0.0031249999999999776
902	0.0031249999999999776
903	0.0031249999999999776
904	0.0031249999999999776
905	0.0031249999999999776
906	0.0031249999999999776
907	0.0031249999999999776
908	0.0031249999999999776
909	0.0031249999999999776
910	0.0031249999999999776
911	0.0031249999999999776
912	0.0031249999999999776
913	0.0031249999999999776
914	0.0031249999999999776
915	0.0031249999999999776
916	0.0031249999999999776
917	0.0031249999999999776
918	0.0031249999999999776
919	0.0031249999999999776
920	0.0031249999999999776
921	0.0031249999999999776
922	0.0031249999999999776
923	0.0031249999999999776
924	0.0031249999999999776
925	0.0031249999999999776
926	0.0031249999999999776
927	0.0031249999999999776
928	0.0031249999999999776
929	0.0031249999999999776
930	0.0031249999999999776
931	0.0031249999999999776
932	0.0031249999999999776
933	0.0031249999999999776
934	0.0031249999999999776
935	0.0031249999999999776
936	0.0031249999999999776
937	0.0031249999999999776
938	0.0031249999999999776
939	0.0031249999999999776
940	0.0031249999999999776
941	0.0031249999999999776
942	0.0031249999999999776
943	0.0031249999999999776
944	0.0031249999999999776
945	0.0031249999999999776
946	0.0031249999999999776
947	0.0031249999999999776
948	0.0031249999999999776
949	0.0031249999999999776
950	0.0031249999999999776
951	0.0031249999999999776
952	0.0031249999999999776
953	0.0031249999999999776
954	0.0031249999999999776
955	0.0031249999999999776
956	0.0031249999999999776
957	0.0031249999999999776
958	0.0031249999999999776
959	0.0031249999999999776
960	0.0031249999999999776
961	0.0031249999999999776
962	0.0031249999999999776
963	0.0031249999999999776
964	0.0031249999999999776
965	0.0031249999999999776
966	0.0031249999999999776
967	0.0031249999999999776
968	0.0031249999999999776
969	0.0031249999999999776
970	0.0031249999999999776
971	0.0031249999999999776
972	0.0031249999999999776
973	0.0031249999999999776
974	0.0031249999999999776
975	0.0031249999999999776
976	0.0031249999999999776
977	0.0031249999999999776
978	0.0031249999999999776
979	0.0031249999999999776
980	0.0031249999999999776
981	0.0031249999999999776
982	0.0031249999999999776
983	0.0031249999999999776
984	0.0031249999999999776
985	0.0031249999999999776
986	0.0031249999999999776
987	0.0031249999999999776
988	0.0031249999999999776
989	0.0031249999999999776
990	0.0031249999999999776
991	0.0031249999999999776
992	0.0031249999999999776
993	0.0031249999999999776
994	0.0031249999999999776
995	0.0031249999999999776
996	0.0031249999999999776
997	0.0031249999999999776
998	0.0031249999999999776
999	0.0031249999999999776
1000	0.0031249999999999776
minimum found: [0.95, 0.9], 0.0031249999999999776

