MINIMIZING ROSENBROCK'S SADDLE (1000 gens, binary)
ROSENBROCK'S SADDLE
1000
binary
Gen #	minima
1	8.281421000000014
2	6.65482100000001
3	2.216655999999992
4	2.216655999999992
5	0.2099360000000014
6	0.2099360000000014
7	0.2099360000000014
8	0.2099360000000014
9	0.15254099999999984
10	0.15254099999999984
11	0.15254099999999984
12	0.15254099999999984
13	0.15254099999999984
14	0.15254099999999984
15	0.15254099999999984
16	0.15254099999999984
17	0.15254099999999984
18	0.15254099999999984
19	0.15254099999999984
20	0.15254099999999984
21	0.15254099999999984
22	0.15254099999999984
23	0.15254099999999984
24	0.15254099999999984
25	0.15254099999999984
26	0.15254099999999984
27	0.15254099999999984
28	0.15254099999999984
29	0.15254099999999984
30	0.15254099999999984
31	0.15254099999999984
32	0.15254099999999984
33	0.15254099999999984
34	0.15254099999999984
35	0.15254099999999984
36	0.15254099999999984
37	0.15254099999999984
38	0.15254099999999984
39	0.15254099999999984
40	0.15254099999999984
41	0.15254099999999984
42	0.15254099999999984
43	0.15254099999999984
44	0.15254099999999984
45	0.15254099999999984
46	0.15254099999999984
47	0.15254099999999984
48	0.15254099999999984
49	0.15254099999999984
50	0.15254099999999984
51	0.15254099999999984
52	0.15254099999999984
53	0.15254099999999984
54	0.15254099999999984
55	0.15254099999999984
56	0.15254099999999984
57	0.15254099999999984
58	0.15254099999999984
59	0.15254099999999984
60	0.15254099999999984
61	0.15254099999999984
62	0.15254099999999984
63	0.15254099999999984
64	0.15254099999999984
65	0.15254099999999984
66	0.15254099999999984
67	0.15254099999999984
68	0.15254099999999984
69	0.15254099999999984
70	0.15254099999999984
71	0.15254099999999984
72	0.15254099999999984
73	0.15254099999999984
74	0.15254099999999984
75	0.15254099999999984
76	0.15254099999999984
77	0.15254099999999984
78	0.15254099999999984
79	0.15254099999999984
80	0.15254099999999984
81	0.15254099999999984
82	0.15254099999999984
83	0.15254099999999984
84	0.15254099999999984
85	0.15254099999999984
86	0.15254099999999984
87	0.15254099999999984
88	0.15254099999999984
89	0.15254099999999984
90	0.15254099999999984
91	0.15254099999999984
92	0.15254099999999984
93	0.15254099999999984
94	0.15254099999999984
95	0.15254099999999984
96	0.15254099999999984
97	0.15254099999999984
98	0.15254099999999984
99	0.15254099999999984
100	0.15254099999999984
101	0.15254099999999984
102	0.15254099999999984
103	0.15254099999999984
104	0.15254099999999984
105	0.15254099999999984
106	0.15254099999999984
107	0.15254099999999984
108	0.15254099999999984
109	0.15254099999999984
110	0.15254099999999984
111	0.15254099999999984
112	0.15254099999999984
113	0.15254099999999984
114	0.15254099999999984
115	0.15254099999999984
116	0.15254099999999984
117	0.15254099999999984
118	0.15254099999999984
119	0.15254099999999984
120	0.15254099999999984
121	0.15254099999999984
122	0.15254099999999984
123	0.15254099999999984
124	0.15254099999999984
125	0.15254099999999984
126	0.15254099999999984
127	0.15254099999999984
128	0.15254099999999984
129	0.15254099999999984
130	0.15254099999999984
131	0.15254099999999984
132	0.15254099999999984
133	0.15254099999999984
134	0.15254099999999984
135	0.15254099999999984
136	0.15254099999999984
137	0.15254099999999984
138	0.15254099999999984
139	0.15254099999999984
140	0.15254099999999984
141	0.15254099999999984
142	0.15254099999999984
143	0.15254099999999984
144	0.15254099999999984
145	0.15254099999999984
146	0.15254099999999984
147	0.15254099999999984
148	0.15254099999999984
149	0.15254099999999984
150	0.15254099999999984
151	0.15254099999999984
152	0.15254099999999984
153	0.15254099999999984
154	0.15254099999999984
155	0.15254099999999984
156	0.15254099999999984
157	0.15254099999999984
158	0.15254099999999984
159	0.15254099999999984
160	0.15254099999999984
161	0.15254099999999984
162	0.15254099999999984
163	0.15254099999999984
164	0.15254099999999984
165	0.15254099999999984
166	0.15254099999999984
167	0.15254099999999984
168	0.15254099999999984
169	0.15254099999999984
170	0.15254099999999984
171	0.15254099999999984
172	0.15254099999999984
173	0.15254099999999984
174	0.15254099999999984
175	0.15254099999999984
176	0.15254099999999984
177	0.15254099999999984
178	0.15254099999999984
179	0.15254099999999984
180	0.15254099999999984
181	0.15254099999999984
182	0.15254099999999984
183	0.15254099999999984
184	0.15254099999999984
185	0.15254099999999984
186	0.15254099999999984
187	0.15254099999999984
188	0.15254099999999984
189	0.15254099999999984
190	0.15254099999999984
191	0.15254099999999984
192	0.15254099999999984
193	0.15254099999999984
194	0.15254099999999984
195	0.15254099999999984
196	0.15254099999999984
197	0.15254099999999984
198	0.15254099999999984
199	0.15254099999999984
200	0.15254099999999984
201	0.15254099999999984
202	0.15254099999999984
203	0.15254099999999984
204	0.15254099999999984
205	0.15254099999999984
206	0.15254099999999984
207	0.15254099999999984
208	0.15254099999999984
209	0.15254099999999984
210	0.15254099999999984
211	0.15254099999999984
212	0.15254099999999984
213	0.15254099999999984
214	0.15254099999999984
215	0.15254099999999984
216	0.15254099999999984
217	0.15254099999999984
218	0.15254099999999984
219	0.15254099999999984
220	0.15254099999999984
221	0.15254099999999984
222	0.15254099999999984
223	0.15254099999999984
224	0.15254099999999984
225	0.15254099999999984
226	0.15254099999999984
227	0.15254099999999984
228	0.15254099999999984
229	0.15254099999999984
230	0.15254099999999984
231	0.15254099999999984
232	0.15254099999999984
233	0.15254099999999984
234	0.15254099999999984
235	0.15254099999999984
236	0.15254099999999984
237	0.15254099999999984
238	0.15254099999999984
239	0.15254099999999984
240	0.15254099999999984
241	0.15254099999999984
242	0.15254099999999984
243	0.15254099999999984
244	0.15254099999999984
245	0.15254099999999984
246	0.15254099999999984
247	0.15254099999999984
248	0.15254099999999984
249	0.15254099999999984
250	0.15254099999999984
251	0.15254099999999984
252	0.15254099999999984
253	0.15254099999999984
254	0.15254099999999984
255	0.15254099999999984
256	0.15254099999999984
257	0.15254099999999984
258	0.15254099999999984
259	0.15254099999999984
260	0.15254099999999984
261	0.15254099999999984
262	0.15254099999999984
263	0.15254099999999984
264	0.15254099999999984
265	0.15254099999999984
266	0.15254099999999984
267	0.15254099999999984
268	0.15254099999999984
269	0.15254099999999984
270	0.15254099999999984
271	0.15254099999999984
272	0.15254099999999984
273	0.15254099999999984
274	0.15254099999999984
275	0.15254099999999984
276	0.15254099999999984
277	0.15254099999999984
278	0.15254099999999984
279	0.15254099999999984
280	0.15254099999999984
281	0.15254099999999984
282	0.15254099999999984
283	0.15254099999999984
284	0.15254099999999984
285	0.15254099999999984
286	0.15254099999999984
287	0.15254099999999984
288	0.15254099999999984
289	0.15254099999999984
290	0.15254099999999984
291	0.15254099999999984
292	0.15254099999999984
293	0.15254099999999984
294	0.15254099999999984
295	0.15254099999999984
296	0.15254099999999984
297	0.15254099999999984
298	0.15254099999999984
299	0.15254099999999984
300	0.15254099999999984
301	0.15254099999999984
302	0.15254099999999984
303	0.15254099999999984
304	0.15254099999999984
305	0.15254099999999984
306	0.15254099999999984
307	0.15254099999999984
308	0.15254099999999984
309	0.15254099999999984
310	0.15254099999999984
311	0.15254099999999984
312	0.15254099999999984
313	0.15254099999999984
314	0.15254099999999984
315	0.15254099999999984
316	0.15254099999999984
317	0.15254099999999984
318	0.15254099999999984
319	0.15254099999999984
320	0.15254099999999984
321	0.15254099999999984
322	0.15254099999999984
323	0.15254099999999984
324	0.15254099999999984
325	0.15254099999999984
326	0.15254099999999984
327	0.15254099999999984
328	0.15254099999999984
329	0.15254099999999984
330	0.15254099999999984
331	0.15254099999999984
332	0.15254099999999984
333	0.15254099999999984
334	0.15254099999999984
335	0.15254099999999984
336	0.15254099999999984
337	0.15254099999999984
338	0.15254099999999984
339	0.15254099999999984
340	0.15254099999999984
341	0.15254099999999984
342	0.15254099999999984
343	0.15254099999999984
344	0.15254099999999984
345	0.15254099999999984
346	0.15254099999999984
347	0.15254099999999984
348	0.15254099999999984
349	0.15254099999999984
350	0.15254099999999984
351	0.15254099999999984
352	0.15254099999999984
353	0.15254099999999984
354	0.15254099999999984
355	0.15254099999999984
356	0.15254099999999984
357	0.15254099999999984
358	0.15254099999999984
359	0.15254099999999984
360	0.15254099999999984
361	0.15254099999999984
362	0.15254099999999984
363	0.15254099999999984
364	0.15254099999999984
365	0.15254099999999984
366	0.15254099999999984
367	0.15254099999999984
368	0.15254099999999984
369	0.15254099999999984
370	0.15254099999999984
371	0.15254099999999984
372	0.15254099999999984
373	0.15254099999999984
374	0.15254099999999984
375	0.15254099999999984
376	0.15254099999999984
377	0.15254099999999984
378	0.15254099999999984
379	0.15254099999999984
380	0.15254099999999984
381	0.15254099999999984
382	0.15254099999999984
383	0.15254099999999984
384	0.15254099999999984
385	0.15254099999999984
386	0.15254099999999984
387	0.15254099999999984
388	0.15254099999999984
389	0.15254099999999984
390	0.15254099999999984
391	0.15254099999999984
392	0.15254099999999984
393	0.15254099999999984
394	0.15254099999999984
395	0.15254099999999984
396	0.15254099999999984
397	0.15254099999999984
398	0.15254099999999984
399	0.15254099999999984
400	0.15254099999999984
401	0.15254099999999984
402	0.15254099999999984
403	0.15254099999999984
404	0.15254099999999984
405	0.15254099999999984
406	0.15254099999999984
407	0.15254099999999984
408	0.15254099999999984
409	0.15254099999999984
410	0.15254099999999984
411	0.15254099999999984
412	0.15254099999999984
413	0.15254099999999984
414	0.15254099999999984
415	0.15254099999999984
416	0.15254099999999984
417	0.15254099999999984
418	0.15254099999999984
419	0.15254099999999984
420	0.15254099999999984
421	0.15254099999999984
422	0.15254099999999984
423	0.15254099999999984
424	0.15254099999999984
425	0.15254099999999984
426	0.15254099999999984
427	0.15254099999999984
428	0.15254099999999984
429	0.15254099999999984
430	0.15254099999999984
431	0.15254099999999984
432	0.15254099999999984
433	0.15254099999999984
434	0.15254099999999984
435	0.15254099999999984
436	0.15254099999999984
437	0.15254099999999984
438	0.15254099999999984
439	0.15254099999999984
440	0.15254099999999984
441	0.15254099999999984
442	0.15254099999999984
443	0.15254099999999984
444	0.15254099999999984
445	0.15254099999999984
446	0.15254099999999984
447	0.15254099999999984
448	0.15254099999999984
449	0.15254099999999984
450	0.15254099999999984
451	0.15254099999999984
452	0.15254099999999984
453	0.15254099999999984
454	0.15254099999999984
455	0.15254099999999984
456	0.15254099999999984
457	0.15254099999999984
458	0.15254099999999984
459	0.15254099999999984
460	0.15254099999999984
461	0.15254099999999984
462	0.15254099999999984
463	0.15254099999999984
464	0.15254099999999984
465	0.15254099999999984
466	0.15254099999999984
467	0.15254099999999984
468	0.15254099999999984
469	0.15254099999999984
470	0.15254099999999984
471	0.15254099999999984
472	0.15254099999999984
473	0.15254099999999984
474	0.15254099999999984
475	0.15254099999999984
476	0.15254099999999984
477	0.15254099999999984
478	0.15254099999999984
479	0.15254099999999984
480	0.15254099999999984
481	0.15254099999999984
482	0.15254099999999984
483	0.15254099999999984
484	0.15254099999999984
485	0.15254099999999984
486	0.15254099999999984
487	0.15254099999999984
488	0.15254099999999984
489	0.15254099999999984
490	0.15254099999999984
491	0.15254099999999984
492	0.15254099999999984
493	0.15254099999999984
494	0.15254099999999984
495	0.15254099999999984
496	0.15254099999999984
497	0.15254099999999984
498	0.15254099999999984
499	0.15254099999999984
500	0.15254099999999984
501	0.15254099999999984
502	0.15254099999999984
503	0.15254099999999984
504	0.15254099999999984
505	0.15254099999999984
506	0.15254099999999984
507	0.15254099999999984
508	0.15254099999999984
509	0.15254099999999984
510	0.15254099999999984
511	0.15254099999999984
512	0.15254099999999984
513	0.15254099999999984
514	0.15254099999999984
515	0.15254099999999984
516	0.15254099999999984
517	0.15254099999999984
518	0.15254099999999984
519	0.15254099999999984
520	0.15254099999999984
521	0.15254099999999984
522	0.15254099999999984
523	0.15254099999999984
524	0.15254099999999984
525	0.15254099999999984
526	0.15254099999999984
527	0.15254099999999984
528	0.15254099999999984
529	0.15254099999999984
530	0.15254099999999984
531	0.15254099999999984
532	0.15254099999999984
533	0.15254099999999984
534	0.15254099999999984
535	0.15254099999999984
536	0.15254099999999984
537	0.15254099999999984
538	0.15254099999999984
539	0.15254099999999984
540	0.15254099999999984
541	0.15254099999999984
542	0.15254099999999984
543	0.15254099999999984
544	0.15254099999999984
545	0.15254099999999984
546	0.15254099999999984
547	0.15254099999999984
548	0.15254099999999984
549	0.15254099999999984
550	0.15254099999999984
551	0.15254099999999984
552	0.15254099999999984
553	0.15254099999999984
554	0.15254099999999984
555	0.15254099999999984
556	0.15254099999999984
557	0.15254099999999984
558	0.15254099999999984
559	0.15254099999999984
560	0.15254099999999984
561	0.15254099999999984
562	0.15254099999999984
563	0.15254099999999984
564	0.15254099999999984
565	0.15254099999999984
566	0.15254099999999984
567	0.15254099999999984
568	0.15254099999999984
569	0.15254099999999984
570	0.15254099999999984
571	0.15254099999999984
572	0.15254099999999984
573	0.15254099999999984
574	0.15254099999999984
575	0.15254099999999984
576	0.15254099999999984
577	0.15254099999999984
578	0.15254099999999984
579	0.15254099999999984
580	0.15254099999999984
581	0.15254099999999984
582	0.15254099999999984
583	0.15254099999999984
584	0.15254099999999984
585	0.15254099999999984
586	0.15254099999999984
587	0.15254099999999984
588	0.15254099999999984
589	0.15254099999999984
590	0.15254099999999984
591	0.15254099999999984
592	0.15254099999999984
593	0.15254099999999984
594	0.15254099999999984
595	0.15254099999999984
596	0.15254099999999984
597	0.15254099999999984
598	0.15254099999999984
599	0.15254099999999984
600	0.15254099999999984
601	0.15254099999999984
602	0.15254099999999984
603	0.15254099999999984
604	0.15254099999999984
605	0.15254099999999984
606	0.15254099999999984
607	0.15254099999999984
608	0.15254099999999984
609	0.15254099999999984
610	0.15254099999999984
611	0.15254099999999984
612	0.15254099999999984
613	0.15254099999999984
614	0.15254099999999984
615	0.15254099999999984
616	0.15254099999999984
617	0.15254099999999984
618	0.15254099999999984
619	0.15254099999999984
620	0.15254099999999984
621	0.15254099999999984
622	0.15254099999999984
623	0.15254099999999984
624	0.15254099999999984
625	0.15254099999999984
626	0.15254099999999984
627	0.15254099999999984
628	0.15254099999999984
629	0.15254099999999984
630	0.15254099999999984
631	0.15254099999999984
632	0.15254099999999984
633	0.15254099999999984
634	0.15254099999999984
635	0.15254099999999984
636	0.15254099999999984
637	0.15254099999999984
638	0.15254099999999984
639	0.15254099999999984
640	0.15254099999999984
641	0.15254099999999984
642	0.15254099999999984
643	0.15254099999999984
644	0.15254099999999984
645	0.15254099999999984
646	0.15254099999999984
647	0.15254099999999984
648	0.15254099999999984
649	0.15254099999999984
650	0.15254099999999984
651	0.15254099999999984
652	0.15254099999999984
653	0.15254099999999984
654	0.15254099999999984
655	0.15254099999999984
656	0.15254099999999984
657	0.15254099999999984
658	0.15254099999999984
659	0.15254099999999984
660	0.15254099999999984
661	0.15254099999999984
662	0.15254099999999984
663	0.15254099999999984
664	0.15254099999999984
665	0.15254099999999984
666	0.15254099999999984
667	0.15254099999999984
668	0.15254099999999984
669	0.15254099999999984
670	0.15254099999999984
671	0.15254099999999984
672	0.15254099999999984
673	0.15254099999999984
674	0.15254099999999984
675	0.15254099999999984
676	0.15254099999999984
677	0.15254099999999984
678	0.15254099999999984
679	0.15254099999999984
680	0.15254099999999984
681	0.15254099999999984
682	0.15254099999999984
683	0.15254099999999984
684	0.15254099999999984
685	0.15254099999999984
686	0.15254099999999984
687	0.15254099999999984
688	0.15254099999999984
689	0.15254099999999984
690	0.15254099999999984
691	0.15254099999999984
692	0.15254099999999984
693	0.15254099999999984
694	0.15254099999999984
695	0.15254099999999984
696	0.15254099999999984
697	0.15254099999999984
698	0.15254099999999984
699	0.15254099999999984
700	0.15254099999999984
701	0.15254099999999984
702	0.15254099999999984
703	0.15254099999999984
704	0.15254099999999984
705	0.15254099999999984
706	0.15254099999999984
707	0.15254099999999984
708	0.15254099999999984
709	0.15254099999999984
710	0.15254099999999984
711	0.15254099999999984
712	0.15254099999999984
713	0.15254099999999984
714	0.15254099999999984
715	0.15254099999999984
716	0.15254099999999984
717	0.15254099999999984
718	0.15254099999999984
719	0.15254099999999984
720	0.15254099999999984
721	0.15254099999999984
722	0.15254099999999984
723	0.15254099999999984
724	0.15254099999999984
725	0.15254099999999984
726	0.15254099999999984
727	0.15254099999999984
728	0.15254099999999984
729	0.15254099999999984
730	0.15254099999999984
731	0.15254099999999984
732	0.15254099999999984
733	0.15254099999999984
734	0.15254099999999984
735	0.15254099999999984
736	0.15254099999999984
737	0.15254099999999984
738	0.15254099999999984
739	0.15254099999999984
740	0.15254099999999984
741	0.15254099999999984
742	0.15254099999999984
743	0.15254099999999984
744	0.15254099999999984
745	0.15254099999999984
746	0.15254099999999984
747	0.15254099999999984
748	0.15254099999999984
749	0.15254099999999984
750	0.15254099999999984
751	0.15254099999999984
752	0.15254099999999984
753	0.15254099999999984
754	0.15254099999999984
755	0.15254099999999984
756	0.15254099999999984
757	0.15254099999999984
758	0.15254099999999984
759	0.15254099999999984
760	0.15254099999999984
761	0.15254099999999984
762	0.15254099999999984
763	0.15254099999999984
764	0.15254099999999984
765	0.15254099999999984
766	0.15254099999999984
767	0.15254099999999984
768	0.15254099999999984
769	0.15254099999999984
770	0.15254099999999984
771	0.15254099999999984
772	0.15254099999999984
773	0.15254099999999984
774	0.15254099999999984
775	0.15254099999999984
776	0.15254099999999984
777	0.15254099999999984
778	0.15254099999999984
779	0.15254099999999984
780	0.15254099999999984
781	0.15254099999999984
782	0.15254099999999984
783	0.15254099999999984
784	0.15254099999999984
785	0.15254099999999984
786	0.15254099999999984
787	0.15254099999999984
788	0.15254099999999984
789	0.15254099999999984
790	0.15254099999999984
791	0.15254099999999984
792	0.15254099999999984
793	0.15254099999999984
794	0.15254099999999984
795	0.15254099999999984
796	0.15254099999999984
797	0.15254099999999984
798	0.15254099999999984
799	0.15254099999999984
800	0.15254099999999984
801	0.15254099999999984
802	0.15254099999999984
803	0.15254099999999984
804	0.15254099999999984
805	0.15254099999999984
806	0.15254099999999984
807	0.15254099999999984
808	0.15254099999999984
809	0.15254099999999984
810	0.15254099999999984
811	0.15254099999999984
812	0.15254099999999984
813	0.15254099999999984
814	0.15254099999999984
815	0.15254099999999984
816	0.15254099999999984
817	0.15254099999999984
818	0.15254099999999984
819	0.15254099999999984
820	0.15254099999999984
821	0.15254099999999984
822	0.15254099999999984
823	0.15254099999999984
824	0.15254099999999984
825	0.15254099999999984
826	0.15254099999999984
827	0.15254099999999984
828	0.15254099999999984
829	0.15254099999999984
830	0.15254099999999984
831	0.15254099999999984
832	0.15254099999999984
833	0.15254099999999984
834	0.15254099999999984
835	0.15254099999999984
836	0.15254099999999984
837	0.15254099999999984
838	0.15254099999999984
839	0.15254099999999984
840	0.15254099999999984
841	0.15254099999999984
842	0.15254099999999984
843	0.15254099999999984
844	0.15254099999999984
845	0.15254099999999984
846	0.15254099999999984
847	0.15254099999999984
848	0.15254099999999984
849	0.15254099999999984
850	0.15254099999999984
851	0.15254099999999984
852	0.15254099999999984
853	0.15254099999999984
854	0.15254099999999984
855	0.15254099999999984
856	0.15254099999999984
857	0.15254099999999984
858	0.15254099999999984
859	0.15254099999999984
860	0.15254099999999984
861	0.15254099999999984
862	0.15254099999999984
863	0.15254099999999984
864	0.15254099999999984
865	0.15254099999999984
866	0.15254099999999984
867	0.15254099999999984
868	0.15254099999999984
869	0.15254099999999984
870	0.15254099999999984
871	0.15254099999999984
872	0.15254099999999984
873	0.15254099999999984
874	0.15254099999999984
875	0.15254099999999984
876	0.15254099999999984
877	0.15254099999999984
878	0.15254099999999984
879	0.15254099999999984
880	0.15254099999999984
881	0.15254099999999984
882	0.15254099999999984
883	0.15254099999999984
884	0.15254099999999984
885	0.15254099999999984
886	0.15254099999999984
887	0.15254099999999984
888	0.15254099999999984
889	0.15254099999999984
890	0.15254099999999984
891	0.15254099999999984
892	0.15254099999999984
893	0.15254099999999984
894	0.15254099999999984
895	0.15254099999999984
896	0.15254099999999984
897	0.15254099999999984
898	0.15254099999999984
899	0.15254099999999984
900	0.15254099999999984
901	0.15254099999999984
902	0.15254099999999984
903	0.15254099999999984
904	0.15254099999999984
905	0.15254099999999984
906	0.15254099999999984
907	0.15254099999999984
908	0.15254099999999984
909	0.15254099999999984
910	0.15254099999999984
911	0.15254099999999984
912	0.15254099999999984
913	0.15254099999999984
914	0.15254099999999984
915	0.15254099999999984
916	0.15254099999999984
917	0.15254099999999984
918	0.15254099999999984
919	0.15254099999999984
920	0.15254099999999984
921	0.15254099999999984
922	0.15254099999999984
923	0.15254099999999984
924	0.15254099999999984
925	0.15254099999999984
926	0.15254099999999984
927	0.15254099999999984
928	0.15254099999999984
929	0.15254099999999984
930	0.15254099999999984
931	0.15254099999999984
932	0.15254099999999984
933	0.15254099999999984
934	0.15254099999999984
935	0.15254099999999984
936	0.15254099999999984
937	0.15254099999999984
938	0.15254099999999984
939	0.15254099999999984
940	0.15254099999999984
941	0.15254099999999984
942	0.15254099999999984
943	0.15254099999999984
944	0.15254099999999984
945	0.15254099999999984
946	0.15254099999999984
947	0.15254099999999984
948	0.15254099999999984
949	0.15254099999999984
950	0.15254099999999984
951	0.15254099999999984
952	0.15254099999999984
953	0.15254099999999984
954	0.15254099999999984
955	0.15254099999999984
956	0.15254099999999984
957	0.15254099999999984
958	0.15254099999999984
959	0.15254099999999984
960	0.15254099999999984
961	0.15254099999999984
962	0.15254099999999984
963	0.15254099999999984
964	0.15254099999999984
965	0.15254099999999984
966	0.15254099999999984
967	0.15254099999999984
968	0.15254099999999984
969	0.15254099999999984
970	0.15254099999999984
971	0.15254099999999984
972	0.15254099999999984
973	0.15254099999999984
974	0.15254099999999984
975	0.15254099999999984
976	0.15254099999999984
977	0.15254099999999984
978	0.15254099999999984
979	0.15254099999999984
980	0.15254099999999984
981	0.15254099999999984
982	0.15254099999999984
983	0.15254099999999984
984	0.15254099999999984
985	0.15254099999999984
986	0.15254099999999984
987	0.15254099999999984
988	0.15254099999999984
989	0.15254099999999984
990	0.15254099999999984
991	0.15254099999999984
992	0.15254099999999984
993	0.15254099999999984
994	0.15254099999999984
995	0.15254099999999984
996	0.15254099999999984
997	0.15254099999999984
998	0.15254099999999984
999	0.15254099999999984
1000	0.15254099999999984
minimum found: [1.39, 1.93], 0.15254099999999984

