MINIMIZING ROSENBROCK'S SADDLE (1000 gens, binary)
ROSENBROCK'S SADDLE
1000
binary
Gen #	minima
1	0.7774209999999974
2	0.7774209999999974
3	0.7774209999999974
4	0.7774209999999974
5	0.7774209999999974
6	0.7774209999999974
7	0.49110100000000034
8	0.49110100000000034
9	0.49110100000000034
10	0.49110100000000034
11	0.49110100000000034
12	0.49110100000000034
13	0.49110100000000034
14	0.49110100000000034
15	0.49110100000000034
16	0.49110100000000034
17	0.49110100000000034
18	0.49110100000000034
19	0.49110100000000034
20	0.49110100000000034
21	0.49110100000000034
22	0.49110100000000034
23	0.49110100000000034
24	0.49110100000000034
25	0.49110100000000034
26	0.49110100000000034
27	0.49110100000000034
28	0.49110100000000034
29	0.49110100000000034
30	0.49110100000000034
31	0.49110100000000034
32	0.49110100000000034
33	0.49110100000000034
34	0.49110100000000034
35	0.49110100000000034
36	0.49110100000000034
37	0.49110100000000034
38	0.49110100000000034
39	0.49110100000000034
40	0.49110100000000034
41	0.49110100000000034
42	0.49110100000000034
43	0.49110100000000034
44	0.49110100000000034
45	0.49110100000000034
46	0.49110100000000034
47	0.49110100000000034
48	0.49110100000000034
49	0.49110100000000034
50	0.49110100000000034
51	0.49110100000000034
52	0.49110100000000034
53	0.49110100000000034
54	0.49110100000000034
55	0.49110100000000034
56	0.49110100000000034
57	0.49110100000000034
58	0.49110100000000034
59	0.49110100000000034
60	0.49110100000000034
61	0.49110100000000034
62	0.49110100000000034
63	0.49110100000000034
64	0.49110100000000034
65	0.49110100000000034
66	0.49110100000000034
67	0.49110100000000034
68	0.49110100000000034
69	0.49110100000000034
70	0.49110100000000034
71	0.49110100000000034
72	0.49110100000000034
73	0.49110100000000034
74	0.49110100000000034
75	0.49110100000000034
76	0.49110100000000034
77	0.49110100000000034
78	0.49110100000000034
79	0.49110100000000034
80	0.49110100000000034
81	0.49110100000000034
82	0.49110100000000034
83	0.49110100000000034
84	0.49110100000000034
85	0.49110100000000034
86	0.49110100000000034
87	0.49110100000000034
88	0.49110100000000034
89	0.49110100000000034
90	0.49110100000000034
91	0.49110100000000034
92	0.49110100000000034
93	0.49110100000000034
94	0.49110100000000034
95	0.49110100000000034
96	0.49110100000000034
97	0.49110100000000034
98	0.49110100000000034
99	0.49110100000000034
100	0.49110100000000034
101	0.49110100000000034
102	0.49110100000000034
103	0.49110100000000034
104	0.49110100000000034
105	0.49110100000000034
106	0.49110100000000034
107	0.49110100000000034
108	0.49110100000000034
109	0.49110100000000034
110	0.49110100000000034
111	0.49110100000000034
112	0.49110100000000034
113	0.49110100000000034
114	0.49110100000000034
115	0.49110100000000034
116	0.49110100000000034
117	0.49110100000000034
118	0.49110100000000034
119	0.49110100000000034
120	0.49110100000000034
121	0.49110100000000034
122	0.49110100000000034
123	0.49110100000000034
124	0.49110100000000034
125	0.49110100000000034
126	0.49110100000000034
127	0.49110100000000034
128	0.49110100000000034
129	0.49110100000000034
130	0.49110100000000034
131	0.49110100000000034
132	0.49110100000000034
133	0.49110100000000034
134	0.49110100000000034
135	0.49110100000000034
136	0.49110100000000034
137	0.49110100000000034
138	0.49110100000000034
139	0.49110100000000034
140	0.49110100000000034
141	0.49110100000000034
142	0.49110100000000034
143	0.49110100000000034
144	0.49110100000000034
145	0.49110100000000034
146	0.49110100000000034
147	0.49110100000000034
148	0.49110100000000034
149	0.49110100000000034
150	0.49110100000000034
151	0.49110100000000034
152	0.49110100000000034
153	0.49110100000000034
154	0.49110100000000034
155	0.49110100000000034
156	0.49110100000000034
157	0.49110100000000034
158	0.49110100000000034
159	0.49110100000000034
160	0.49110100000000034
161	0.49110100000000034
162	0.49110100000000034
163	0.49110100000000034
164	0.49110100000000034
165	0.49110100000000034
166	0.49110100000000034
167	0.49110100000000034
168	0.49110100000000034
169	0.49110100000000034
170	0.49110100000000034
171	0.49110100000000034
172	0.49110100000000034
173	0.49110100000000034
174	0.49110100000000034
175	0.49110100000000034
176	0.49110100000000034
177	0.49110100000000034
178	0.49110100000000034
179	0.49110100000000034
180	0.49110100000000034
181	0.49110100000000034
182	0.49110100000000034
183	0.49110100000000034
184	0.49110100000000034
185	0.49110100000000034
186	0.49110100000000034
187	0.49110100000000034
188	0.49110100000000034
189	0.49110100000000034
190	0.49110100000000034
191	0.49110100000000034
192	0.49110100000000034
193	0.49110100000000034
194	0.49110100000000034
195	0.49110100000000034
196	0.49110100000000034
197	0.49110100000000034
198	0.49110100000000034
199	0.49110100000000034
200	0.49110100000000034
201	0.49110100000000034
202	0.49110100000000034
203	0.49110100000000034
204	0.49110100000000034
205	0.49110100000000034
206	0.49110100000000034
207	0.49110100000000034
208	0.49110100000000034
209	0.49110100000000034
210	0.49110100000000034
211	0.49110100000000034
212	0.49110100000000034
213	0.49110100000000034
214	0.49110100000000034
215	0.49110100000000034
216	0.49110100000000034
217	0.49110100000000034
218	0.49110100000000034
219	0.49110100000000034
220	0.49110100000000034
221	0.49110100000000034
222	0.49110100000000034
223	0.49110100000000034
224	0.49110100000000034
225	0.49110100000000034
226	0.49110100000000034
227	0.49110100000000034
228	0.49110100000000034
229	0.49110100000000034
230	0.49110100000000034
231	0.49110100000000034
232	0.49110100000000034
233	0.49110100000000034
234	0.49110100000000034
235	0.49110100000000034
236	0.49110100000000034
237	0.49110100000000034
238	0.49110100000000034
239	0.49110100000000034
240	0.49110100000000034
241	0.49110100000000034
242	0.49110100000000034
243	0.49110100000000034
244	0.49110100000000034
245	0.49110100000000034
246	0.49110100000000034
247	0.49110100000000034
248	0.49110100000000034
249	0.49110100000000034
250	0.49110100000000034
251	0.49110100000000034
252	0.49110100000000034
253	0.49110100000000034
254	0.49110100000000034
255	0.49110100000000034
256	0.49110100000000034
257	0.49110100000000034
258	0.49110100000000034
259	0.49110100000000034
260	0.49110100000000034
261	0.49110100000000034
262	0.49110100000000034
263	0.49110100000000034
264	0.49110100000000034
265	0.49110100000000034
266	0.49110100000000034
267	0.49110100000000034
268	0.49110100000000034
269	0.49110100000000034
270	0.49110100000000034
271	0.49110100000000034
272	0.49110100000000034
273	0.49110100000000034
274	0.49110100000000034
275	0.49110100000000034
276	0.49110100000000034
277	0.49110100000000034
278	0.49110100000000034
279	0.49110100000000034
280	0.49110100000000034
281	0.49110100000000034
282	0.49110100000000034
283	0.49110100000000034
284	0.49110100000000034
285	0.49110100000000034
286	0.49110100000000034
287	0.49110100000000034
288	0.49110100000000034
289	0.49110100000000034
290	0.49110100000000034
291	0.49110100000000034
292	0.49110100000000034
293	0.49110100000000034
294	0.49110100000000034
295	0.49110100000000034
296	0.49110100000000034
297	0.49110100000000034
298	0.49110100000000034
299	0.49110100000000034
300	0.49110100000000034
301	0.49110100000000034
302	0.49110100000000034
303	0.49110100000000034
304	0.49110100000000034
305	0.49110100000000034
306	0.49110100000000034
307	0.49110100000000034
308	0.49110100000000034
309	0.49110100000000034
310	0.49110100000000034
311	0.49110100000000034
312	0.49110100000000034
313	0.49110100000000034
314	0.49110100000000034
315	0.49110100000000034
316	0.49110100000000034
317	0.49110100000000034
318	0.49110100000000034
319	0.49110100000000034
320	0.49110100000000034
321	0.49110100000000034
322	0.49110100000000034
323	0.49110100000000034
324	0.49110100000000034
325	0.49110100000000034
326	0.49110100000000034
327	0.49110100000000034
328	0.49110100000000034
329	0.49110100000000034
330	0.49110100000000034
331	0.49110100000000034
332	0.49110100000000034
333	0.49110100000000034
334	0.49110100000000034
335	0.49110100000000034
336	0.49110100000000034
337	0.49110100000000034
338	0.49110100000000034
339	0.49110100000000034
340	0.49110100000000034
341	0.49110100000000034
342	0.49110100000000034
343	0.49110100000000034
344	0.49110100000000034
345	0.49110100000000034
346	0.49110100000000034
347	0.49110100000000034
348	0.49110100000000034
349	0.49110100000000034
350	0.49110100000000034
351	0.49110100000000034
352	0.49110100000000034
353	0.49110100000000034
354	0.49110100000000034
355	0.49110100000000034
356	0.49110100000000034
357	0.49110100000000034
358	0.49110100000000034
359	0.49110100000000034
360	0.49110100000000034
361	0.49110100000000034
362	0.49110100000000034
363	0.49110100000000034
364	0.49110100000000034
365	0.49110100000000034
366	0.49110100000000034
367	0.49110100000000034
368	0.49110100000000034
369	0.49110100000000034
370	0.49110100000000034
371	0.49110100000000034
372	0.49110100000000034
373	0.49110100000000034
374	0.49110100000000034
375	0.49110100000000034
376	0.49110100000000034
377	0.49110100000000034
378	0.49110100000000034
379	0.49110100000000034
380	0.49110100000000034
381	0.49110100000000034
382	0.49110100000000034
383	0.49110100000000034
384	0.49110100000000034
385	0.49110100000000034
386	0.49110100000000034
387	0.49110100000000034
388	0.49110100000000034
389	0.49110100000000034
390	0.49110100000000034
391	0.49110100000000034
392	0.49110100000000034
393	0.49110100000000034
394	0.49110100000000034
395	0.49110100000000034
396	0.49110100000000034
397	0.49110100000000034
398	0.49110100000000034
399	0.49110100000000034
400	0.49110100000000034
401	0.49110100000000034
402	0.49110100000000034
403	0.49110100000000034
404	0.49110100000000034
405	0.49110100000000034
406	0.49110100000000034
407	0.49110100000000034
408	0.49110100000000034
409	0.49110100000000034
410	0.49110100000000034
411	0.49110100000000034
412	0.49110100000000034
413	0.49110100000000034
414	0.49110100000000034
415	0.49110100000000034
416	0.49110100000000034
417	0.49110100000000034
418	0.49110100000000034
419	0.49110100000000034
420	0.49110100000000034
421	0.49110100000000034
422	0.49110100000000034
423	0.49110100000000034
424	0.49110100000000034
425	0.49110100000000034
426	0.49110100000000034
427	0.49110100000000034
428	0.49110100000000034
429	0.49110100000000034
430	0.49110100000000034
431	0.49110100000000034
432	0.49110100000000034
433	0.49110100000000034
434	0.49110100000000034
435	0.49110100000000034
436	0.49110100000000034
437	0.49110100000000034
438	0.49110100000000034
439	0.49110100000000034
440	0.49110100000000034
441	0.49110100000000034
442	0.49110100000000034
443	0.49110100000000034
444	0.49110100000000034
445	0.49110100000000034
446	0.49110100000000034
447	0.49110100000000034
448	0.49110100000000034
449	0.49110100000000034
450	0.49110100000000034
451	0.49110100000000034
452	0.49110100000000034
453	0.49110100000000034
454	0.49110100000000034
455	0.49110100000000034
456	0.49110100000000034
457	0.49110100000000034
458	0.49110100000000034
459	0.49110100000000034
460	0.49110100000000034
461	0.49110100000000034
462	0.49110100000000034
463	0.49110100000000034
464	0.49110100000000034
465	0.49110100000000034
466	0.49110100000000034
467	0.49110100000000034
468	0.49110100000000034
469	0.49110100000000034
470	0.49110100000000034
471	0.49110100000000034
472	0.49110100000000034
473	0.49110100000000034
474	0.49110100000000034
475	0.49110100000000034
476	0.49110100000000034
477	0.49110100000000034
478	0.49110100000000034
479	0.49110100000000034
480	0.49110100000000034
481	0.49110100000000034
482	0.49110100000000034
483	0.49110100000000034
484	0.49110100000000034
485	0.49110100000000034
486	0.49110100000000034
487	0.49110100000000034
488	0.49110100000000034
489	0.49110100000000034
490	0.49110100000000034
491	0.49110100000000034
492	0.49110100000000034
493	0.49110100000000034
494	0.49110100000000034
495	0.49110100000000034
496	0.49110100000000034
497	0.49110100000000034
498	0.49110100000000034
499	0.49110100000000034
500	0.49110100000000034
501	0.49110100000000034
502	0.49110100000000034
503	0.49110100000000034
504	0.49110100000000034
505	0.49110100000000034
506	0.49110100000000034
507	0.49110100000000034
508	0.49110100000000034
509	0.49110100000000034
510	0.49110100000000034
511	0.49110100000000034
512	0.49110100000000034
513	0.49110100000000034
514	0.49110100000000034
515	0.49110100000000034
516	0.49110100000000034
517	0.49110100000000034
518	0.49110100000000034
519	0.49110100000000034
520	0.49110100000000034
521	0.49110100000000034
522	0.49110100000000034
523	0.49110100000000034
524	0.49110100000000034
525	0.49110100000000034
526	0.49110100000000034
527	0.49110100000000034
528	0.49110100000000034
529	0.49110100000000034
530	0.49110100000000034
531	0.49110100000000034
532	0.49110100000000034
533	0.49110100000000034
534	0.49110100000000034
535	0.49110100000000034
536	0.49110100000000034
537	0.49110100000000034
538	0.49110100000000034
539	0.49110100000000034
540	0.49110100000000034
541	0.49110100000000034
542	0.49110100000000034
543	0.49110100000000034
544	0.49110100000000034
545	0.49110100000000034
546	0.49110100000000034
547	0.49110100000000034
548	0.49110100000000034
549	0.49110100000000034
550	0.49110100000000034
551	0.49110100000000034
552	0.49110100000000034
553	0.49110100000000034
554	0.49110100000000034
555	0.49110100000000034
556	0.49110100000000034
557	0.49110100000000034
558	0.49110100000000034
559	0.49110100000000034
560	0.49110100000000034
561	0.49110100000000034
562	0.49110100000000034
563	0.49110100000000034
564	0.49110100000000034
565	0.49110100000000034
566	0.49110100000000034
567	0.49110100000000034
568	0.49110100000000034
569	0.49110100000000034
570	0.49110100000000034
571	0.49110100000000034
572	0.49110100000000034
573	0.49110100000000034
574	0.49110100000000034
575	0.49110100000000034
576	0.49110100000000034
577	0.49110100000000034
578	0.49110100000000034
579	0.49110100000000034
580	0.49110100000000034
581	0.49110100000000034
582	0.49110100000000034
583	0.49110100000000034
584	0.49110100000000034
585	0.49110100000000034
586	0.49110100000000034
587	0.49110100000000034
588	0.49110100000000034
589	0.49110100000000034
590	0.49110100000000034
591	0.49110100000000034
592	0.49110100000000034
593	0.49110100000000034
594	0.49110100000000034
595	0.49110100000000034
596	0.49110100000000034
597	0.49110100000000034
598	0.49110100000000034
599	0.49110100000000034
600	0.49110100000000034
601	0.49110100000000034
602	0.49110100000000034
603	0.49110100000000034
604	0.49110100000000034
605	0.49110100000000034
606	0.49110100000000034
607	0.49110100000000034
608	0.49110100000000034
609	0.49110100000000034
610	0.49110100000000034
611	0.49110100000000034
612	0.49110100000000034
613	0.49110100000000034
614	0.49110100000000034
615	0.49110100000000034
616	0.49110100000000034
617	0.49110100000000034
618	0.49110100000000034
619	0.49110100000000034
620	0.49110100000000034
621	0.49110100000000034
622	0.49110100000000034
623	0.49110100000000034
624	0.49110100000000034
625	0.49110100000000034
626	0.49110100000000034
627	0.49110100000000034
628	0.49110100000000034
629	0.49110100000000034
630	0.49110100000000034
631	0.49110100000000034
632	0.49110100000000034
633	0.49110100000000034
634	0.49110100000000034
635	0.49110100000000034
636	0.49110100000000034
637	0.49110100000000034
638	0.49110100000000034
639	0.49110100000000034
640	0.49110100000000034
641	0.49110100000000034
642	0.49110100000000034
643	0.49110100000000034
644	0.49110100000000034
645	0.49110100000000034
646	0.49110100000000034
647	0.49110100000000034
648	0.49110100000000034
649	0.49110100000000034
650	0.49110100000000034
651	0.49110100000000034
652	0.49110100000000034
653	0.49110100000000034
654	0.49110100000000034
655	0.49110100000000034
656	0.49110100000000034
657	0.49110100000000034
658	0.49110100000000034
659	0.49110100000000034
660	0.49110100000000034
661	0.49110100000000034
662	0.49110100000000034
663	0.49110100000000034
664	0.49110100000000034
665	0.49110100000000034
666	0.49110100000000034
667	0.49110100000000034
668	0.49110100000000034
669	0.49110100000000034
670	0.49110100000000034
671	0.49110100000000034
672	0.49110100000000034
673	0.49110100000000034
674	0.49110100000000034
675	0.49110100000000034
676	0.49110100000000034
677	0.49110100000000034
678	0.49110100000000034
679	0.49110100000000034
680	0.49110100000000034
681	0.49110100000000034
682	0.49110100000000034
683	0.49110100000000034
684	0.49110100000000034
685	0.49110100000000034
686	0.49110100000000034
687	0.49110100000000034
688	0.49110100000000034
689	0.49110100000000034
690	0.49110100000000034
691	0.49110100000000034
692	0.49110100000000034
693	0.49110100000000034
694	0.49110100000000034
695	0.49110100000000034
696	0.49110100000000034
697	0.49110100000000034
698	0.49110100000000034
699	0.49110100000000034
700	0.49110100000000034
701	0.49110100000000034
702	0.49110100000000034
703	0.49110100000000034
704	0.49110100000000034
705	0.49110100000000034
706	0.49110100000000034
707	0.49110100000000034
708	0.49110100000000034
709	0.49110100000000034
710	0.49110100000000034
711	0.49110100000000034
712	0.49110100000000034
713	0.49110100000000034
714	0.49110100000000034
715	0.49110100000000034
716	0.49110100000000034
717	0.49110100000000034
718	0.49110100000000034
719	0.49110100000000034
720	0.49110100000000034
721	0.49110100000000034
722	0.49110100000000034
723	0.49110100000000034
724	0.49110100000000034
725	0.49110100000000034
726	0.49110100000000034
727	0.49110100000000034
728	0.49110100000000034
729	0.49110100000000034
730	0.49110100000000034
731	0.49110100000000034
732	0.49110100000000034
733	0.49110100000000034
734	0.49110100000000034
735	0.49110100000000034
736	0.49110100000000034
737	0.49110100000000034
738	0.49110100000000034
739	0.49110100000000034
740	0.49110100000000034
741	0.49110100000000034
742	0.49110100000000034
743	0.49110100000000034
744	0.49110100000000034
745	0.49110100000000034
746	0.49110100000000034
747	0.49110100000000034
748	0.49110100000000034
749	0.49110100000000034
750	0.49110100000000034
751	0.49110100000000034
752	0.49110100000000034
753	0.49110100000000034
754	0.49110100000000034
755	0.49110100000000034
756	0.49110100000000034
757	0.49110100000000034
758	0.49110100000000034
759	0.49110100000000034
760	0.49110100000000034
761	0.49110100000000034
762	0.49110100000000034
763	0.49110100000000034
764	0.49110100000000034
765	0.49110100000000034
766	0.49110100000000034
767	0.49110100000000034
768	0.49110100000000034
769	0.49110100000000034
770	0.49110100000000034
771	0.49110100000000034
772	0.49110100000000034
773	0.49110100000000034
774	0.49110100000000034
775	0.49110100000000034
776	0.49110100000000034
777	0.49110100000000034
778	0.49110100000000034
779	0.49110100000000034
780	0.49110100000000034
781	0.49110100000000034
782	0.49110100000000034
783	0.49110100000000034
784	0.49110100000000034
785	0.49110100000000034
786	0.49110100000000034
787	0.49110100000000034
788	0.49110100000000034
789	0.49110100000000034
790	0.49110100000000034
791	0.49110100000000034
792	0.49110100000000034
793	0.49110100000000034
794	0.49110100000000034
795	0.49110100000000034
796	0.49110100000000034
797	0.49110100000000034
798	0.49110100000000034
799	0.49110100000000034
800	0.49110100000000034
801	0.49110100000000034
802	0.49110100000000034
803	0.49110100000000034
804	0.49110100000000034
805	0.49110100000000034
806	0.49110100000000034
807	0.49110100000000034
808	0.49110100000000034
809	0.49110100000000034
810	0.49110100000000034
811	0.49110100000000034
812	0.49110100000000034
813	0.49110100000000034
814	0.49110100000000034
815	0.49110100000000034
816	0.49110100000000034
817	0.49110100000000034
818	0.49110100000000034
819	0.49110100000000034
820	0.49110100000000034
821	0.49110100000000034
822	0.49110100000000034
823	0.49110100000000034
824	0.49110100000000034
825	0.49110100000000034
826	0.49110100000000034
827	0.49110100000000034
828	0.49110100000000034
829	0.49110100000000034
830	0.49110100000000034
831	0.49110100000000034
832	0.49110100000000034
833	0.49110100000000034
834	0.49110100000000034
835	0.49110100000000034
836	0.49110100000000034
837	0.49110100000000034
838	0.49110100000000034
839	0.49110100000000034
840	0.49110100000000034
841	0.49110100000000034
842	0.49110100000000034
843	0.49110100000000034
844	0.49110100000000034
845	0.49110100000000034
846	0.49110100000000034
847	0.49110100000000034
848	0.49110100000000034
849	0.49110100000000034
850	0.49110100000000034
851	0.49110100000000034
852	0.49110100000000034
853	0.49110100000000034
854	0.49110100000000034
855	0.49110100000000034
856	0.49110100000000034
857	0.49110100000000034
858	0.49110100000000034
859	0.49110100000000034
860	0.49110100000000034
861	0.49110100000000034
862	0.49110100000000034
863	0.49110100000000034
864	0.49110100000000034
865	0.49110100000000034
866	0.49110100000000034
867	0.49110100000000034
868	0.49110100000000034
869	0.49110100000000034
870	0.49110100000000034
871	0.49110100000000034
872	0.49110100000000034
873	0.49110100000000034
874	0.49110100000000034
875	0.49110100000000034
876	0.49110100000000034
877	0.49110100000000034
878	0.49110100000000034
879	0.49110100000000034
880	0.49110100000000034
881	0.49110100000000034
882	0.49110100000000034
883	0.49110100000000034
884	0.49110100000000034
885	0.49110100000000034
886	0.49110100000000034
887	0.49110100000000034
888	0.49110100000000034
889	0.49110100000000034
890	0.49110100000000034
891	0.49110100000000034
892	0.49110100000000034
893	0.49110100000000034
894	0.49110100000000034
895	0.49110100000000034
896	0.49110100000000034
897	0.49110100000000034
898	0.49110100000000034
899	0.49110100000000034
900	0.49110100000000034
901	0.49110100000000034
902	0.49110100000000034
903	0.49110100000000034
904	0.49110100000000034
905	0.49110100000000034
906	0.49110100000000034
907	0.49110100000000034
908	0.49110100000000034
909	0.49110100000000034
910	0.49110100000000034
911	0.49110100000000034
912	0.49110100000000034
913	0.49110100000000034
914	0.49110100000000034
915	0.49110100000000034
916	0.49110100000000034
917	0.49110100000000034
918	0.49110100000000034
919	0.49110100000000034
920	0.49110100000000034
921	0.49110100000000034
922	0.49110100000000034
923	0.49110100000000034
924	0.49110100000000034
925	0.49110100000000034
926	0.49110100000000034
927	0.49110100000000034
928	0.49110100000000034
929	0.49110100000000034
930	0.49110100000000034
931	0.49110100000000034
932	0.49110100000000034
933	0.49110100000000034
934	0.49110100000000034
935	0.49110100000000034
936	0.49110100000000034
937	0.49110100000000034
938	0.49110100000000034
939	0.49110100000000034
940	0.49110100000000034
941	0.49110100000000034
942	0.49110100000000034
943	0.49110100000000034
944	0.49110100000000034
945	0.49110100000000034
946	0.49110100000000034
947	0.49110100000000034
948	0.49110100000000034
949	0.49110100000000034
950	0.49110100000000034
951	0.49110100000000034
952	0.49110100000000034
953	0.49110100000000034
954	0.49110100000000034
955	0.49110100000000034
956	0.49110100000000034
957	0.49110100000000034
958	0.49110100000000034
959	0.49110100000000034
960	0.49110100000000034
961	0.49110100000000034
962	0.49110100000000034
963	0.49110100000000034
964	0.49110100000000034
965	0.49110100000000034
966	0.49110100000000034
967	0.49110100000000034
968	0.49110100000000034
969	0.49110100000000034
970	0.49110100000000034
971	0.49110100000000034
972	0.49110100000000034
973	0.49110100000000034
974	0.49110100000000034
975	0.49110100000000034
976	0.49110100000000034
977	0.49110100000000034
978	0.49110100000000034
979	0.49110100000000034
980	0.49110100000000034
981	0.49110100000000034
982	0.49110100000000034
983	0.49110100000000034
984	0.49110100000000034
985	0.49110100000000034
986	0.49110100000000034
987	0.49110100000000034
988	0.49110100000000034
989	0.49110100000000034
990	0.49110100000000034
991	0.49110100000000034
992	0.49110100000000034
993	0.49110100000000034
994	0.49110100000000034
995	0.49110100000000034
996	0.49110100000000034
997	0.49110100000000034
998	0.49110100000000034
999	0.49110100000000034
1000	0.49110100000000034
minimum found: [1.49, 2.17], 0.49110100000000034

