MINIMIZING SHEKEL'S FOXHOLES (1000 gens, gray)
SHEKEL'S FOXHOLES
1000
gray
Gen #	minima
1	73.08005657216526
2	12.39346090509356
3	12.39346090509356
4	11.315710430425009
5	11.315710430425009
6	10.813803907489575
7	3.9683535008687967
8	2.0092995703967564
9	2.0092995703967564
10	2.00050790289505
11	1.0010677731354596
12	1.0010677731354596
13	1.0010677731354596
14	1.0010677731354596
15	1.0010677731354596
16	1.0010677731354596
17	1.0010677731354596
18	1.0010677731354596
19	1.0010677731354596
20	1.0010677731354596
21	1.0010677731354596
22	1.0010677731354596
23	1.0010677731354596
24	1.0010677731354596
25	1.0010677731354596
26	1.0010677731354596
27	1.0010677731354596
28	1.0010677731354596
29	1.0010677731354596
30	1.0010677731354596
31	0.9980248072256748
32	0.9980248072256748
33	0.9980248072256748
34	0.9980248072256748
35	0.9980248072256748
36	0.9980248072256748
37	0.9980248072256748
38	0.9980248072256748
39	0.9980248072256748
40	0.9980248072256748
41	0.9980248072256748
42	0.9980212566885382
43	0.9980212566885382
44	0.9980212566885382
45	0.9980046877498292
46	0.9980046877498292
47	0.9980046877498292
48	0.9980046877498292
49	0.9980046877498292
50	0.9980046877498292
51	0.9980046877498292
52	0.9980046877498292
53	0.9980045524413621
54	0.9980045524413621
55	0.9980045524413621
56	0.9980045524413621
57	0.9980045524413621
58	0.9980041890044328
59	0.9980041890044328
60	0.9980041890044328
61	0.9980041890044328
62	0.998003908618213
63	0.998003908618213
64	0.998003908618213
65	0.998003908618213
66	0.998003908618213
67	0.998003908618213
68	0.9980039024757861
69	0.9980039024757861
70	0.9980039024757861
71	0.9980039024757861
72	0.9980039024757861
73	0.9980039024757861
74	0.9980039024757861
75	0.9980039024757861
76	0.9980039024757861
77	0.9980039024757861
78	0.9980039024757861
79	0.9980039024757861
80	0.9980039024757861
81	0.9980039024757861
82	0.9980039021105882
83	0.9980039021105882
84	0.9980039021105882
85	0.9980039021105882
86	0.9980038524495853
87	0.9980038524495853
88	0.9980038524495853
89	0.9980038524495853
90	0.9980038524495853
91	0.9980038524495853
92	0.9980038524495853
93	0.9980038524495853
94	0.9980038524495853
95	0.9980038524495853
96	0.9980038524495853
97	0.9980038502161382
98	0.9980038502161382
99	0.9980038502161382
100	0.9980038502161382
101	0.9980038502161382
102	0.9980038502161382
103	0.9980038502161382
104	0.9980038502161382
105	0.9980038502161382
106	0.9980038487992571
107	0.9980038487992571
108	0.9980038389875058
109	0.9980038389875058
110	0.9980038389875058
111	0.9980038389875058
112	0.9980038389875058
113	0.9980038389875058
114	0.9980038389875058
115	0.9980038389875058
116	0.9980038389875058
117	0.9980038389875058
118	0.9980038385009958
119	0.9980038385009958
120	0.9980038385009958
121	0.9980038378505361
122	0.9980038378361772
123	0.9980038378361772
124	0.9980038378361772
125	0.9980038378350206
126	0.9980038378350206
127	0.9980038378350206
128	0.9980038378350206
129	0.9980038378350206
130	0.9980038378350206
131	0.9980038378350206
132	0.9980038378350206
133	0.998003837820664
134	0.998003837820664
135	0.998003837820664
136	0.998003837820664
137	0.998003837820664
138	0.998003837820664
139	0.998003837820664
140	0.998003837820664
141	0.998003837820664
142	0.998003837820664
143	0.9980038378146744
144	0.9980038378146744
145	0.9980038378146744
146	0.9980038378146744
147	0.9980038378146744
148	0.9980038378146744
149	0.9980038378146744
150	0.9980038378146744
151	0.9980038378146744
152	0.9980038378146744
153	0.9980038378146744
154	0.9980038378030576
155	0.9980038378030576
156	0.9980038378030576
157	0.9980038378030576
158	0.9980038378030576
159	0.9980038378030576
160	0.9980038378030576
161	0.9980038378030576
162	0.9980038378030576
163	0.9980038378030576
164	0.9980038378030576
165	0.9980038378030576
166	0.9980038378030576
167	0.9980038378030576
168	0.9980038378030576
169	0.9980038378030576
170	0.9980038378030576
171	0.998003837796223
172	0.998003837796223
173	0.998003837796223
174	0.998003837796223
175	0.998003837796223
176	0.998003837796223
177	0.998003837796223
178	0.998003837796223
179	0.998003837796223
180	0.998003837796223
181	0.998003837796223
182	0.9980038377952029
183	0.9980038377952029
184	0.9980038377952029
185	0.9980038377952029
186	0.9980038377952029
187	0.9980038377952029
188	0.9980038377952029
189	0.9980038377952029
190	0.9980038377952029
191	0.9980038377952029
192	0.9980038377952029
193	0.9980038377952029
194	0.9980038377952029
195	0.9980038377952029
196	0.9980038377952029
197	0.9980038377952029
198	0.9980038377952029
199	0.9980038377952029
200	0.9980038377952029
201	0.9980038377952029
202	0.9980038377952029
203	0.9980038377952029
204	0.9980038377952029
205	0.9980038377952029
206	0.9980038377952029
207	0.9980038377952029
208	0.9980038377952029
209	0.9980038377952029
210	0.9980038377952029
211	0.9980038377952029
212	0.9980038377952029
213	0.9980038377952029
214	0.9980038377952029
215	0.9980038377952029
216	0.9980038377952029
217	0.9980038377952029
218	0.9980038377952029
219	0.9980038377952029
220	0.9980038377952029
221	0.9980038377952029
222	0.9980038377952029
223	0.9980038377952029
224	0.9980038377952029
225	0.9980038377952029
226	0.9980038377952029
227	0.9980038377952029
228	0.9980038377952029
229	0.9980038377952029
230	0.9980038377952029
231	0.9980038377952029
232	0.9980038377952029
233	0.9980038377952029
234	0.9980038377952029
235	0.9980038377952029
236	0.9980038377952029
237	0.9980038377952029
238	0.9980038377952029
239	0.9980038377952029
240	0.9980038377952029
241	0.9980038377952029
242	0.9980038377952029
243	0.9980038377952029
244	0.9980038377952029
245	0.9980038377952029
246	0.9980038377952029
247	0.9980038377952029
248	0.9980038377952029
249	0.9980038377952029
250	0.9980038377952029
251	0.9980038377952029
252	0.9980038377952029
253	0.9980038377952029
254	0.9980038377952029
255	0.9980038377952029
256	0.9980038377952029
257	0.9980038377952029
258	0.9980038377952029
259	0.9980038377952029
260	0.9980038377952029
261	0.9980038377952029
262	0.9980038377952029
263	0.9980038377952029
264	0.9980038377952029
265	0.9980038377952029
266	0.9980038377952029
267	0.9980038377952029
268	0.9980038377952029
269	0.9980038377952029
270	0.9980038377952029
271	0.9980038377952029
272	0.9980038377952029
273	0.9980038377952029
274	0.9980038377952029
275	0.9980038377952029
276	0.9980038377952029
277	0.9980038377952029
278	0.9980038377952029
279	0.9980038377952029
280	0.9980038377952029
281	0.9980038377952029
282	0.9980038377952029
283	0.9980038377952029
284	0.9980038377952029
285	0.9980038377952029
286	0.9980038377952029
287	0.9980038377952029
288	0.9980038377952029
289	0.9980038377952029
290	0.9980038377952029
291	0.9980038377952029
292	0.9980038377952029
293	0.9980038377952029
294	0.9980038377952029
295	0.9980038377952029
296	0.9980038377952029
297	0.9980038377952029
298	0.9980038377952029
299	0.9980038377952029
300	0.9980038377952029
301	0.9980038377952029
302	0.9980038377952029
303	0.9980038377952029
304	0.9980038377952029
305	0.9980038377952029
306	0.9980038377952029
307	0.9980038377952029
308	0.9980038377952029
309	0.9980038377952029
310	0.9980038377952029
311	0.9980038377952029
312	0.9980038377952029
313	0.9980038377952029
314	0.9980038377952029
315	0.9980038377952029
316	0.9980038377952029
317	0.9980038377952029
318	0.9980038377952029
319	0.9980038377952029
320	0.9980038377952029
321	0.9980038377952029
322	0.9980038377952029
323	0.9980038377952029
324	0.9980038377952029
325	0.9980038377952029
326	0.9980038377952029
327	0.9980038377952029
328	0.9980038377952029
329	0.9980038377952029
330	0.9980038377952029
331	0.9980038377952029
332	0.9980038377952029
333	0.9980038377952029
334	0.9980038377952029
335	0.9980038377952029
336	0.9980038377952029
337	0.9980038377952029
338	0.9980038377952029
339	0.9980038377952029
340	0.9980038377952029
341	0.9980038377952029
342	0.9980038377952029
343	0.9980038377952029
344	0.9980038377952029
345	0.9980038377952029
346	0.9980038377952029
347	0.9980038377952029
348	0.9980038377952029
349	0.9980038377952029
350	0.9980038377952029
351	0.9980038377952029
352	0.9980038377952029
353	0.9980038377952029
354	0.9980038377952029
355	0.9980038377952029
356	0.9980038377952029
357	0.9980038377952029
358	0.9980038377952029
359	0.9980038377952029
360	0.9980038377952029
361	0.9980038377952029
362	0.9980038377952029
363	0.9980038377952029
364	0.9980038377952029
365	0.9980038377952029
366	0.9980038377952029
367	0.9980038377952029
368	0.9980038377952029
369	0.9980038377952029
370	0.9980038377952029
371	0.9980038377952029
372	0.9980038377952029
373	0.9980038377952029
374	0.9980038377952029
375	0.9980038377952029
376	0.9980038377952029
377	0.9980038377952029
378	0.9980038377952029
379	0.9980038377952029
380	0.9980038377952029
381	0.9980038377952029
382	0.9980038377952029
383	0.9980038377952029
384	0.9980038377952029
385	0.9980038377952029
386	0.9980038377952029
387	0.9980038377952029
388	0.9980038377952029
389	0.9980038377952029
390	0.9980038377952029
391	0.9980038377952029
392	0.9980038377952029
393	0.9980038377952029
394	0.9980038377952029
395	0.9980038377952029
396	0.9980038377952029
397	0.9980038377952029
398	0.9980038377952029
399	0.9980038377952029
400	0.9980038377952029
401	0.9980038377952029
402	0.9980038377952029
403	0.9980038377952029
404	0.9980038377952029
405	0.9980038377952029
406	0.9980038377952029
407	0.9980038377952029
408	0.9980038377952029
409	0.9980038377952029
410	0.9980038377952029
411	0.9980038377952029
412	0.9980038377952029
413	0.9980038377952029
414	0.9980038377952029
415	0.9980038377952029
416	0.9980038377952029
417	0.9980038377952029
418	0.9980038377952029
419	0.9980038377952029
420	0.9980038377952029
421	0.9980038377952029
422	0.9980038377952029
423	0.9980038377952029
424	0.9980038377952029
425	0.9980038377952029
426	0.9980038377952029
427	0.9980038377952029
428	0.9980038377952029
429	0.9980038377952029
430	0.9980038377952029
431	0.9980038377952029
432	0.9980038377952029
433	0.9980038377952029
434	0.9980038377952029
435	0.9980038377952029
436	0.9980038377952029
437	0.9980038377952029
438	0.9980038377952029
439	0.9980038377952029
440	0.9980038377952029
441	0.9980038377952029
442	0.9980038377952029
443	0.9980038377952029
444	0.9980038377952029
445	0.9980038377952029
446	0.9980038377952029
447	0.9980038377952029
448	0.9980038377952029
449	0.9980038377952029
450	0.9980038377952029
451	0.9980038377952029
452	0.9980038377952029
453	0.9980038377952029
454	0.9980038377952029
455	0.9980038377952029
456	0.9980038377952029
457	0.9980038377952029
458	0.9980038377952029
459	0.9980038377952029
460	0.9980038377952029
461	0.9980038377952029
462	0.9980038377952029
463	0.9980038377952029
464	0.9980038377952029
465	0.9980038377952029
466	0.9980038377952029
467	0.9980038377952029
468	0.9980038377952029
469	0.9980038377952029
470	0.9980038377952029
471	0.9980038377952029
472	0.9980038377952029
473	0.9980038377952029
474	0.9980038377952029
475	0.9980038377952029
476	0.9980038377952029
477	0.9980038377952029
478	0.9980038377952029
479	0.9980038377952029
480	0.9980038377952029
481	0.9980038377952029
482	0.9980038377952029
483	0.9980038377952029
484	0.9980038377952029
485	0.9980038377952029
486	0.9980038377952029
487	0.9980038377952029
488	0.9980038377952029
489	0.9980038377952029
490	0.9980038377952029
491	0.9980038377952029
492	0.9980038377952029
493	0.9980038377952029
494	0.9980038377952029
495	0.9980038377952029
496	0.9980038377952029
497	0.9980038377952029
498	0.9980038377952029
499	0.9980038377952029
500	0.9980038377952029
501	0.9980038377952029
502	0.9980038377952029
503	0.9980038377952029
504	0.9980038377952029
505	0.9980038377952029
506	0.9980038377952029
507	0.9980038377952029
508	0.9980038377952029
509	0.9980038377952029
510	0.9980038377952029
511	0.9980038377952029
512	0.9980038377952029
513	0.9980038377952029
514	0.9980038377952029
515	0.9980038377952029
516	0.9980038377952029
517	0.9980038377952029
518	0.9980038377952029
519	0.9980038377952029
520	0.9980038377952029
521	0.9980038377952029
522	0.9980038377952029
523	0.9980038377952029
524	0.9980038377952029
525	0.9980038377952029
526	0.9980038377952029
527	0.9980038377952029
528	0.9980038377952029
529	0.9980038377952029
530	0.9980038377952029
531	0.9980038377952029
532	0.9980038377952029
533	0.9980038377952029
534	0.9980038377952029
535	0.9980038377952029
536	0.9980038377952029
537	0.9980038377952029
538	0.9980038377952029
539	0.9980038377952029
540	0.9980038377952029
541	0.9980038377952029
542	0.9980038377952029
543	0.9980038377952029
544	0.9980038377952029
545	0.9980038377952029
546	0.9980038377952029
547	0.9980038377952029
548	0.9980038377952029
549	0.9980038377952029
550	0.9980038377952029
551	0.9980038377952029
552	0.9980038377952029
553	0.9980038377952029
554	0.9980038377952029
555	0.9980038377952029
556	0.9980038377952029
557	0.9980038377952029
558	0.9980038377952029
559	0.9980038377952029
560	0.9980038377952029
561	0.9980038377952029
562	0.9980038377952029
563	0.9980038377952029
564	0.9980038377952029
565	0.9980038377952029
566	0.9980038377952029
567	0.9980038377952029
568	0.9980038377952029
569	0.9980038377952029
570	0.9980038377952029
571	0.9980038377952029
572	0.9980038377952029
573	0.9980038377952029
574	0.9980038377952029
575	0.9980038377952029
576	0.9980038377952029
577	0.9980038377952029
578	0.9980038377952029
579	0.9980038377952029
580	0.9980038377952029
581	0.9980038377952029
582	0.9980038377952029
583	0.9980038377952029
584	0.9980038377952029
585	0.9980038377952029
586	0.9980038377952029
587	0.9980038377952029
588	0.9980038377952029
589	0.9980038377952029
590	0.9980038377952029
591	0.9980038377952029
592	0.9980038377952029
593	0.9980038377952029
594	0.9980038377952029
595	0.9980038377952029
596	0.9980038377952029
597	0.9980038377952029
598	0.9980038377952029
599	0.9980038377952029
600	0.9980038377952029
601	0.9980038377952029
602	0.9980038377952029
603	0.9980038377952029
604	0.9980038377952029
605	0.9980038377952029
606	0.9980038377952029
607	0.9980038377952029
608	0.9980038377952029
609	0.9980038377952029
610	0.9980038377952029
611	0.9980038377952029
612	0.9980038377952029
613	0.9980038377952029
614	0.9980038377952029
615	0.9980038377952029
616	0.9980038377952029
617	0.9980038377952029
618	0.9980038377952029
619	0.9980038377952029
620	0.9980038377952029
621	0.9980038377952029
622	0.9980038377952029
623	0.9980038377952029
624	0.9980038377952029
625	0.9980038377952029
626	0.9980038377952029
627	0.9980038377952029
628	0.9980038377952029
629	0.9980038377952029
630	0.9980038377952029
631	0.9980038377952029
632	0.9980038377952029
633	0.9980038377952029
634	0.9980038377952029
635	0.9980038377952029
636	0.9980038377952029
637	0.9980038377952029
638	0.9980038377952029
639	0.9980038377952029
640	0.9980038377952029
641	0.9980038377952029
642	0.9980038377952029
643	0.9980038377952029
644	0.9980038377952029
645	0.9980038377952029
646	0.9980038377952029
647	0.9980038377952029
648	0.9980038377952029
649	0.9980038377952029
650	0.9980038377952029
651	0.9980038377952029
652	0.9980038377952029
653	0.9980038377952029
654	0.9980038377952029
655	0.9980038377952029
656	0.9980038377952029
657	0.9980038377952029
658	0.9980038377952029
659	0.9980038377952029
660	0.9980038377952029
661	0.9980038377952029
662	0.9980038377952029
663	0.9980038377952029
664	0.9980038377952029
665	0.9980038377952029
666	0.9980038377952029
667	0.9980038377952029
668	0.9980038377952029
669	0.9980038377952029
670	0.9980038377952029
671	0.9980038377952029
672	0.9980038377952029
673	0.9980038377952029
674	0.9980038377952029
675	0.9980038377952029
676	0.9980038377952029
677	0.9980038377952029
678	0.9980038377952029
679	0.9980038377952029
680	0.9980038377952029
681	0.9980038377952029
682	0.9980038377952029
683	0.9980038377952029
684	0.9980038377952029
685	0.9980038377952029
686	0.9980038377952029
687	0.9980038377952029
688	0.9980038377952029
689	0.9980038377952029
690	0.9980038377952029
691	0.9980038377952029
692	0.9980038377952029
693	0.9980038377952029
694	0.9980038377952029
695	0.9980038377952029
696	0.9980038377952029
697	0.9980038377952029
698	0.9980038377952029
699	0.9980038377952029
700	0.9980038377952029
701	0.9980038377952029
702	0.9980038377952029
703	0.9980038377952029
704	0.9980038377952029
705	0.9980038377952029
706	0.9980038377952029
707	0.9980038377952029
708	0.9980038377952029
709	0.9980038377952029
710	0.9980038377952029
711	0.9980038377952029
712	0.9980038377952029
713	0.9980038377952029
714	0.9980038377952029
715	0.9980038377952029
716	0.9980038377952029
717	0.9980038377952029
718	0.9980038377952029
719	0.9980038377952029
720	0.9980038377952029
721	0.9980038377952029
722	0.9980038377952029
723	0.9980038377952029
724	0.9980038377952029
725	0.9980038377952029
726	0.9980038377952029
727	0.9980038377952029
728	0.9980038377952029
729	0.9980038377952029
730	0.9980038377952029
731	0.9980038377952029
732	0.9980038377952029
733	0.9980038377952029
734	0.9980038377952029
735	0.9980038377952029
736	0.9980038377952029
737	0.9980038377952029
738	0.9980038377952029
739	0.9980038377952029
740	0.9980038377952029
741	0.9980038377952029
742	0.9980038377952029
743	0.9980038377952029
744	0.9980038377952029
745	0.9980038377952029
746	0.9980038377952029
747	0.9980038377952029
748	0.9980038377952029
749	0.9980038377952029
750	0.9980038377952029
751	0.9980038377952029
752	0.9980038377952029
753	0.9980038377952029
754	0.9980038377952029
755	0.9980038377952029
756	0.9980038377952029
757	0.9980038377952029
758	0.9980038377952029
759	0.9980038377952029
760	0.9980038377952029
761	0.9980038377952029
762	0.9980038377952029
763	0.9980038377952029
764	0.9980038377952029
765	0.9980038377952029
766	0.9980038377952029
767	0.9980038377952029
768	0.9980038377952029
769	0.9980038377952029
770	0.9980038377952029
771	0.9980038377952029
772	0.9980038377952029
773	0.9980038377952029
774	0.9980038377952029
775	0.9980038377952029
776	0.9980038377952029
777	0.9980038377952029
778	0.9980038377952029
779	0.9980038377952029
780	0.9980038377952029
781	0.9980038377952029
782	0.9980038377952029
783	0.9980038377952029
784	0.9980038377952029
785	0.9980038377952029
786	0.9980038377952029
787	0.9980038377952029
788	0.9980038377952029
789	0.9980038377952029
790	0.9980038377952029
791	0.9980038377952029
792	0.9980038377952029
793	0.9980038377952029
794	0.9980038377952029
795	0.9980038377952029
796	0.9980038377952029
797	0.9980038377952029
798	0.9980038377952029
799	0.9980038377952029
800	0.9980038377952029
801	0.9980038377952029
802	0.9980038377952029
803	0.9980038377952029
804	0.9980038377952029
805	0.9980038377952029
806	0.9980038377952029
807	0.9980038377952029
808	0.9980038377952029
809	0.9980038377952029
810	0.9980038377952029
811	0.9980038377952029
812	0.9980038377952029
813	0.9980038377952029
814	0.9980038377952029
815	0.9980038377952029
816	0.9980038377952029
817	0.9980038377952029
818	0.9980038377952029
819	0.9980038377952029
820	0.9980038377952029
821	0.9980038377952029
822	0.9980038377952029
823	0.9980038377952029
824	0.9980038377952029
825	0.9980038377952029
826	0.9980038377952029
827	0.9980038377952029
828	0.9980038377952029
829	0.9980038377952029
830	0.9980038377952029
831	0.9980038377952029
832	0.9980038377952029
833	0.9980038377952029
834	0.9980038377952029
835	0.9980038377952029
836	0.9980038377952029
837	0.9980038377952029
838	0.9980038377952029
839	0.9980038377952029
840	0.9980038377952029
841	0.9980038377952029
842	0.9980038377952029
843	0.9980038377952029
844	0.9980038377952029
845	0.9980038377952029
846	0.9980038377952029
847	0.9980038377952029
848	0.9980038377952029
849	0.9980038377952029
850	0.9980038377952029
851	0.9980038377952029
852	0.9980038377952029
853	0.9980038377952029
854	0.9980038377952029
855	0.9980038377952029
856	0.9980038377952029
857	0.9980038377952029
858	0.9980038377952029
859	0.9980038377952029
860	0.9980038377952029
861	0.9980038377952029
862	0.9980038377952029
863	0.9980038377952029
864	0.9980038377952029
865	0.9980038377952029
866	0.9980038377952029
867	0.9980038377952029
868	0.9980038377952029
869	0.9980038377952029
870	0.9980038377952029
871	0.9980038377952029
872	0.9980038377952029
873	0.9980038377952029
874	0.9980038377952029
875	0.9980038377952029
876	0.9980038377952029
877	0.9980038377952029
878	0.9980038377952029
879	0.9980038377952029
880	0.9980038377952029
881	0.9980038377952029
882	0.9980038377952029
883	0.9980038377952029
884	0.9980038377952029
885	0.9980038377952029
886	0.9980038377952029
887	0.9980038377952029
888	0.9980038377952029
889	0.9980038377952029
890	0.9980038377952029
891	0.9980038377952029
892	0.9980038377952029
893	0.9980038377952029
894	0.9980038377952029
895	0.9980038377952029
896	0.9980038377952029
897	0.9980038377952029
898	0.9980038377952029
899	0.9980038377952029
900	0.9980038377952029
901	0.9980038377952029
902	0.9980038377952029
903	0.9980038377952029
904	0.9980038377952029
905	0.9980038377952029
906	0.9980038377952029
907	0.9980038377952029
908	0.9980038377952029
909	0.9980038377952029
910	0.9980038377952029
911	0.9980038377952029
912	0.9980038377952029
913	0.9980038377952029
914	0.9980038377952029
915	0.9980038377952029
916	0.9980038377952029
917	0.9980038377952029
918	0.9980038377952029
919	0.9980038377952029
920	0.9980038377952029
921	0.9980038377952029
922	0.9980038377952029
923	0.9980038377952029
924	0.9980038377952029
925	0.9980038377952029
926	0.9980038377952029
927	0.9980038377952029
928	0.9980038377952029
929	0.9980038377952029
930	0.9980038377952029
931	0.9980038377952029
932	0.9980038377952029
933	0.9980038377952029
934	0.9980038377952029
935	0.9980038377952029
936	0.9980038377952029
937	0.9980038377952029
938	0.9980038377952029
939	0.9980038377952029
940	0.9980038377952029
941	0.9980038377952029
942	0.9980038377952029
943	0.9980038377952029
944	0.9980038377952029
945	0.9980038377952029
946	0.9980038377952029
947	0.9980038377952029
948	0.9980038377952029
949	0.9980038377952029
950	0.9980038377952029
951	0.9980038377952029
952	0.9980038377952029
953	0.9980038377952029
954	0.9980038377952029
955	0.9980038377952029
956	0.9980038377952029
957	0.9980038377952029
958	0.9980038377952029
959	0.9980038377952029
960	0.9980038377952029
961	0.9980038377952029
962	0.9980038377952029
963	0.9980038377952029
964	0.9980038377952029
965	0.9980038377952029
966	0.9980038377952029
967	0.9980038377952029
968	0.9980038377952029
969	0.9980038377952029
970	0.9980038377952029
971	0.9980038377952029
972	0.9980038377952029
973	0.9980038377952029
974	0.9980038377952029
975	0.9980038377952029
976	0.9980038377952029
977	0.9980038377952029
978	0.9980038377952029
979	0.9980038377952029
980	0.9980038377952029
981	0.9980038377952029
982	0.9980038377952029
983	0.9980038377952029
984	0.9980038377952029
985	0.9980038377952029
986	0.9980038377952029
987	0.9980038377952029
988	0.9980038377952029
989	0.9980038377952029
990	0.9980038377952029
991	0.9980038377952029
992	0.9980038377952029
993	0.9980038377952029
994	0.9980038377952029
995	0.9980038377952029
996	0.9980038377952029
997	0.9980038377952029
998	0.9980038377952029
999	0.9980038377952029
1000	0.9980038377952029
minimum found: [-31.978, -31.978], 0.9980038377952029

