MINIMIZING SHEKEL'S FOXHOLES (1000 gens, gray)
SHEKEL'S FOXHOLES
1000
gray
Gen #	minima
1	22.56541599984368
2	21.472261650515325
3	11.720230924885708
4	11.451550332290651
5	11.451550332290651
6	10.792941784128866
7	10.792941784128866
8	10.792941784128866
9	10.792941784128866
10	6.959108305335294
11	6.903609424121814
12	6.903609424121814
13	6.903609424121814
14	6.903609424121814
15	6.903609424121814
16	6.903385947199542
17	6.903385947199542
18	6.903385947199542
19	6.903385946933812
20	6.903385946933812
21	6.903385946933812
22	6.903385946933812
23	6.903385946933812
24	6.903385946933812
25	6.903385946933812
26	6.903385946933812
27	6.903385946933812
28	6.903385946933812
29	6.903385946902198
30	6.903385946902198
31	6.903385946902198
32	6.903385946902198
33	6.903385946902198
34	6.9033357617328495
35	6.9033357617328495
36	6.9033357617328495
37	6.9033357617328495
38	6.903335761701204
39	6.903335761701204
40	6.903335761701204
41	6.903335761701204
42	6.903335752107619
43	6.903335752107619
44	6.903335752107619
45	6.903335752107619
46	6.903335752107619
47	6.903335752107619
48	6.903335752107619
49	6.903335695093068
50	6.903335695093068
51	6.903335695093068
52	6.903335695093068
53	6.903335695093068
54	6.903335695093068
55	6.903335695093068
56	6.903335695093068
57	6.903335695042368
58	6.903335694868439
59	6.903335694868439
60	6.903335694587404
61	6.903335694562305
62	6.903335694562305
63	6.903335694536607
64	6.903335694518584
65	6.903335694508273
66	6.903335694413341
67	6.903335694413341
68	6.903335694413341
69	6.903335694413341
70	6.903335694413341
71	6.9033356944117275
72	6.9033356944117275
73	6.9033356944117275
74	6.9033356944117275
75	6.9033356944117275
76	6.9033356944117275
77	6.903335694341059
78	6.903335694341059
79	6.903335694341059
80	6.903335694341059
81	6.903335694341059
82	6.903335694341059
83	6.903335694339447
84	6.903335694339447
85	6.903335694339447
86	6.903335694339447
87	6.903335694339447
88	6.903335694339447
89	6.903335694339447
90	6.903335694339447
91	6.903335694339447
92	6.903335694339447
93	6.903335694339447
94	6.903335694339447
95	6.903335694339447
96	6.903335694339447
97	6.903335694339447
98	6.903335694339447
99	6.903335694339447
100	6.903335694339447
101	6.903335694339447
102	6.903335694339447
103	6.903335694339447
104	6.903335694339447
105	6.903335694339447
106	6.903335694339447
107	6.903335694339447
108	6.903335694339447
109	6.903335694339447
110	6.903335694339447
111	6.903335694339447
112	6.903335694339447
113	6.903335694339447
114	6.903335694339447
115	6.903335694339447
116	6.903335694339447
117	6.903335694339447
118	6.903335694339447
119	6.903335694286823
120	6.903335694286823
121	6.903335694286823
122	6.903335694251151
123	6.903335694251151
124	6.9033356942300035
125	6.9033356942300035
126	6.9033356942300035
127	6.9033356942300035
128	6.9033356942300035
129	6.9033356942300035
130	6.9033356942300035
131	6.9033356942300035
132	6.9033356942300035
133	6.9033356942300035
134	6.9033356942300035
135	6.9033356942300035
136	6.903335694221203
137	6.903335694221203
138	6.903335694221203
139	6.903335694221203
140	6.903335694221203
141	6.903335694221203
142	6.903335694221203
143	6.903335694221203
144	6.903335694221203
145	6.903335694221203
146	6.903335694221203
147	6.903335694221203
148	6.903335694221203
149	6.903335694221203
150	6.903335694221203
151	6.903335694221203
152	6.903335694221203
153	6.903335694221203
154	6.903335694221203
155	6.903335694221203
156	6.903335694221203
157	6.903335694221203
158	6.903335694221203
159	6.903335694221203
160	6.903335694221203
161	6.903335694221203
162	6.903335694221203
163	6.903335694221203
164	6.903335694221203
165	6.903335694221203
166	6.903335694221203
167	6.903335694221203
168	6.903335694221203
169	6.903335694221203
170	6.903335694221203
171	6.903335694221203
172	6.903335694221203
173	6.903335694221203
174	6.903335694221203
175	6.903335694221203
176	6.903335694221203
177	6.903335694221203
178	6.903335694221203
179	6.903335694221203
180	6.903335694221203
181	6.903335694221203
182	6.903335694221203
183	6.903335694221203
184	6.903335694221203
185	6.903335694221203
186	6.903335694221203
187	6.903335694221203
188	6.903335694221203
189	6.903335694221203
190	6.903335694221203
191	6.903335694221203
192	6.903335694221203
193	6.903335694221203
194	6.903335694221203
195	6.903335694221203
196	6.903335694221203
197	6.903335694221203
198	6.903335694221203
199	6.903335694221203
200	6.903335694221203
201	6.903335694221203
202	6.903335694221203
203	6.903335694221203
204	6.903335694221203
205	6.903335694221203
206	6.903335694221203
207	6.903335694221203
208	6.903335694221203
209	6.903335694221203
210	6.903335694221203
211	6.903335694221203
212	6.903335694221203
213	6.903335694221203
214	6.903335694221203
215	6.903335694221203
216	6.903335694221203
217	6.903335694221203
218	6.903335694221203
219	6.903335694221203
220	6.903335694221203
221	6.903335694221203
222	6.903335694221203
223	6.903335694221203
224	6.903335694221203
225	6.903335694221203
226	6.903335694221203
227	6.903335694221203
228	6.903335694221203
229	6.903335694221203
230	6.903335694221203
231	6.903335694221203
232	6.903335694221203
233	6.903335694221203
234	6.903335694221203
235	6.903335694221203
236	6.903335694221203
237	6.903335694221203
238	6.903335694221203
239	6.903335694221203
240	6.903335694221203
241	6.903335694221203
242	6.903335694221203
243	6.903335694221203
244	6.903335694221203
245	6.903335694221203
246	6.903335694221203
247	6.903335694221203
248	6.903335694221203
249	6.903335694221203
250	6.903335694221203
251	6.903335694221203
252	6.903335694221203
253	6.903335694221203
254	6.903335694221203
255	6.903335694221203
256	6.903335694221203
257	6.903335694221203
258	6.903335694221203
259	6.903335694221203
260	6.903335694221203
261	6.903335694221203
262	6.903335694221203
263	6.903335694221203
264	6.903335694221203
265	6.903335694221203
266	6.903335694221203
267	6.903335694221203
268	6.903335694221203
269	6.903335694221203
270	6.903335694221203
271	6.903335694221203
272	6.903335694221203
273	6.903335694221203
274	6.903335694221203
275	6.903335694221203
276	6.903335694221203
277	6.903335694221203
278	6.903335694221203
279	6.903335694221203
280	6.903335694221203
281	6.903335694221203
282	6.903335694221203
283	6.903335694221203
284	6.903335694221203
285	6.903335694221203
286	6.903335694221203
287	6.903335694221203
288	6.903335694221203
289	6.903335694221203
290	6.903335694221203
291	6.903335694221203
292	6.903335694221203
293	6.903335694221203
294	6.903335694221203
295	6.903335694221203
296	6.903335694221203
297	6.903335694221203
298	6.903335694221203
299	6.903335694221203
300	6.903335694221203
301	6.903335694221203
302	6.903335694221203
303	6.903335694221203
304	6.903335694221203
305	6.903335694221203
306	6.903335694221203
307	6.903335694221203
308	6.903335694221203
309	6.903335694221203
310	6.903335694221203
311	6.903335694221203
312	6.903335694221203
313	6.903335694221203
314	6.903335694221203
315	6.903335694221203
316	6.903335694221203
317	6.903335694221203
318	6.903335694221203
319	6.903335694221203
320	6.903335694221203
321	6.903335694221203
322	6.903335694221203
323	6.903335694221203
324	6.903335694221203
325	6.903335694221203
326	6.903335694221203
327	6.903335694221203
328	6.903335694221203
329	6.903335694221203
330	6.903335694221203
331	6.903335694221203
332	6.903335694221203
333	6.903335694221203
334	6.903335694221203
335	6.903335694221203
336	6.903335694221203
337	6.903335694221203
338	6.903335694221203
339	6.903335694221203
340	6.903335694221203
341	6.903335694221203
342	6.903335694221203
343	6.903335694221203
344	6.903335694221203
345	6.903335694221203
346	6.903335694221203
347	6.903335694221203
348	6.903335694221203
349	6.903335694221203
350	6.903335694221203
351	6.903335694221203
352	6.903335694221203
353	6.903335694221203
354	6.903335694221203
355	6.903335694221203
356	6.903335694221203
357	6.903335694221203
358	6.903335694221203
359	6.903335694221203
360	6.903335694221203
361	6.903335694221203
362	6.903335694221203
363	6.903335694221203
364	6.903335694221203
365	6.903335694221203
366	6.903335694221203
367	6.903335694221203
368	6.903335694221203
369	6.903335694221203
370	6.903335694221203
371	6.903335694221203
372	6.903335694221203
373	6.903335694221203
374	6.903335694221203
375	6.903335694221203
376	6.903335694221203
377	6.903335694221203
378	6.903335694221203
379	6.903335694221203
380	6.903335694221203
381	6.903335694221203
382	6.903335694221203
383	6.903335694221203
384	6.903335694221203
385	6.903335694221203
386	6.903335694221203
387	6.903335694221203
388	6.903335694221203
389	6.903335694221203
390	6.903335694221203
391	6.903335694221203
392	6.903335694221203
393	6.903335694221203
394	6.903335694221203
395	6.903335694221203
396	6.903335694221203
397	6.903335694221203
398	6.903335694221203
399	6.903335694221203
400	6.903335694221203
401	6.903335694221203
402	6.903335694221203
403	6.903335694221203
404	6.903335694221203
405	6.903335694221203
406	6.903335694221203
407	6.903335694221203
408	6.903335694221203
409	6.903335694221203
410	6.903335694221203
411	6.903335694221203
412	6.903335694221203
413	6.903335694221203
414	6.903335694221203
415	6.903335694221203
416	6.903335694221203
417	6.903335694221203
418	6.903335694221203
419	6.903335694221203
420	6.903335694221203
421	6.903335694221203
422	6.903335694221203
423	6.903335694221203
424	6.903335694221203
425	6.903335694221203
426	6.903335694221203
427	6.903335694221203
428	6.903335694221203
429	6.903335694221203
430	6.903335694221203
431	6.903335694221203
432	6.903335694221203
433	6.903335694221203
434	6.903335694221203
435	6.903335694221203
436	6.903335694221203
437	6.903335694221203
438	6.903335694221203
439	6.903335694221203
440	6.903335694221203
441	6.903335694221203
442	6.903335694221203
443	6.903335694221203
444	6.903335694221203
445	6.903335694221203
446	6.903335694221203
447	6.903335694221203
448	6.903335694221203
449	6.903335694221203
450	6.903335694221203
451	6.903335694221203
452	6.903335694221203
453	6.903335694221203
454	6.903335694221203
455	6.903335694221203
456	6.903335694221203
457	6.903335694221203
458	6.903335694221203
459	6.903335694221203
460	6.903335694221203
461	6.903335694221203
462	6.903335694221203
463	6.903335694221203
464	6.903335694221203
465	6.903335694221203
466	6.903335694221203
467	6.903335694221203
468	6.903335694221203
469	6.903335694221203
470	6.903335694221203
471	6.903335694221203
472	6.903335694221203
473	6.903335694221203
474	6.903335694221203
475	6.903335694221203
476	6.903335694221203
477	6.903335694221203
478	6.903335694221203
479	6.903335694221203
480	6.903335694221203
481	6.903335694221203
482	6.903335694221203
483	6.903335694221203
484	6.903335694221203
485	6.903335694221203
486	6.903335694221203
487	6.903335694221203
488	6.903335694221203
489	6.903335694221203
490	6.903335694221203
491	6.903335694221203
492	6.903335694221203
493	6.903335694221203
494	6.903335694221203
495	6.903335694221203
496	6.903335694221203
497	6.903335694221203
498	6.903335694221203
499	6.903335694221203
500	6.903335694221203
501	6.903335694221203
502	6.903335694221203
503	6.903335694221203
504	6.903335694221203
505	6.903335694221203
506	6.903335694221203
507	6.903335694221203
508	6.903335694221203
509	6.903335694221203
510	6.903335694221203
511	6.903335694221203
512	6.903335694221203
513	6.903335694221203
514	6.903335694221203
515	6.903335694221203
516	6.903335694221203
517	6.903335694221203
518	6.903335694221203
519	6.903335694221203
520	6.903335694221203
521	6.903335694221203
522	6.903335694221203
523	6.903335694221203
524	6.903335694221203
525	6.903335694221203
526	6.903335694221203
527	6.903335694221203
528	6.903335694221203
529	6.903335694221203
530	6.903335694221203
531	6.903335694221203
532	6.903335694221203
533	6.903335694221203
534	6.903335694221203
535	6.903335694221203
536	6.903335694221203
537	6.903335694221203
538	6.903335694221203
539	6.903335694221203
540	6.903335694221203
541	6.903335694221203
542	6.903335694221203
543	6.903335694221203
544	6.903335694221203
545	6.903335694221203
546	6.903335694221203
547	6.903335694221203
548	6.903335694221203
549	6.903335694221203
550	6.903335694221203
551	6.903335694221203
552	6.903335694221203
553	6.903335694221203
554	6.903335694221203
555	6.903335694221203
556	6.903335694221203
557	6.903335694221203
558	6.903335694221203
559	6.903335694221203
560	6.903335694221203
561	6.903335694221203
562	6.903335694221203
563	6.903335694221203
564	6.903335694221203
565	6.903335694221203
566	6.903335694221203
567	6.903335694221203
568	6.903335694221203
569	6.903335694221203
570	6.903335694221203
571	6.903335694221203
572	6.903335694221203
573	6.903335694221203
574	6.903335694221203
575	6.903335694221203
576	6.903335694221203
577	6.903335694221203
578	6.903335694221203
579	6.903335694221203
580	6.903335694221203
581	6.903335694221203
582	6.903335694221203
583	6.903335694221203
584	6.903335694221203
585	6.903335694221203
586	6.903335694221203
587	6.903335694221203
588	6.903335694221203
589	6.903335694221203
590	6.903335694221203
591	6.903335694221203
592	6.903335694221203
593	6.903335694221203
594	6.903335694221203
595	6.903335694221203
596	6.903335694221203
597	6.903335694221203
598	6.903335694221203
599	6.903335694221203
600	6.903335694221203
601	6.903335694221203
602	6.903335694221203
603	6.903335694221203
604	6.903335694221203
605	6.903335694221203
606	6.903335694221203
607	6.903335694221203
608	6.903335694221203
609	6.903335694221203
610	6.903335694221203
611	6.903335694221203
612	6.903335694221203
613	6.903335694221203
614	6.903335694221203
615	6.903335694221203
616	6.903335694221203
617	6.903335694221203
618	6.903335694221203
619	6.903335694221203
620	6.903335694221203
621	6.903335694221203
622	6.903335694221203
623	6.903335694221203
624	6.903335694221203
625	6.903335694221203
626	6.903335694221203
627	6.903335694221203
628	6.903335694221203
629	6.903335694221203
630	6.903335694221203
631	6.903335694221203
632	6.903335694221203
633	6.903335694221203
634	6.903335694221203
635	6.903335694221203
636	6.903335694221203
637	6.903335694221203
638	6.903335694221203
639	6.903335694221203
640	6.903335694221203
641	6.903335694221203
642	6.903335694221203
643	6.903335694221203
644	6.903335694221203
645	6.903335694221203
646	6.903335694221203
647	6.903335694221203
648	6.903335694221203
649	6.903335694221203
650	6.903335694221203
651	6.903335694221203
652	6.903335694221203
653	6.903335694221203
654	6.903335694221203
655	6.903335694221203
656	6.903335694221203
657	6.903335694221203
658	6.903335694221203
659	6.903335694221203
660	6.903335694221203
661	6.903335694221203
662	6.903335694221203
663	6.903335694221203
664	6.903335694221203
665	6.903335694221203
666	6.903335694221203
667	6.903335694221203
668	6.903335694221203
669	6.903335694221203
670	6.903335694221203
671	6.903335694221203
672	6.903335694221203
673	6.903335694221203
674	6.903335694221203
675	6.903335694221203
676	6.903335694221203
677	6.903335694221203
678	6.903335694221203
679	6.903335694221203
680	6.903335694221203
681	6.903335694221203
682	6.903335694221203
683	6.903335694221203
684	6.903335694221203
685	6.903335694221203
686	6.903335694221203
687	6.903335694221203
688	6.903335694221203
689	6.903335694221203
690	6.903335694221203
691	6.903335694221203
692	6.903335694221203
693	6.903335694221203
694	1.9941546686274452
695	1.9941546686274452
696	1.9941546686274452
697	1.992529855167718
698	1.992529855167718
699	1.992529855167718
700	1.992529855167718
701	1.992529855167718
702	1.992529855167718
703	1.992529855167718
704	1.992529855167718
705	1.992529855167718
706	1.992529855167718
707	1.992529855024562
708	1.992529855024562
709	1.992529855024562
710	1.992529855024562
711	1.992529855024562
712	1.9924988442991143
713	1.9924988442991143
714	1.9924988442991143
715	1.9924988442991143
716	1.9924988442991143
717	1.9924988442991143
718	1.9924988442991143
719	1.9923592344520402
720	1.9921816653063351
721	1.9921816653063351
722	1.9921816653063351
723	1.9921816653063351
724	1.9921816653063351
725	1.9921816653063351
726	1.9921816653063351
727	1.9921816653063351
728	1.9921816653063351
729	1.9921816653063351
730	1.9921816653063351
731	1.9921816653063351
732	1.9921816653063351
733	1.9921816653063351
734	1.9921816653063351
735	1.9921816653063351
736	1.9921816653063351
737	1.9921816653063351
738	1.9921816653063351
739	1.9921816653063351
740	1.9921816653063351
741	1.9921816653063351
742	1.9921816653063351
743	1.9921816653063351
744	1.9921816653063351
745	1.9921816653063351
746	1.9921816653063351
747	1.9921816653063351
748	1.9921816653063351
749	1.9921816653063351
750	1.9921816653063351
751	1.9921816653063351
752	1.9921816653063351
753	1.9921816653063351
754	1.9921816653063351
755	1.9921816653063351
756	1.9921816653063351
757	1.9921816653063351
758	1.9921816652501108
759	1.9921816652501108
760	1.9921816652501108
761	1.992137412877172
762	1.992137412877172
763	1.992137412877172
764	1.992137412877172
765	1.992137412877172
766	1.992137412877172
767	1.9920436080244108
768	1.9920436080244108
769	1.9920436080244108
770	1.9920436080244108
771	1.9920317165881531
772	1.9920317165881531
773	1.9920317165881531
774	1.9920317165881531
775	1.9920317165881531
776	1.9920317165881531
777	1.9920317165881531
778	1.9920317165881531
779	1.9920317165881531
780	1.9920317165881531
781	1.9920317165881531
782	1.9920316669129112
783	1.9920309002221133
784	1.9920309002221133
785	1.9920309002221133
786	1.9920309002221133
787	1.9920309002221133
788	1.9920309002221133
789	1.9920309002221133
790	1.9920309002221133
791	1.9920309002221133
792	1.9920309002221133
793	1.9920309002221133
794	1.9920309002221133
795	1.9920309002221133
796	1.9920309002221133
797	1.9920309002221133
798	1.9920309002221133
799	1.9920309002221133
800	1.9920309002221133
801	1.9920309002221133
802	1.9920309002221133
803	1.9920309002221133
804	1.9920309002221133
805	1.9920309002221133
806	1.9920309002221133
807	1.9920309002221133
808	1.9920309002221133
809	1.9920309002221133
810	1.9920309002221133
811	1.9920309002221133
812	1.9920309002221133
813	1.9920309002221133
814	1.9920309002221133
815	1.9920309002221133
816	1.9920309002221133
817	1.9920309002221133
818	1.9920309002221133
819	1.9920309002221133
820	1.9920309002221133
821	1.9920309002221133
822	1.9920309002221133
823	1.9920309002221133
824	1.9920309002221133
825	1.9920309002221133
826	1.9920309002221133
827	1.9920309002221133
828	1.9920309002221133
829	1.9920309002221133
830	1.9920309002221133
831	1.9920309002221133
832	1.9920309002221133
833	1.9920309002221133
834	1.9920309002221133
835	1.9920309002221133
836	1.9920309002221133
837	1.9920309002221133
838	1.9920309002221133
839	1.9920309002221133
840	1.9920309002221133
841	1.9920309002221133
842	1.9920309002221133
843	1.9920309002221133
844	1.9920309002221133
845	1.9920309002221133
846	1.9920309002221133
847	1.9920309002221133
848	1.9920309002221133
849	1.9920309002221133
850	1.9920309002221133
851	1.9920309002221133
852	1.9920309002221133
853	1.9920309002221133
854	1.9920309002221133
855	1.9920309002221133
856	1.9920309002221133
857	1.9920309002221133
858	1.9920309002221133
859	1.9920309002221133
860	1.9920309002221133
861	1.9920309002221133
862	1.9920309002221133
863	1.9920309002221133
864	1.9920309002221133
865	1.9920309002221133
866	1.9920309002221133
867	1.9920309002221133
868	1.9920309002221133
869	1.9920309002221133
870	1.9920309002221133
871	1.9920309002221133
872	1.9920309002221133
873	1.9920309002221133
874	1.9920309002221133
875	1.9920309002221133
876	1.9920309002221133
877	1.9920309002221133
878	1.9920309002221133
879	1.9920309002221133
880	1.9920309002221133
881	1.9920309002221133
882	1.9920309002221133
883	1.9920309002221133
884	1.9920309002221133
885	1.9920309002221133
886	1.9920309002221133
887	1.9920309002221133
888	1.9920309002221133
889	1.9920309002221133
890	1.9920309002221133
891	1.9920309002221133
892	1.9920309002221133
893	1.9920309002221133
894	1.9920309002221133
895	1.9920309002221133
896	1.9920309002221133
897	1.9920309002221133
898	1.9920309002221133
899	1.9920309002221133
900	1.9920309002221133
901	1.9920309002221133
902	1.9920309002221133
903	1.9920309002221133
904	1.9920309002221133
905	1.9920309002221133
906	1.9920309002221133
907	1.9920309002221133
908	1.9920309002221133
909	1.9920309002221133
910	1.9920309002221133
911	1.9920309002221133
912	1.9920309002221133
913	1.9920309002221133
914	1.9920309002221133
915	1.9920309002221133
916	1.9920309002221133
917	1.9920309002221133
918	1.9920309002221133
919	1.9920309002221133
920	1.9920309002221133
921	1.9920309002221133
922	1.9920309002221133
923	1.9920309002221133
924	1.9920309002221133
925	1.9920309002221133
926	1.9920309002221133
927	1.9920309002221133
928	1.9920309002221133
929	1.9920309002221133
930	1.9920309002221133
931	1.9920309002221133
932	1.9920309002221133
933	1.9920309002221133
934	1.9920309002221133
935	1.9920309002221133
936	1.9920309002221133
937	1.9920309002221133
938	1.9920309002221133
939	1.9920309002221133
940	1.9920309002221133
941	1.9920309002221133
942	1.9920309002221133
943	1.9920309002221133
944	1.9920309002221133
945	1.9920309002221133
946	1.9920309002221133
947	1.9920309002221133
948	1.9920309002221133
949	1.9920309002221133
950	1.9920309002221133
951	1.9920309002221133
952	1.9920309002221133
953	1.9920309002221133
954	1.9920309002221133
955	1.9920309002221133
956	1.9920309002221133
957	1.9920309002221133
958	1.9920309002221133
959	1.9920309002221133
960	1.9920309002221133
961	1.9920309002221133
962	1.9920309002221133
963	1.9920309002221133
964	1.9920309002221133
965	1.9920309002221133
966	1.9920309002221133
967	1.9920309002221133
968	1.9920309002221133
969	1.9920309002221133
970	1.9920309002221133
971	1.9920309002221133
972	1.9920309002221133
973	1.9920309002221133
974	1.9920309002221133
975	1.9920309002221133
976	1.9920309002221133
977	1.9920309002221133
978	1.9920309002221133
979	1.9920309002221133
980	1.9920309002221133
981	1.9920309002221133
982	1.9920309002221133
983	1.9920309002221133
984	1.9920309002221133
985	1.9920309002221133
986	1.9920309002221133
987	1.9920309002221133
988	1.9920309002221133
989	1.9920309002221133
990	1.9920309002221133
991	1.9920309002221133
992	1.9920309002221133
993	1.9920309002221133
994	1.9920309002221133
995	1.9920309002221133
996	1.9920309002221133
997	1.9920309002221133
998	1.9920309002221133
999	1.9920309002221133
1000	1.9920309002221133
minimum found: [-15.986, -31.97], 1.9920309002221133

