MINIMIZING SHEKEL'S FOXHOLES (1000 gens, binary)
SHEKEL'S FOXHOLES
1000
binary
Gen #	minima
1	167.24850809701505
2	167.24850809701505
3	7.468709867064507
4	7.468709867064507
5	7.465502691604612
6	7.465502691604612
7	4.959346647102985
8	4.095190742342214
9	4.095190742342214
10	4.095190742342214
11	4.095190742342214
12	4.095190742342214
13	4.095190742342214
14	4.095190742342214
15	4.095190742342214
16	4.095190742342214
17	4.095190742342214
18	4.095190742342214
19	4.095190742342214
20	4.095190742342214
21	4.095190742342214
22	4.095190742342214
23	4.095190742342214
24	4.095190742342214
25	4.095190742342214
26	4.095190742342214
27	4.095190742342214
28	4.095190742342214
29	4.095190742342214
30	4.095190742342214
31	4.095190742342214
32	4.095190742342214
33	4.095190742342214
34	3.9864714644804415
35	3.9864714644804415
36	3.9864714644804415
37	3.9864714644804415
38	3.9864714644804415
39	3.9864714644804415
40	3.9864714644804415
41	3.9864714644804415
42	3.9864714644804415
43	3.9864714644804415
44	3.986458200028668
45	3.986458200028668
46	3.986458200028668
47	3.968817405018018
48	3.9685338368271648
49	3.9685338368271648
50	3.9685338368271648
51	3.9685338368271648
52	3.9685338368271648
53	3.9685338368271648
54	3.9685338368271648
55	3.9685338368271648
56	3.9685338368271648
57	3.9685338368271648
58	3.9685338368271648
59	3.9685338368271648
60	3.9685338368271648
61	3.9685337189792778
62	3.9685251069417578
63	3.9685251069417578
64	3.9685251069417578
65	3.9685251069417578
66	3.9685251069417578
67	3.9685251069417578
68	3.9685251069417578
69	3.9685251069417578
70	3.9685251069417578
71	3.9685251069417578
72	3.968520693583403
73	3.968520693583403
74	3.968520693583403
75	3.968520693583403
76	3.968520693583403
77	3.968520693583403
78	3.968520693583403
79	3.968520693583403
80	3.9684735904758277
81	3.968287068171418
82	3.968287068171418
83	3.968287068171418
84	3.968287068171418
85	3.968287068171418
86	3.968287068171418
87	3.968287068171418
88	3.968250108729739
89	3.9682501078452512
90	3.9682501077435237
91	3.9682501077435237
92	3.9682501077435237
93	3.9682501077435237
94	3.9682501077435237
95	3.9682501077435237
96	3.9682501074585383
97	3.9682501074585383
98	3.9682501073932066
99	3.968250107356808
100	3.9682501073410346
101	3.9682501073410346
102	3.9682501073410346
103	3.9682501073410346
104	3.9682501073410346
105	3.9682501073410346
106	3.9682501073410346
107	3.9682501073410346
108	3.9682501073410346
109	3.9682501073410346
110	3.9682501073410346
111	3.9682501073410346
112	3.9682501073410346
113	3.9682501073410346
114	3.9682501073410346
115	3.9682501073410346
116	3.9682501073410346
117	3.9682501073410346
118	3.9682501073347365
119	3.9682501073347365
120	3.9682501073347365
121	3.9682501073347365
122	3.9682501073347365
123	3.9682501073347365
124	3.9682501073347365
125	3.9682501073347365
126	3.9682501073347365
127	3.9682501073347365
128	3.9682501073347365
129	3.9682501073347365
130	3.9682501073347365
131	3.9682501073347365
132	3.9682501073347365
133	3.9682501073347365
134	3.9682501073347365
135	3.9682501073347365
136	3.9682501073347365
137	3.9682501073347365
138	3.9682501073347365
139	3.9682501073347365
140	3.9682501073347365
141	3.9682501073347365
142	3.9682501073347365
143	3.9682501073347365
144	3.9682501073347365
145	3.9682501073347365
146	3.9682501073347365
147	3.9682501073347365
148	3.9682501073347365
149	3.9682501073347365
150	3.9682501073347365
151	3.9682501073347365
152	3.9682501073347365
153	3.9682501073347365
154	3.9682501073347365
155	3.9682501073347365
156	3.9682501073347365
157	3.9682501073347365
158	3.9682501073347365
159	3.9682501073347365
160	3.9682501073347365
161	3.9682501073347365
162	3.9682501073347365
163	3.9682501073347365
164	3.9682501073347365
165	3.9682501073347365
166	3.9682501073347365
167	3.9682501073347365
168	3.9682501073347365
169	3.9682501073347365
170	3.9682501073347365
171	3.9682501073347365
172	3.9682501073347365
173	3.9682501073347365
174	3.9682501073347365
175	3.9682501073347365
176	3.9682501073347365
177	3.9682501073347365
178	3.9682501073347365
179	3.9682501073347365
180	3.9682501073347365
181	3.9682501073347365
182	3.9682501073347365
183	3.9682501073347365
184	3.9682501073347365
185	3.9682501073347365
186	3.9682501073347365
187	3.9682501073347365
188	3.9682501073347365
189	3.9682501073347365
190	3.9682501073347365
191	3.9682501073347365
192	3.9682501073347365
193	3.9682501073347365
194	3.9682501073347365
195	3.9682501073347365
196	3.9682501073347365
197	3.9682501073347365
198	3.9682501073347365
199	3.9682501073347365
200	3.9682501073347365
201	3.9682501073347365
202	3.9682501073347365
203	3.9682501073347365
204	3.9682501073347365
205	3.9682501073347365
206	3.9682501073347365
207	3.9682501073347365
208	3.9682501073347365
209	3.9682501073347365
210	3.9682501073347365
211	3.9682501073347365
212	3.9682501073347365
213	3.9682501073347365
214	3.9682501073347365
215	3.9682501073347365
216	3.9682501073347365
217	3.9682501073347365
218	3.9682501073347365
219	3.9682501073347365
220	3.9682501073347365
221	3.9682501073347365
222	3.9682501073347365
223	3.9682501073347365
224	3.9682501073347365
225	3.9682501073347365
226	3.9682501073347365
227	3.9682501073347365
228	3.9682501073347365
229	3.9682501073347365
230	3.9682501073347365
231	3.9682501073347365
232	3.9682501073347365
233	3.9682501073347365
234	3.9682501073347365
235	3.9682501073347365
236	3.9682501073347365
237	3.9682501073347365
238	3.9682501073347365
239	3.9682501073347365
240	3.9682501073347365
241	3.9682501073347365
242	3.9682501073347365
243	3.9682501073347365
244	3.9682501073347365
245	3.9682501073347365
246	3.9682501073347365
247	3.9682501073347365
248	3.9682501073347365
249	3.9682501073347365
250	3.9682501073347365
251	3.9682501073347365
252	3.9682501073347365
253	3.9682501073347365
254	3.9682501073347365
255	3.9682501073347365
256	3.9682501073347365
257	3.9682501073347365
258	3.9682501073347365
259	3.9682501073347365
260	3.9682501073347365
261	3.9682501073347365
262	3.9682501073347365
263	3.9682501073347365
264	3.9682501073347365
265	3.9682501073347365
266	3.9682501073347365
267	3.9682501073347365
268	3.9682501073347365
269	3.9682501073347365
270	3.9682501073347365
271	3.9682501073347365
272	3.9682501073347365
273	3.9682501073347365
274	3.9682501073347365
275	3.9682501073347365
276	3.9682501073347365
277	3.9682501073347365
278	3.9682501073347365
279	3.9682501073347365
280	3.9682501073347365
281	3.9682501073347365
282	3.9682501073347365
283	3.9682501073347365
284	3.9682501073347365
285	3.9682501073347365
286	3.9682501073347365
287	3.9682501073347365
288	3.9682501073347365
289	3.9682501073347365
290	3.9682501073347365
291	3.9682501073347365
292	3.9682501073347365
293	3.9682501073347365
294	3.9682501073347365
295	3.9682501073347365
296	3.9682501073347365
297	3.9682501073347365
298	3.9682501073347365
299	3.9682501073347365
300	3.9682501073347365
301	3.9682501073347365
302	3.9682501073347365
303	3.9682501073347365
304	3.9682501073347365
305	3.9682501073347365
306	3.9682501073347365
307	3.9682501073347365
308	3.9682501073347365
309	3.9682501073347365
310	3.9682501073347365
311	3.9682501073347365
312	3.9682501073347365
313	3.9682501073347365
314	3.9682501073347365
315	3.9682501073347365
316	3.9682501073347365
317	3.9682501073347365
318	3.9682501073347365
319	3.9682501073347365
320	3.9682501073347365
321	3.9682501073347365
322	3.9682501073347365
323	3.9682501073347365
324	3.9682501073347365
325	3.9682501073347365
326	3.9682501073347365
327	3.9682501073347365
328	3.9682501073347365
329	3.9682501073347365
330	3.9682501073347365
331	3.9682501073347365
332	3.9682501073347365
333	3.9682501073347365
334	3.9682501073347365
335	3.9682501073347365
336	3.9682501073347365
337	3.9682501073347365
338	3.9682501073347365
339	3.9682501073347365
340	3.9682501073347365
341	3.9682501073347365
342	3.9682501073347365
343	3.9682501073347365
344	3.9682501073347365
345	3.9682501073347365
346	3.9682501073347365
347	3.9682501073347365
348	3.9682501073347365
349	3.9682501073347365
350	3.9682501073347365
351	3.9682501073347365
352	3.9682501073347365
353	3.9682501073347365
354	3.9682501073347365
355	3.9682501073347365
356	3.9682501073347365
357	3.9682501073347365
358	3.9682501073347365
359	3.9682501073347365
360	3.9682501073347365
361	3.9682501073347365
362	3.9682501073347365
363	3.9682501073347365
364	3.9682501073347365
365	3.9682501073347365
366	3.9682501073347365
367	3.9682501073347365
368	3.9682501073347365
369	3.9682501073347365
370	3.9682501073347365
371	3.9682501073347365
372	3.9682501073347365
373	3.9682501073347365
374	3.9682501073347365
375	3.9682501073347365
376	3.9682501073347365
377	3.9682501073347365
378	3.9682501073347365
379	3.9682501073347365
380	3.9682501073347365
381	3.9682501073347365
382	3.9682501073347365
383	3.9682501073347365
384	3.9682501073347365
385	3.9682501073347365
386	3.9682501073347365
387	3.9682501073347365
388	3.9682501073347365
389	3.9682501073347365
390	3.9682501073347365
391	3.9682501073347365
392	3.9682501073347365
393	3.9682501073347365
394	3.9682501073347365
395	3.9682501073347365
396	3.9682501073347365
397	3.9682501073347365
398	3.9682501073347365
399	3.9682501073347365
400	3.9682501073347365
401	3.9682501073347365
402	3.9682501073347365
403	3.9682501073347365
404	3.9682501073347365
405	3.9682501073347365
406	3.9682501073347365
407	3.9682501073347365
408	3.9682501073347365
409	3.9682501073347365
410	3.9682501073347365
411	3.9682501073347365
412	3.9682501073347365
413	3.9682501073347365
414	3.9682501073347365
415	3.9682501073347365
416	3.9682501073347365
417	3.9682501073347365
418	3.9682501073347365
419	3.9682501073347365
420	3.9682501073347365
421	3.9682501073347365
422	3.9682501073347365
423	3.9682501073347365
424	3.9682501073347365
425	3.9682501073347365
426	3.9682501073347365
427	3.9682501073347365
428	3.9682501073347365
429	3.9682501073347365
430	3.9682501073347365
431	3.9682501073347365
432	3.9682501073347365
433	3.9682501073347365
434	3.9682501073347365
435	3.9682501073347365
436	3.9682501073347365
437	3.9682501073347365
438	3.9682501073347365
439	3.9682501073347365
440	3.9682501073347365
441	3.9682501073347365
442	3.9682501073347365
443	3.9682501073347365
444	3.9682501073347365
445	3.9682501073347365
446	3.9682501073347365
447	3.9682501073347365
448	3.9682501073347365
449	3.9682501073347365
450	3.9682501073347365
451	3.9682501073347365
452	3.9682501073347365
453	3.9682501073347365
454	3.9682501073347365
455	3.9682501073347365
456	3.9682501073347365
457	3.9682501073347365
458	3.9682501073347365
459	3.9682501073347365
460	3.9682501073347365
461	3.9682501073347365
462	3.9682501073347365
463	3.9682501073347365
464	3.9682501073347365
465	3.9682501073347365
466	3.9682501073347365
467	3.9682501073347365
468	3.9682501073347365
469	3.9682501073347365
470	3.9682501073347365
471	3.9682501073347365
472	3.9682501073347365
473	3.9682501073347365
474	3.9682501073347365
475	3.9682501073347365
476	3.9682501073347365
477	3.9682501073347365
478	3.9682501073347365
479	3.9682501073347365
480	3.9682501073347365
481	3.9682501073347365
482	3.9682501073347365
483	3.9682501073347365
484	3.9682501073347365
485	3.9682501073347365
486	3.9682501073347365
487	3.9682501073347365
488	3.9682501073347365
489	3.9682501073347365
490	3.9682501073347365
491	3.9682501073347365
492	3.9682501073347365
493	3.9682501073347365
494	3.9682501073347365
495	3.9682501073347365
496	3.9682501073347365
497	3.9682501073347365
498	3.9682501073347365
499	3.9682501073347365
500	3.9682501073347365
501	3.9682501073347365
502	3.9682501073347365
503	3.9682501073347365
504	3.9682501073347365
505	3.9682501073347365
506	3.9682501073347365
507	3.9682501073347365
508	3.9682501073347365
509	3.9682501073347365
510	3.9682501073347365
511	3.9682501073347365
512	3.9682501073347365
513	3.9682501073347365
514	3.9682501073347365
515	3.9682501073347365
516	3.9682501073347365
517	3.9682501073347365
518	3.9682501073347365
519	3.9682501073347365
520	3.9682501073347365
521	3.9682501073347365
522	3.9682501073347365
523	3.9682501073347365
524	3.9682501073347365
525	3.9682501073347365
526	3.9682501073347365
527	3.9682501073347365
528	3.9682501073347365
529	3.9682501073347365
530	3.9682501073347365
531	3.9682501073347365
532	3.9682501073347365
533	3.9682501073347365
534	3.9682501073347365
535	3.9682501073347365
536	3.9682501073347365
537	3.9682501073347365
538	3.9682501073347365
539	3.9682501073347365
540	3.9682501073347365
541	3.9682501073347365
542	3.9682501073347365
543	3.9682501073347365
544	3.9682501073347365
545	3.9682501073347365
546	3.9682501073347365
547	3.9682501073347365
548	3.9682501073347365
549	3.9682501073347365
550	3.9682501073347365
551	3.9682501073347365
552	3.9682501073347365
553	3.9682501073347365
554	3.9682501073347365
555	3.9682501073347365
556	3.9682501073347365
557	3.9682501073347365
558	3.9682501073347365
559	3.9682501073347365
560	3.9682501073347365
561	3.9682501073347365
562	3.9682501073347365
563	3.9682501073347365
564	3.9682501073347365
565	3.9682501073347365
566	3.9682501073347365
567	3.9682501073347365
568	3.9682501073347365
569	3.9682501073347365
570	3.9682501073347365
571	3.9682501073347365
572	3.9682501073347365
573	3.9682501073347365
574	3.9682501073347365
575	3.9682501073347365
576	3.9682501073347365
577	3.9682501073347365
578	3.9682501073347365
579	3.9682501073347365
580	3.9682501073347365
581	3.9682501073347365
582	3.9682501073347365
583	3.9682501073347365
584	3.9682501073347365
585	3.9682501073347365
586	3.9682501073347365
587	3.9682501073347365
588	3.9682501073347365
589	3.9682501073347365
590	3.9682501073347365
591	3.9682501073347365
592	3.9682501073347365
593	3.9682501073347365
594	3.9682501073347365
595	3.9682501073347365
596	3.9682501073347365
597	3.9682501073347365
598	3.9682501073347365
599	3.9682501073347365
600	3.9682501073347365
601	3.9682501073347365
602	3.9682501073347365
603	3.9682501073347365
604	3.9682501073347365
605	3.9682501073347365
606	3.9682501073347365
607	3.9682501073347365
608	3.9682501073347365
609	3.9682501073347365
610	3.9682501073347365
611	3.9682501073347365
612	3.9682501073347365
613	3.9682501073347365
614	3.9682501073347365
615	3.9682501073347365
616	3.9682501073347365
617	3.9682501073347365
618	3.9682501073347365
619	3.9682501073347365
620	3.9682501073347365
621	3.9682501073347365
622	3.9682501073347365
623	3.9682501073347365
624	3.9682501073347365
625	3.9682501073347365
626	3.9682501073347365
627	3.9682501073347365
628	3.9682501073347365
629	3.9682501073347365
630	3.9682501073347365
631	3.9682501073347365
632	3.9682501073347365
633	3.9682501073347365
634	3.9682501073347365
635	3.9682501073347365
636	3.9682501073347365
637	3.9682501073347365
638	3.9682501073347365
639	3.9682501073347365
640	3.9682501073347365
641	3.9682501073347365
642	3.9682501073347365
643	3.9682501073347365
644	3.9682501073347365
645	3.9682501073347365
646	3.9682501073347365
647	3.9682501073347365
648	3.9682501073347365
649	3.9682501073347365
650	3.9682501073347365
651	3.9682501073347365
652	3.9682501073347365
653	3.9682501073347365
654	3.9682501073347365
655	3.9682501073347365
656	3.9682501073347365
657	3.9682501073347365
658	3.9682501073347365
659	3.9682501073347365
660	3.9682501073347365
661	3.9682501073347365
662	3.9682501073347365
663	3.9682501073347365
664	3.9682501073347365
665	3.9682501073347365
666	3.9682501073347365
667	3.9682501073347365
668	3.9682501073347365
669	3.9682501073347365
670	3.9682501073347365
671	3.9682501073347365
672	3.9682501073347365
673	3.9682501073347365
674	3.9682501073347365
675	3.9682501073347365
676	3.9682501073347365
677	3.9682501073347365
678	3.9682501073347365
679	3.9682501073347365
680	3.9682501073347365
681	3.9682501073347365
682	3.9682501073347365
683	3.9682501073347365
684	3.9682501073347365
685	3.9682501073347365
686	3.9682501073347365
687	3.9682501073347365
688	3.9682501073347365
689	3.9682501073347365
690	3.9682501073347365
691	3.9682501073347365
692	3.9682501073347365
693	3.9682501073347365
694	3.9682501073347365
695	3.9682501073347365
696	3.9682501073347365
697	3.9682501073347365
698	3.9682501073347365
699	3.9682501073347365
700	3.9682501073347365
701	3.9682501073347365
702	3.9682501073347365
703	3.9682501073347365
704	3.9682501073347365
705	3.9682501073347365
706	3.9682501073347365
707	3.9682501073347365
708	3.9682501073347365
709	3.9682501073347365
710	3.9682501073347365
711	3.9682501073347365
712	3.9682501073347365
713	3.9682501073347365
714	3.9682501073347365
715	3.9682501073347365
716	3.9682501073347365
717	3.9682501073347365
718	3.9682501073347365
719	3.9682501073347365
720	3.9682501073347365
721	3.9682501073347365
722	3.9682501073347365
723	3.9682501073347365
724	3.9682501073347365
725	3.9682501073347365
726	3.9682501073347365
727	3.9682501073347365
728	3.9682501073347365
729	3.9682501073347365
730	3.9682501073347365
731	3.9682501073347365
732	3.9682501073347365
733	3.9682501073347365
734	3.9682501073347365
735	3.9682501073347365
736	3.9682501073347365
737	3.9682501073347365
738	3.9682501073347365
739	3.9682501073347365
740	3.9682501073347365
741	3.9682501073347365
742	3.9682501073347365
743	3.9682501073347365
744	3.9682501073347365
745	3.9682501073347365
746	3.9682501073347365
747	3.9682501073347365
748	3.9682501073347365
749	3.9682501073347365
750	3.9682501073347365
751	3.9682501073347365
752	3.9682501073347365
753	3.9682501073347365
754	3.9682501073347365
755	3.9682501073347365
756	3.9682501073347365
757	3.9682501073347365
758	3.9682501073347365
759	3.9682501073347365
760	3.9682501073347365
761	3.9682501073347365
762	3.9682501073347365
763	3.9682501073347365
764	3.9682501073347365
765	3.9682501073347365
766	3.9682501073347365
767	3.9682501073347365
768	3.9682501073347365
769	3.9682501073347365
770	3.9682501073347365
771	3.9682501073347365
772	3.9682501073347365
773	3.9682501073347365
774	3.9682501073347365
775	3.9682501073347365
776	3.9682501073347365
777	3.9682501073347365
778	3.9682501073347365
779	3.9682501073347365
780	3.9682501073347365
781	3.9682501073347365
782	3.9682501073347365
783	3.9682501073347365
784	3.9682501073347365
785	3.9682501073347365
786	3.9682501073347365
787	3.9682501073347365
788	3.9682501073347365
789	3.9682501073347365
790	3.9682501073347365
791	3.9682501073347365
792	3.9682501073347365
793	3.9682501073347365
794	3.9682501073347365
795	3.9682501073347365
796	3.9682501073347365
797	3.9682501073347365
798	3.9682501073347365
799	3.9682501073347365
800	3.9682501073347365
801	3.9682501073347365
802	3.9682501073347365
803	3.9682501073347365
804	3.9682501073347365
805	3.9682501073347365
806	3.9682501073347365
807	3.9682501073347365
808	3.9682501073347365
809	3.9682501073347365
810	3.9682501073347365
811	3.9682501073347365
812	3.9682501073347365
813	3.9682501073347365
814	3.9682501073347365
815	3.9682501073347365
816	3.9682501073347365
817	3.9682501073347365
818	3.9682501073347365
819	3.9682501073347365
820	3.9682501073347365
821	3.9682501073347365
822	3.9682501073347365
823	3.9682501073347365
824	3.9682501073347365
825	3.9682501073347365
826	3.9682501073347365
827	3.9682501073347365
828	3.9682501073347365
829	3.9682501073347365
830	3.9682501073347365
831	3.9682501073347365
832	3.9682501073347365
833	3.9682501073347365
834	3.9682501073347365
835	3.9682501073347365
836	3.9682501073347365
837	3.9682501073347365
838	3.9682501073347365
839	3.9682501073347365
840	3.9682501073347365
841	3.9682501073347365
842	3.9682501073347365
843	3.9682501073347365
844	3.9682501073347365
845	3.9682501073347365
846	3.9682501073347365
847	3.9682501073347365
848	3.9682501073347365
849	3.9682501073347365
850	3.9682501073347365
851	3.9682501073347365
852	3.9682501073347365
853	3.9682501073347365
854	3.9682501073347365
855	3.9682501073347365
856	3.9682501073347365
857	3.9682501073347365
858	3.9682501073347365
859	3.9682501073347365
860	3.9682501073347365
861	3.9682501073347365
862	3.9682501073347365
863	3.9682501073347365
864	3.9682501073347365
865	3.9682501073347365
866	3.9682501073347365
867	3.9682501073347365
868	3.9682501073347365
869	3.9682501073347365
870	3.9682501073347365
871	3.9682501073347365
872	3.9682501073347365
873	3.9682501073347365
874	3.9682501073347365
875	3.9682501073347365
876	3.9682501073347365
877	3.9682501073347365
878	3.9682501073347365
879	3.9682501073347365
880	3.9682501073347365
881	3.9682501073347365
882	3.9682501073347365
883	3.9682501073347365
884	3.9682501073347365
885	3.9682501073347365
886	3.9682501073347365
887	3.9682501073347365
888	3.9682501073347365
889	3.9682501073347365
890	3.9682501073347365
891	3.9682501073347365
892	3.9682501073347365
893	3.9682501073347365
894	3.9682501073347365
895	3.9682501073347365
896	3.9682501073347365
897	3.9682501073347365
898	3.9682501073347365
899	3.9682501073347365
900	3.9682501073347365
901	3.9682501073347365
902	3.9682501073347365
903	3.9682501073347365
904	3.9682501073347365
905	3.9682501073347365
906	3.9682501073347365
907	3.9682501073347365
908	3.9682501073347365
909	3.9682501073347365
910	3.9682501073347365
911	3.9682501073347365
912	3.9682501073347365
913	3.9682501073347365
914	3.9682501073347365
915	3.9682501073347365
916	3.9682501073347365
917	3.9682501073347365
918	3.9682501073347365
919	3.9682501073347365
920	3.9682501073347365
921	3.9682501073347365
922	3.9682501073347365
923	3.9682501073347365
924	3.9682501073347365
925	3.9682501073347365
926	3.9682501073347365
927	3.9682501073347365
928	3.9682501073347365
929	3.9682501073347365
930	3.9682501073347365
931	3.9682501073347365
932	3.9682501073347365
933	3.9682501073347365
934	3.9682501073347365
935	3.9682501073347365
936	3.9682501073347365
937	3.9682501073347365
938	3.9682501073347365
939	3.9682501073347365
940	3.9682501073347365
941	3.9682501073347365
942	3.9682501073347365
943	3.9682501073347365
944	3.9682501073347365
945	3.9682501073347365
946	3.9682501073347365
947	3.9682501073347365
948	3.9682501073347365
949	3.9682501073347365
950	3.9682501073347365
951	3.9682501073347365
952	3.9682501073347365
953	3.9682501073347365
954	3.9682501073347365
955	3.9682501073347365
956	3.9682501073347365
957	3.9682501073347365
958	3.9682501073347365
959	3.9682501073347365
960	3.9682501073347365
961	3.9682501073347365
962	3.9682501073347365
963	3.9682501073347365
964	3.9682501073347365
965	3.9682501073347365
966	3.9682501073347365
967	3.9682501073347365
968	3.9682501073347365
969	3.9682501073347365
970	3.9682501073347365
971	3.9682501073347365
972	3.9682501073347365
973	3.9682501073347365
974	3.9682501073347365
975	3.9682501073347365
976	3.9682501073347365
977	3.9682501073347365
978	3.9682501073347365
979	3.9682501073347365
980	3.9682501073347365
981	3.9682501073347365
982	3.9682501073347365
983	3.9682501073347365
984	3.9682501073347365
985	3.9682501073347365
986	3.9682501073347365
987	3.9682501073347365
988	3.9682501073347365
989	3.9682501073347365
990	3.9682501073347365
991	3.9682501073347365
992	3.9682501073347365
993	3.9682501073347365
994	3.9682501073347365
995	3.9682501073347365
996	3.9682501073347365
997	3.9682501073347365
998	3.9682501073347365
999	3.9682501073347365
1000	3.9682501073347365
minimum found: [15.984, -31.969], 3.9682501073347365

