# Generation	ratio_optimal	mean_fitness
1	0.03136	23.0134
2	0.05275	24.8612
3	0.07315	26.054
4	0.0924	26.8713
5	0.11097	27.458
6	0.13021	27.9162
7	0.14793	28.2548
8	0.16446	28.5216
9	0.18105	28.7368
10	0.19729	28.9167
11	0.21299	29.0693
12	0.22787	29.1981
13	0.24232	29.303
14	0.25637	29.3962
15	0.27035	29.4765
16	0.28367	29.5489
17	0.29711	29.6119
18	0.31003	29.6692
19	0.32264	29.7205
20	0.33511	29.7675
21	0.34698	29.8092
22	0.35848	29.8472
23	0.36993	29.881
24	0.3808	29.9136
25	0.3912	29.9428
26	0.40086	29.9703
27	0.41037	29.9952
28	0.41929	30.0197
29	0.42809	30.0428
30	0.43674	30.065
31	0.44513	30.0856
32	0.45328	30.1049
33	0.461	30.123
34	0.4693	30.1411
35	0.47709	30.1585
36	0.48481	30.1744
37	0.49167	30.1899
38	0.49834	30.2045
39	0.50465	30.2182
40	0.51049	30.2309
41	0.51642	30.2435
42	0.52225	30.2557
43	0.52779	30.2673
44	0.53322	30.279
45	0.53835	30.2903
46	0.54338	30.3012
47	0.54836	30.3116
48	0.55327	30.3222
49	0.55803	30.3322
50	0.56251	30.3416
51	0.5666	30.3508
52	0.5707	30.3596
53	0.5746	30.3678
54	0.57818	30.3759
55	0.58179	30.3836
56	0.58524	30.3911
57	0.58845	30.3985
58	0.59205	30.4066
59	0.59536	30.414
60	0.59888	30.4213
61	0.60222	30.4282
62	0.60546	30.4351
63	0.60837	30.4419
64	0.61108	30.4477
65	0.61389	30.4537
66	0.61655	30.4602
67	0.61922	30.466
68	0.6216	30.4713
69	0.6242	30.4772
70	0.62662	30.4829
71	0.62902	30.4881
72	0.63154	30.4934
73	0.63383	30.4987
74	0.63617	30.5037
75	0.63882	30.5092
76	0.64089	30.5139
77	0.64301	30.5185
78	0.64496	30.5229
79	0.64715	30.5277
80	0.64925	30.5323
81	0.65093	30.5364
82	0.65272	30.5404
83	0.65457	30.5446
84	0.65623	30.5485
85	0.65795	30.5519
86	0.65953	30.5559
87	0.66124	30.5593
88	0.66294	30.5633
89	0.66458	30.567
90	0.66608	30.5702
91	0.6679	30.5741
92	0.66939	30.5779
93	0.67103	30.5817
94	0.67242	30.5845
95	0.67388	30.5877
96	0.67532	30.5909
97	0.67677	30.594
98	0.67826	30.5971
99	0.67956	30.5999
100	0.68093	30.6027
101	0.68217	30.6055
102	0.68343	30.6084
103	0.68457	30.6111
104	0.68576	30.6136
105	0.68675	30.6161
106	0.68802	30.6187
107	0.68908	30.6211
108	0.69018	30.6234
109	0.69137	30.6261
110	0.69234	30.6285
111	0.69348	30.6308
112	0.69444	30.6331
113	0.69568	30.6356
114	0.69658	30.6375
115	0.6975	30.6395
116	0.69841	30.6413
117	0.6995	30.6434
118	0.70048	30.6455
119	0.7014	30.6476
120	0.70244	30.6497
121	0.7034	30.6516
122	0.70425	30.6536
123	0.70516	30.6557
124	0.70611	30.6579
125	0.70688	30.6593
126	0.70762	30.6608
127	0.70854	30.6627
128	0.70958	30.6647
129	0.71036	30.6663
130	0.71134	30.6682
131	0.71215	30.6697
132	0.71299	30.6713
133	0.71367	30.6727
134	0.71447	30.6743
135	0.71515	30.6758
136	0.71577	30.6772
137	0.71637	30.6785
138	0.71705	30.6799
139	0.71771	30.6814
140	0.71838	30.683
141	0.71906	30.6842
142	0.7198	30.6857
143	0.72052	30.687
144	0.72118	30.6883
145	0.72188	30.6897
146	0.72266	30.6911
147	0.72327	30.6922
148	0.72386	30.6933
149	0.72451	30.6944
150	0.72507	30.6955
151	0.72563	30.6966
152	0.72624	30.6977
153	0.72687	30.6988
154	0.72739	30.6998
155	0.72794	30.7008
156	0.7287	30.7021
157	0.72933	30.7032
158	0.72988	30.7044
159	0.73051	30.7054
160	0.731	30.7064
161	0.73144	30.7072
162	0.73206	30.7083
163	0.73271	30.7095
164	0.7332	30.7105
165	0.73373	30.7114
166	0.73431	30.7126
167	0.73499	30.7136
168	0.73564	30.7147
169	0.7361	30.7155
170	0.73659	30.7164
171	0.73703	30.7171
172	0.73757	30.718
173	0.73801	30.7189
174	0.73853	30.7198
175	0.73911	30.7207
176	0.73972	30.7218
177	0.74028	30.7228
178	0.7408	30.7237
179	0.74125	30.7245
180	0.74168	30.7254
181	0.74211	30.7261
182	0.74253	30.7268
183	0.743	30.7275
184	0.74341	30.7282
185	0.74388	30.729
186	0.74432	30.7296
187	0.74464	30.7302
188	0.74504	30.7309
189	0.74544	30.7315
190	0.7458	30.7321
191	0.74625	30.733
192	0.74668	30.7337
193	0.74716	30.7344
194	0.74764	30.7351
195	0.74799	30.7357
196	0.74839	30.7362
197	0.74892	30.737
198	0.74943	30.7377
199	0.74977	30.7383
200	0.7502	30.739
201	0.75059	30.7396
202	0.75089	30.74
203	0.75135	30.7407
204	0.75169	30.7412
205	0.752	30.7417
206	0.75231	30.7422
207	0.75282	30.7428
208	0.7531	30.7434
209	0.75358	30.7441
210	0.75395	30.7446
211	0.75433	30.7451
212	0.75472	30.7457
213	0.75513	30.7462
214	0.75544	30.7468
215	0.75585	30.7473
216	0.75618	30.7478
217	0.75654	30.7484
218	0.75689	30.7489
219	0.75722	30.7493
220	0.7576	30.7497
221	0.758	30.7503
222	0.7583	30.7507
223	0.75872	30.7513
224	0.75905	30.7517
225	0.7595	30.7524
226	0.75978	30.7528
227	0.76009	30.7531
228	0.76044	30.7536
229	0.76088	30.7542
230	0.7613	30.7548
231	0.76176	30.7554
232	0.76214	30.7559
233	0.76251	30.7565
234	0.76281	30.7569
235	0.76318	30.7574
236	0.76355	30.7579
237	0.76384	30.7583
238	0.7643	30.7588
239	0.76474	30.7594
240	0.76502	30.7598
241	0.76532	30.7603
242	0.76564	30.7607
243	0.76587	30.761
244	0.76624	30.7615
245	0.76647	30.7618
246	0.76667	30.7621
247	0.76697	30.7624
248	0.7673	30.7629
249	0.76771	30.7633
250	0.76812	30.7638
251	0.76847	30.7642
252	0.76874	30.7645
253	0.76911	30.765
254	0.76937	30.7653
255	0.76969	30.7657
256	0.7701	30.7662
257	0.77046	30.7666
258	0.77081	30.7671
259	0.77118	30.7675
260	0.7716	30.768
261	0.77192	30.7684
262	0.77225	30.7687
263	0.77255	30.7691
264	0.77284	30.7694
265	0.77313	30.7698
266	0.77337	30.7701
267	0.77366	30.7704
268	0.77395	30.7707
269	0.77431	30.7711
270	0.77465	30.7715
271	0.77487	30.7718
272	0.77518	30.7722
273	0.77549	30.7726
274	0.77568	30.7729
275	0.77598	30.7732
276	0.77618	30.7735
277	0.77654	30.7739
278	0.77689	30.7743
279	0.77713	30.7746
280	0.77741	30.7749
281	0.77777	30.7753
282	0.77813	30.7757
283	0.77836	30.776
284	0.7786	30.7763
285	0.77888	30.7765
286	0.77912	30.7768
287	0.77945	30.7772
288	0.77977	30.7776
289	0.78008	30.778
290	0.78039	30.7783
291	0.78069	30.7786
292	0.78103	30.779
293	0.78141	30.7794
294	0.78173	30.7797
295	0.78205	30.7801
296	0.78238	30.7804
297	0.78269	30.7808
298	0.78305	30.7812
299	0.78345	30.7816
300	0.78374	30.7819
301	0.78403	30.7822
302	0.78426	30.7825
303	0.78447	30.7827
304	0.78478	30.783
305	0.78516	30.7835
306	0.78554	30.7839
307	0.7858	30.7842
308	0.78614	30.7845
309	0.78649	30.7849
310	0.78682	30.7852
311	0.78718	30.7856
312	0.78758	30.7861
313	0.78782	30.7864
314	0.78806	30.7866
315	0.78837	30.787
316	0.78877	30.7874
317	0.78908	30.7877
318	0.78934	30.788
319	0.78962	30.7883
320	0.78989	30.7886
321	0.79013	30.7889
322	0.79047	30.7893
323	0.79073	30.7896
324	0.79101	30.7899
325	0.79134	30.7903
326	0.79166	30.7906
327	0.79197	30.791
328	0.79232	30.7913
329	0.79253	30.7916
330	0.79285	30.7919
331	0.79312	30.7922
332	0.79341	30.7925
333	0.79378	30.7929
334	0.79402	30.7932
335	0.79432	30.7935
336	0.7945	30.7936
337	0.79477	30.794
338	0.7951	30.7943
339	0.79536	30.7946
340	0.79565	30.7949
341	0.79584	30.7951
342	0.79607	30.7953
343	0.79632	30.7956
344	0.79657	30.7959
345	0.79675	30.7961
346	0.79698	30.7963
347	0.79717	30.7965
348	0.79747	30.7968
349	0.79778	30.7971
350	0.79796	30.7973
351	0.79823	30.7976
352	0.79848	30.7979
353	0.79874	30.7982
354	0.79896	30.7984
355	0.79923	30.7987
356	0.7996	30.7991
357	0.79992	30.7994
358	0.80011	30.7996
359	0.80032	30.7999
360	0.80058	30.8002
361	0.80091	30.8005
362	0.80116	30.8008
363	0.80139	30.801
364	0.80168	30.8013
365	0.80194	30.8016
366	0.8022	30.8018
367	0.80245	30.8021
368	0.80265	30.8023
369	0.8029	30.8025
370	0.80306	30.8027
371	0.8033	30.8029
372	0.80357	30.8032
373	0.80384	30.8035
374	0.8041	30.8037
375	0.80433	30.804
376	0.80452	30.8042
377	0.8047	30.8043
378	0.80492	30.8046
379	0.80527	30.8049
380	0.80547	30.8051
381	0.80573	30.8054
382	0.80601	30.8057
383	0.80632	30.806
384	0.80656	30.8062
385	0.8068	30.8065
386	0.80712	30.8068
387	0.80739	30.8071
388	0.80757	30.8073
389	0.80785	30.8075
390	0.8081	30.8078
391	0.80839	30.8081
392	0.80872	30.8085
393	0.80898	30.8087
394	0.80926	30.809
395	0.80947	30.8092
396	0.8097	30.8094
397	0.80995	30.8097
398	0.81017	30.8099
399	0.81041	30.8102
400	0.81062	30.8104
401	0.8108	30.8106
402	0.81103	30.8108
403	0.81123	30.811
404	0.81156	30.8114
405	0.81177	30.8116
406	0.81203	30.8118
407	0.81229	30.8121
408	0.81258	30.8124
409	0.81276	30.8126
410	0.81295	30.8128
411	0.81322	30.8131
412	0.81355	30.8134
413	0.81373	30.8136
414	0.81399	30.8138
415	0.81439	30.8143
416	0.81467	30.8146
417	0.81495	30.8148
418	0.81523	30.8151
419	0.81554	30.8154
420	0.81574	30.8157
421	0.81597	30.8159
422	0.81621	30.8161
423	0.81646	30.8164
424	0.8167	30.8166
425	0.81692	30.8168
426	0.81729	30.8172
427	0.81753	30.8174
428	0.81773	30.8176
429	0.81791	30.8178
430	0.81817	30.8181
431	0.81846	30.8184
432	0.81869	30.8186
433	0.81898	30.8189
434	0.81929	30.8192
435	0.81955	30.8195
436	0.81987	30.8198
437	0.82004	30.82
438	0.82029	30.8202
439	0.82054	30.8205
440	0.8208	30.8208
441	0.82107	30.821
442	0.82125	30.8212
443	0.82151	30.8215
444	0.82174	30.8217
445	0.8219	30.8219
446	0.82203	30.822
447	0.82224	30.8222
448	0.82245	30.8224
449	0.82264	30.8226
450	0.82287	30.8228
451	0.82312	30.8231
452	0.82331	30.8233
453	0.82348	30.8234
454	0.82366	30.8236
455	0.82384	30.8238
456	0.82407	30.824
457	0.82434	30.8243
458	0.82458	30.8245
459	0.82477	30.8247
460	0.82502	30.825
461	0.8252	30.8252
462	0.82546	30.8254
463	0.8257	30.8257
464	0.82593	30.8259
465	0.82617	30.8261
466	0.82635	30.8263
467	0.82662	30.8266
468	0.82682	30.8268
469	0.82709	30.827
470	0.82726	30.8272
471	0.82761	30.8276
472	0.82789	30.8279
473	0.82806	30.828
474	0.82827	30.8282
475	0.82852	30.8285
476	0.82869	30.8287
477	0.82897	30.8289
478	0.82911	30.8291
479	0.82932	30.8293
480	0.82953	30.8295
481	0.82979	30.8298
482	0.82999	30.83
483	0.83021	30.8302
484	0.83041	30.8304
485	0.83067	30.8306
486	0.83077	30.8307
487	0.83097	30.831
488	0.83112	30.8311
489	0.83126	30.8312
490	0.8315	30.8315
491	0.83175	30.8317
492	0.83198	30.832
493	0.83215	30.8321
494	0.83235	30.8323
495	0.83261	30.8326
496	0.8328	30.8328
497	0.83307	30.8331
498	0.83327	30.8332
499	0.83346	30.8334
500	0.83364	30.8336
501	0.83382	30.8338
502	0.83405	30.834
503	0.83425	30.8342
504	0.83444	30.8344
505	0.83463	30.8346
506	0.83487	30.8348
507	0.83519	30.8352
508	0.83538	30.8354
509	0.83569	30.8357
510	0.83587	30.8359
511	0.83604	30.836
512	0.83626	30.8362
513	0.83648	30.8365
514	0.83678	30.8368
515	0.83694	30.8369
516	0.83716	30.8371
517	0.83734	30.8373
518	0.83756	30.8375
519	0.83782	30.8378
520	0.83805	30.838
521	0.83834	30.8383
522	0.83853	30.8385
523	0.83875	30.8387
524	0.83897	30.839
525	0.83918	30.8392
526	0.83936	30.8393
527	0.83949	30.8395
528	0.83973	30.8397
529	0.83992	30.8399
530	0.84018	30.8402
531	0.84036	30.8403
532	0.84059	30.8406
533	0.84081	30.8408
534	0.84101	30.841
535	0.84117	30.8411
536	0.8414	30.8414
537	0.84159	30.8416
538	0.84184	30.8418
539	0.84204	30.842
540	0.84228	30.8423
541	0.84247	30.8424
542	0.84265	30.8426
543	0.84293	30.8429
544	0.84317	30.8432
545	0.84338	30.8434
546	0.84358	30.8436
547	0.84381	30.8438
548	0.84402	30.844
549	0.84422	30.8442
550	0.84449	30.8445
551	0.84471	30.8447
552	0.84495	30.845
553	0.84509	30.8451
554	0.84534	30.8453
555	0.84553	30.8455
556	0.84573	30.8457
557	0.84592	30.8459
558	0.84619	30.8462
559	0.84637	30.8464
560	0.84652	30.8465
561	0.84671	30.8467
562	0.84688	30.8469
563	0.84699	30.847
564	0.84721	30.8472
565	0.84732	30.8473
566	0.84763	30.8476
567	0.84784	30.8478
568	0.84802	30.848
569	0.84814	30.8481
570	0.84837	30.8484
571	0.84855	30.8485
572	0.84882	30.8488
573	0.84899	30.849
574	0.84913	30.8491
575	0.84931	30.8493
576	0.84946	30.8495
577	0.84966	30.8497
578	0.84986	30.8499
579	0.84997	30.85
580	0.8502	30.8502
581	0.8504	30.8504
582	0.85059	30.8506
583	0.8508	30.8508
584	0.851	30.851
585	0.85111	30.8511
586	0.85127	30.8513
587	0.85154	30.8515
588	0.85174	30.8517
589	0.85196	30.852
590	0.85221	30.8522
591	0.85231	30.8523
592	0.8525	30.8525
593	0.8526	30.8526
594	0.85275	30.8528
595	0.85288	30.8529
596	0.85301	30.853
597	0.85324	30.8532
598	0.85347	30.8535
599	0.85361	30.8536
600	0.85375	30.8538
601	0.8539	30.8539
602	0.8541	30.8541
603	0.85431	30.8543
604	0.85447	30.8545
605	0.85471	30.8547
606	0.8549	30.8549
607	0.85506	30.8551
608	0.85524	30.8552
609	0.85544	30.8554
610	0.85566	30.8557
611	0.85583	30.8558
612	0.856	30.856
613	0.85624	30.8562
614	0.85646	30.8565
615	0.85668	30.8567
616	0.85683	30.8568
617	0.85704	30.857
618	0.85724	30.8572
619	0.85742	30.8574
620	0.85754	30.8575
621	0.85775	30.8577
622	0.85797	30.858
623	0.85818	30.8582
624	0.85835	30.8584
625	0.85855	30.8586
626	0.85872	30.8587
627	0.85894	30.8589
628	0.85909	30.8591
629	0.85929	30.8593
630	0.85953	30.8595
631	0.85971	30.8597
632	0.85988	30.8599
633	0.86009	30.8601
634	0.86023	30.8602
635	0.86048	30.8605
636	0.86066	30.8607
637	0.8608	30.8608
638	0.86086	30.8609
639	0.86109	30.8611
640	0.86122	30.8612
641	0.86136	30.8614
642	0.86153	30.8615
643	0.86177	30.8618
644	0.86189	30.8619
645	0.86201	30.862
646	0.86217	30.8622
647	0.86231	30.8623
648	0.86242	30.8624
649	0.86256	30.8626
650	0.86269	30.8627
651	0.86285	30.8629
652	0.863	30.863
653	0.86316	30.8632
654	0.86329	30.8633
655	0.86349	30.8635
656	0.86366	30.8637
657	0.86378	30.8638
658	0.864	30.864
659	0.86416	30.8642
660	0.86431	30.8643
661	0.86453	30.8645
662	0.86473	30.8647
663	0.8649	30.8649
664	0.86507	30.8651
665	0.86524	30.8652
666	0.8655	30.8655
667	0.86567	30.8657
668	0.86588	30.8659
669	0.86599	30.866
670	0.86613	30.8661
671	0.86633	30.8663
672	0.86649	30.8665
673	0.86666	30.8667
674	0.86683	30.8668
675	0.86693	30.8669
676	0.86714	30.8671
677	0.86741	30.8674
678	0.86756	30.8676
679	0.86776	30.8678
680	0.86789	30.8679
681	0.86804	30.868
682	0.86824	30.8682
683	0.86843	30.8684
684	0.86858	30.8686
685	0.86871	30.8687
686	0.86885	30.8688
687	0.86902	30.869
688	0.86926	30.8693
689	0.86944	30.8694
690	0.86961	30.8696
691	0.86979	30.8698
692	0.87	30.87
693	0.87015	30.8701
694	0.8703	30.8703
695	0.87045	30.8705
696	0.87063	30.8706
697	0.8708	30.8708
698	0.8709	30.8709
699	0.87105	30.8711
700	0.87123	30.8712
701	0.87137	30.8714
702	0.87157	30.8716
703	0.87175	30.8717
704	0.87194	30.8719
705	0.87208	30.8721
706	0.87219	30.8722
707	0.8723	30.8723
708	0.87244	30.8724
709	0.87259	30.8726
710	0.8728	30.8728
711	0.87292	30.8729
712	0.87313	30.8731
713	0.87323	30.8732
714	0.87336	30.8734
715	0.87347	30.8735
716	0.87366	30.8737
717	0.8739	30.8739
718	0.87405	30.8741
719	0.87423	30.8742
720	0.87439	30.8744
721	0.87457	30.8746
722	0.87474	30.8747
723	0.87493	30.8749
724	0.8751	30.8751
725	0.87527	30.8753
726	0.87543	30.8754
727	0.87561	30.8756
728	0.87581	30.8758
729	0.87598	30.876
730	0.8761	30.8761
731	0.87625	30.8762
732	0.87642	30.8764
733	0.87659	30.8766
734	0.87675	30.8768
735	0.87688	30.8769
736	0.87695	30.877
737	0.87716	30.8772
738	0.87732	30.8773
739	0.87752	30.8775
740	0.87767	30.8777
741	0.8778	30.8778
742	0.87801	30.878
743	0.87816	30.8782
744	0.87833	30.8783
745	0.87844	30.8784
746	0.87862	30.8786
747	0.87882	30.8788
748	0.87898	30.879
749	0.87919	30.8792
750	0.8794	30.8794
751	0.8796	30.8796
752	0.87977	30.8798
753	0.87993	30.8799
754	0.88019	30.8802
755	0.88026	30.8803
756	0.88037	30.8804
757	0.88048	30.8805
758	0.88061	30.8806
759	0.88077	30.8808
760	0.88093	30.8809
761	0.88112	30.8811
762	0.88127	30.8813
763	0.88147	30.8815
764	0.88165	30.8817
765	0.88176	30.8818
766	0.8819	30.8819
767	0.88209	30.8821
768	0.88224	30.8822
769	0.88239	30.8824
770	0.88252	30.8825
771	0.8827	30.8827
772	0.88287	30.8829
773	0.88305	30.8831
774	0.88318	30.8832
775	0.88338	30.8834
776	0.88351	30.8835
777	0.88365	30.8836
778	0.88375	30.8837
779	0.88396	30.884
780	0.88413	30.8841
781	0.88427	30.8843
782	0.88442	30.8844
783	0.88455	30.8846
784	0.88475	30.8848
785	0.88488	30.8849
786	0.88503	30.885
787	0.88511	30.8851
788	0.88522	30.8852
789	0.88536	30.8854
790	0.88551	30.8855
791	0.88567	30.8857
792	0.88576	30.8858
793	0.88593	30.8859
794	0.88608	30.8861
795	0.88622	30.8862
796	0.88633	30.8863
797	0.88647	30.8865
798	0.88656	30.8866
799	0.88673	30.8867
800	0.8869	30.8869
801	0.88713	30.8871
802	0.88728	30.8873
803	0.88742	30.8874
804	0.88757	30.8876
805	0.88778	30.8878
806	0.8879	30.8879
807	0.88809	30.8881
808	0.88818	30.8882
809	0.8883	30.8883
810	0.88848	30.8885
811	0.88863	30.8886
812	0.88877	30.8888
813	0.88886	30.8889
814	0.88899	30.889
815	0.88909	30.8891
816	0.88925	30.8893
817	0.88939	30.8894
818	0.88952	30.8895
819	0.88962	30.8896
820	0.88976	30.8898
821	0.88986	30.8899
822	0.89001	30.89
823	0.89017	30.8902
824	0.89037	30.8904
825	0.89048	30.8905
826	0.89062	30.8906
827	0.8907	30.8907
828	0.89084	30.8908
829	0.89103	30.891
830	0.89117	30.8912
831	0.89128	30.8913
832	0.89141	30.8914
833	0.89162	30.8916
834	0.89175	30.8917
835	0.8919	30.8919
836	0.89203	30.892
837	0.8922	30.8922
838	0.89234	30.8923
839	0.89247	30.8925
840	0.8926	30.8926
841	0.89274	30.8927
842	0.89285	30.8928
843	0.89297	30.893
844	0.89309	30.8931
845	0.89322	30.8932
846	0.89335	30.8934
847	0.89351	30.8935
848	0.89359	30.8936
849	0.89372	30.8937
850	0.89385	30.8939
851	0.89399	30.894
852	0.89412	30.8941
853	0.89426	30.8943
854	0.89439	30.8944
855	0.89448	30.8945
856	0.89466	30.8947
857	0.89481	30.8948
858	0.89495	30.895
859	0.89511	30.8951
860	0.89521	30.8952
861	0.89536	30.8954
862	0.89543	30.8954
863	0.89555	30.8956
864	0.89569	30.8957
865	0.89583	30.8958
866	0.89597	30.896
867	0.89614	30.8961
868	0.89625	30.8962
869	0.8964	30.8964
870	0.89652	30.8965
871	0.89665	30.8967
872	0.8968	30.8968
873	0.89696	30.897
874	0.89705	30.8971
875	0.89726	30.8973
876	0.89735	30.8973
877	0.89748	30.8975
878	0.89761	30.8976
879	0.89775	30.8977
880	0.89789	30.8979
881	0.89804	30.898
882	0.8982	30.8982
883	0.89835	30.8984
884	0.89847	30.8985
885	0.89855	30.8986
886	0.89863	30.8986
887	0.89875	30.8987
888	0.89891	30.8989
889	0.89906	30.8991
890	0.89915	30.8991
891	0.89932	30.8993
892	0.89943	30.8994
893	0.8996	30.8996
894	0.89971	30.8997
895	0.89983	30.8998
896	0.89997	30.9
897	0.90011	30.9001
898	0.90025	30.9002
899	0.90038	30.9004
900	0.90047	30.9005
901	0.90061	30.9006
902	0.90072	30.9007
903	0.90092	30.9009
904	0.90101	30.901
905	0.90118	30.9012
906	0.90135	30.9014
907	0.90146	30.9015
908	0.9015	30.9015
909	0.90165	30.9017
910	0.90178	30.9018
911	0.90183	30.9018
912	0.90195	30.9019
913	0.90204	30.902
914	0.90223	30.9022
915	0.90235	30.9023
916	0.90243	30.9024
917	0.90252	30.9025
918	0.90266	30.9027
919	0.90273	30.9027
920	0.90282	30.9028
921	0.90296	30.903
922	0.90305	30.9031
923	0.90319	30.9032
924	0.90332	30.9033
925	0.9034	30.9034
926	0.90351	30.9035
927	0.90362	30.9036
928	0.90378	30.9038
929	0.90383	30.9038
930	0.90394	30.9039
931	0.90407	30.9041
932	0.9042	30.9042
933	0.90434	30.9043
934	0.90444	30.9044
935	0.90457	30.9046
936	0.9046	30.9046
937	0.90468	30.9047
938	0.90479	30.9048
939	0.90497	30.905
940	0.90511	30.9051
941	0.90522	30.9052
942	0.90535	30.9053
943	0.90549	30.9055
944	0.90568	30.9057
945	0.90585	30.9059
946	0.90599	30.906
947	0.90613	30.9061
948	0.90625	30.9062
949	0.90635	30.9063
950	0.90647	30.9065
951	0.90659	30.9066
952	0.90671	30.9067
953	0.90686	30.9069
954	0.90695	30.9069
955	0.90707	30.9071
956	0.90715	30.9072
957	0.90727	30.9073
958	0.90746	30.9075
959	0.90763	30.9076
960	0.90778	30.9078
961	0.9079	30.9079
962	0.90807	30.9081
963	0.90816	30.9082
964	0.90827	30.9083
965	0.90843	30.9084
966	0.90857	30.9086
967	0.90867	30.9087
968	0.9088	30.9088
969	0.90892	30.9089
970	0.90904	30.909
971	0.90912	30.9091
972	0.90934	30.9093
973	0.90939	30.9094
974	0.90952	30.9095
975	0.90968	30.9097
976	0.90982	30.9098
977	0.90988	30.9099
978	0.91002	30.91
979	0.91012	30.9101
980	0.91026	30.9103
981	0.91042	30.9104
982	0.91051	30.9105
983	0.91068	30.9107
984	0.91084	30.9108
985	0.91093	30.9109
986	0.91104	30.911
987	0.9111	30.9111
988	0.9112	30.9112
989	0.91134	30.9113
990	0.91142	30.9114
991	0.91156	30.9116
992	0.9117	30.9117
993	0.91181	30.9118
994	0.91191	30.9119
995	0.91198	30.912
996	0.91207	30.9121
997	0.91223	30.9122
998	0.9124	30.9124
999	0.9125	30.9125
1000	0.9126	30.9126
