# Generation	ratio_optimal	mean_fitness
0	0.03122	22.9835
1	0.03451	23.1981
2	0.03466	23.2859
3	0.03538	23.344
4	0.03723	23.3772
5	0.03669	23.3895
6	0.03695	23.4131
7	0.03699	23.4431
8	0.03692	23.4383
9	0.03659	23.4438
10	0.03798	23.4401
11	0.03678	23.4314
12	0.0359	23.4345
13	0.03628	23.4337
14	0.03745	23.4431
15	0.03691	23.4539
16	0.03726	23.442
17	0.03795	23.4624
18	0.03764	23.4648
19	0.03697	23.462
20	0.03619	23.4675
21	0.0369	23.4721
22	0.03744	23.501
23	0.03769	23.5006
24	0.0364	23.4831
25	0.03726	23.5024
26	0.03751	23.4944
27	0.03745	23.5014
28	0.03767	23.5084
29	0.03788	23.5006
30	0.03727	23.5269
31	0.03773	23.5117
32	0.03775	23.5247
33	0.03764	23.503
34	0.03746	23.5177
35	0.03837	23.5153
36	0.03852	23.5062
37	0.0368	23.4935
38	0.03723	23.5092
39	0.03795	23.504
40	0.03692	23.4803
41	0.03749	23.5052
42	0.03775	23.5008
43	0.03754	23.4877
44	0.03672	23.5159
45	0.0372	23.532
46	0.03703	23.5243
47	0.03773	23.5382
48	0.03774	23.5507
49	0.03774	23.5626
50	0.03828	23.5711
51	0.03802	23.5574
52	0.03807	23.5573
53	0.03842	23.5606
54	0.03768	23.538
55	0.03779	23.5499
56	0.03847	23.5542
57	0.03941	23.5862
58	0.03871	23.5818
59	0.03878	23.591
60	0.03777	23.5882
61	0.03791	23.572
62	0.03947	23.5875
63	0.03807	23.5835
64	0.03847	23.5645
65	0.03864	23.5776
66	0.03813	23.5959
67	0.03933	23.5896
68	0.03984	23.606
69	0.03963	23.6099
70	0.0393	23.5877
71	0.03895	23.5986
72	0.03989	23.6114
73	0.03856	23.5931
74	0.03904	23.6163
75	0.03944	23.6187
76	0.03848	23.6284
77	0.03884	23.6104
78	0.03893	23.627
79	0.03906	23.6466
80	0.04014	23.6281
81	0.04004	23.6285
82	0.03953	23.6358
83	0.03953	23.6351
84	0.0387	23.6684
85	0.03989	23.66
86	0.03865	23.6646
87	0.0394	23.6722
88	0.03952	23.6663
89	0.03971	23.6839
90	0.03979	23.6662
91	0.0386	23.6728
92	0.03952	23.6717
93	0.03929	23.6754
94	0.03969	23.6611
95	0.03888	23.6599
96	0.03943	23.6606
97	0.03989	23.6742
98	0.03847	23.6781
99	0.0392	23.6783
100	0.03909	23.6581
101	0.03875	23.6757
102	0.03956	23.6867
103	0.03977	23.7238
104	0.03991	23.7161
105	0.03922	23.7128
106	0.03941	23.6954
107	0.03892	23.6941
108	0.04053	23.7233
109	0.0402	23.7344
110	0.03925	23.7326
111	0.04046	23.7117
112	0.03989	23.7131
113	0.03975	23.7292
114	0.04082	23.7364
115	0.04005	23.7428
116	0.04013	23.7449
117	0.04027	23.7412
118	0.04158	23.7433
119	0.04011	23.7534
120	0.04082	23.7592
121	0.03937	23.7424
122	0.04069	23.7518
123	0.0408	23.7698
124	0.04205	23.7828
125	0.04068	23.8112
126	0.04136	23.8096
127	0.04116	23.789
128	0.04149	23.7938
129	0.0413	23.7978
130	0.04215	23.7994
131	0.04041	23.7852
132	0.04172	23.7967
133	0.04166	23.8038
134	0.0424	23.8148
135	0.04228	23.8202
136	0.04237	23.8364
137	0.04247	23.8435
138	0.04198	23.8266
139	0.04219	23.8418
140	0.04181	23.8398
141	0.04256	23.8213
142	0.04247	23.8364
143	0.04251	23.8432
144	0.04288	23.8712
145	0.04263	23.8717
146	0.04375	23.8833
147	0.04281	23.8713
148	0.04393	23.8741
149	0.04288	23.8822
150	0.04221	23.8987
151	0.04247	23.9069
152	0.04267	23.8854
153	0.04224	23.9175
154	0.04378	23.9283
155	0.0441	23.9225
156	0.04397	23.9558
157	0.04396	23.9339
158	0.04381	23.9502
159	0.04444	23.9381
160	0.04378	23.9405
161	0.04331	23.9137
162	0.04379	23.9241
163	0.04315	23.933
164	0.04318	23.9661
165	0.04242	23.9755
166	0.04387	23.9648
167	0.04429	23.9786
168	0.04476	23.9717
169	0.044	23.9775
170	0.04417	23.9661
171	0.04449	23.9749
172	0.04392	23.9698
173	0.04383	24.0054
174	0.04438	24.0058
175	0.04443	24.0146
176	0.0449	24.0241
177	0.04453	24.0207
178	0.04439	24.0098
179	0.04429	24.0366
180	0.04489	24.0546
181	0.0455	24.0547
182	0.04574	24.0437
183	0.04386	24.0527
184	0.04491	24.0559
185	0.04553	24.0342
186	0.04578	24.05
187	0.04674	24.0806
188	0.04524	24.0705
189	0.04612	24.1061
190	0.04474	24.1048
191	0.04568	24.1101
192	0.04695	24.1147
193	0.0469	24.1231
194	0.04683	24.1376
195	0.04704	24.1475
196	0.04798	24.1375
197	0.04656	24.1374
198	0.04693	24.136
199	0.04676	24.1382
200	0.04621	24.147
201	0.04662	24.1467
202	0.0473	24.159
203	0.04638	24.16
204	0.04684	24.1701
205	0.04753	24.1807
206	0.04632	24.1893
207	0.04689	24.1978
208	0.04702	24.2116
209	0.04745	24.1995
210	0.04793	24.2108
211	0.04836	24.2036
212	0.04846	24.209
213	0.04765	24.221
214	0.04808	24.2197
215	0.04882	24.2182
216	0.04915	24.2366
217	0.04781	24.2469
218	0.04692	24.2269
219	0.04801	24.2393
220	0.04782	24.2373
221	0.04866	24.2385
222	0.04898	24.2526
223	0.04863	24.2673
224	0.04953	24.2716
225	0.04956	24.2791
226	0.04806	24.282
227	0.04927	24.2975
228	0.04915	24.3026
229	0.049	24.2969
230	0.04805	24.299
231	0.047	24.3103
232	0.04838	24.3142
233	0.04928	24.3299
234	0.04993	24.3373
235	0.04988	24.3497
236	0.04858	24.3133
237	0.04866	24.3376
238	0.04929	24.3354
239	0.04923	24.3514
240	0.05065	24.3699
241	0.04994	24.3777
242	0.05098	24.3897
243	0.05014	24.3874
244	0.05059	24.4152
245	0.05109	24.4182
246	0.05116	24.413
247	0.05222	24.4232
248	0.05124	24.4271
249	0.0506	24.4352
250	0.05126	24.4446
251	0.05191	24.442
252	0.05212	24.4461
253	0.05223	24.4599
254	0.05218	24.4722
255	0.05106	24.4892
256	0.05123	24.4933
257	0.05246	24.5097
258	0.05241	24.5186
259	0.05335	24.5458
260	0.05246	24.5102
261	0.0529	24.5298
262	0.05287	24.5357
263	0.05286	24.5461
264	0.05322	24.5704
265	0.05405	24.5733
266	0.05351	24.5765
267	0.05419	24.5927
268	0.05431	24.6
269	0.05287	24.596
270	0.05312	24.5995
271	0.05279	24.6152
272	0.05409	24.6143
273	0.05329	24.6174
274	0.05577	24.6305
275	0.05574	24.6244
276	0.05393	24.6156
277	0.05541	24.6288
278	0.05488	24.6513
279	0.05519	24.6795
280	0.05675	24.6819
281	0.05468	24.6698
282	0.05603	24.7003
283	0.05546	24.7045
284	0.05607	24.7094
285	0.05631	24.704
286	0.05609	24.7162
287	0.05679	24.7204
288	0.0555	24.7374
289	0.05634	24.745
290	0.05685	24.7632
291	0.05858	24.7662
292	0.05878	24.7787
293	0.05668	24.7834
294	0.05899	24.8033
295	0.05777	24.7936
296	0.0573	24.8143
297	0.05865	24.8339
298	0.05872	24.8499
299	0.05812	24.8297
300	0.05778	24.8488
301	0.05717	24.8453
302	0.05727	24.8485
303	0.05765	24.8854
304	0.05963	24.8754
305	0.06029	24.8969
306	0.06036	24.8763
307	0.0583	24.8922
308	0.05987	24.9081
309	0.05994	24.923
310	0.06061	24.9263
311	0.0603	24.9379
312	0.06091	24.953
313	0.06103	24.959
314	0.06168	24.9692
315	0.05989	24.9763
316	0.06093	24.9955
317	0.06227	24.9992
318	0.06173	25.0044
319	0.06187	25.0355
320	0.06195	25.0544
321	0.06321	25.0582
322	0.06419	25.0648
323	0.06343	25.0566
324	0.06185	25.0569
325	0.06259	25.0694
326	0.06271	25.0706
327	0.06277	25.0882
328	0.0635	25.1015
329	0.06439	25.1015
330	0.06484	25.1183
331	0.06498	25.1452
332	0.06519	25.1518
333	0.06464	25.1439
334	0.06586	25.1575
335	0.06305	25.1571
336	0.06449	25.1659
337	0.06483	25.1652
338	0.0652	25.1825
339	0.06613	25.205
340	0.06707	25.2447
341	0.0658	25.2429
342	0.06606	25.2577
343	0.06635	25.2513
344	0.06624	25.2548
345	0.06796	25.2671
346	0.06679	25.2856
347	0.06782	25.2933
348	0.06768	25.3099
349	0.06754	25.3031
350	0.0688	25.3123
351	0.06806	25.3246
352	0.06858	25.3296
353	0.06761	25.348
354	0.06921	25.3459
355	0.06759	25.3641
356	0.06857	25.3759
357	0.06927	25.3971
358	0.06943	25.4125
359	0.06903	25.425
360	0.06971	25.421
361	0.07027	25.4322
362	0.07041	25.4499
363	0.06937	25.4415
364	0.07048	25.4524
365	0.07065	25.4577
366	0.07032	25.4785
367	0.07089	25.4975
368	0.07102	25.5114
369	0.07241	25.5049
370	0.07138	25.5109
371	0.07102	25.5313
372	0.07267	25.5588
373	0.07333	25.5617
374	0.07245	25.5678
375	0.07266	25.5736
376	0.07279	25.5855
377	0.07374	25.6117
378	0.07422	25.619
379	0.07481	25.629
380	0.07607	25.6584
381	0.07609	25.6633
382	0.07604	25.6744
383	0.07608	25.6814
384	0.0758	25.6796
385	0.07559	25.7007
386	0.07557	25.7112
387	0.076	25.7244
388	0.07753	25.7423
389	0.07791	25.7474
390	0.07727	25.7581
391	0.07746	25.7571
392	0.0788	25.7822
393	0.07918	25.7925
394	0.0787	25.8092
395	0.08052	25.8158
396	0.07807	25.8148
397	0.07864	25.8452
398	0.07889	25.8417
399	0.07958	25.8668
400	0.08033	25.8797
401	0.08051	25.8965
402	0.08086	25.899
403	0.08075	25.9264
404	0.08201	25.942
405	0.08208	25.9457
406	0.08134	25.9459
407	0.08404	25.9792
408	0.08327	25.9748
409	0.08349	25.9954
410	0.0837	26.0159
411	0.08425	26.0114
412	0.08444	26.0215
413	0.08539	26.0458
414	0.08602	26.0577
415	0.08582	26.064
416	0.08631	26.0881
417	0.0856	26.0928
418	0.0866	26.1075
419	0.08577	26.1246
420	0.08666	26.1512
421	0.08687	26.1482
422	0.08777	26.1645
423	0.08703	26.1785
424	0.08806	26.1991
425	0.08833	26.2188
426	0.0891	26.2343
427	0.08829	26.2291
428	0.09015	26.249
429	0.09069	26.2459
430	0.09135	26.2563
431	0.0898	26.2793
432	0.09103	26.286
433	0.09174	26.2781
434	0.09211	26.2887
435	0.0916	26.3028
436	0.09271	26.3219
437	0.09296	26.3387
438	0.09397	26.363
439	0.09273	26.3764
440	0.0935	26.3846
441	0.09569	26.3916
442	0.09412	26.3984
443	0.09457	26.4172
444	0.09316	26.4356
445	0.09503	26.4544
446	0.0963	26.4705
447	0.09513	26.4652
448	0.09607	26.4927
449	0.09915	26.5159
450	0.09936	26.5221
451	0.09983	26.5347
452	0.09736	26.5449
453	0.09786	26.5636
454	0.09952	26.5743
455	0.10059	26.5851
456	0.10159	26.6041
457	0.10153	26.6087
458	0.10132	26.6244
459	0.09954	26.6174
460	0.0992	26.6368
461	0.10234	26.6668
462	0.10273	26.6871
463	0.10225	26.7015
464	0.10391	26.7201
465	0.10272	26.7328
466	0.1034	26.7535
467	0.10376	26.7585
468	0.10455	26.764
469	0.1051	26.7888
470	0.10575	26.8067
471	0.10669	26.8229
472	0.10692	26.8332
473	0.10858	26.8359
474	0.10738	26.8415
475	0.10912	26.8641
476	0.1098	26.8901
477	0.11022	26.9007
478	0.11066	26.917
479	0.11172	26.9281
480	0.11097	26.9354
481	0.11211	26.9528
482	0.1131	26.9693
483	0.11365	26.9857
484	0.11323	26.9963
485	0.11537	27.0198
486	0.115	27.038
487	0.11614	27.0439
488	0.11447	27.0522
489	0.11511	27.0711
490	0.11587	27.087
491	0.11806	27.1061
492	0.11623	27.1049
493	0.11747	27.1024
494	0.11706	27.1147
495	0.11792	27.1303
496	0.11902	27.1541
497	0.11983	27.1686
498	0.12088	27.176
499	0.12126	27.1896
500	0.1202	27.1873
501	0.12209	27.2084
502	0.12244	27.2137
503	0.12271	27.2351
504	0.12367	27.2486
505	0.12472	27.266
506	0.12489	27.2833
507	0.12656	27.2904
508	0.1266	27.3139
509	0.12794	27.3246
510	0.1279	27.3338
511	0.12555	27.3423
512	0.12744	27.3598
513	0.12807	27.3783
514	0.12989	27.3878
515	0.1301	27.4059
516	0.1293	27.4063
517	0.13043	27.4336
518	0.13167	27.4506
519	0.13228	27.4649
520	0.13194	27.4849
521	0.13362	27.5036
522	0.13408	27.512
523	0.13508	27.5314
524	0.13657	27.5565
525	0.13955	27.5685
526	0.14058	27.5808
527	0.14072	27.5978
528	0.13982	27.611
529	0.13888	27.6243
530	0.13956	27.6359
531	0.14037	27.6429
532	0.14063	27.6546
533	0.14246	27.6667
534	0.14262	27.6841
535	0.14214	27.7033
536	0.14362	27.7236
537	0.14372	27.7329
538	0.14445	27.7524
539	0.14446	27.7638
540	0.14568	27.7809
541	0.14594	27.7895
542	0.1468	27.8003
543	0.14913	27.8182
544	0.14961	27.83
545	0.15212	27.8459
546	0.15241	27.8632
547	0.15357	27.8785
548	0.15156	27.886
549	0.15272	27.8979
550	0.1542	27.9139
551	0.15323	27.9201
552	0.15447	27.9272
553	0.15467	27.946
554	0.15653	27.9589
555	0.15809	27.9667
556	0.15768	27.9857
557	0.15884	27.9974
558	0.16039	28.0198
559	0.16101	28.0348
560	0.16054	28.0356
561	0.16114	28.0489
562	0.16387	28.0651
563	0.16356	28.0788
564	0.16332	28.0802
565	0.16491	28.0968
566	0.16447	28.1074
567	0.16548	28.1101
568	0.16585	28.1268
569	0.16789	28.1445
570	0.16766	28.1554
571	0.16822	28.174
572	0.16978	28.1954
573	0.17198	28.2097
574	0.17315	28.2238
575	0.17495	28.2366
576	0.17698	28.2459
577	0.17545	28.2561
578	0.17728	28.2669
579	0.17639	28.2815
580	0.17675	28.2916
581	0.17879	28.3053
582	0.17985	28.318
583	0.18026	28.3242
584	0.18006	28.335
585	0.18054	28.3478
586	0.18236	28.3626
587	0.18388	28.3771
588	0.1849	28.3915
589	0.18467	28.3951
590	0.18587	28.4115
591	0.18837	28.4299
592	0.18841	28.4463
593	0.18882	28.4628
594	0.18969	28.4833
595	0.19104	28.4934
596	0.19069	28.4981
597	0.19038	28.5123
598	0.19153	28.5172
599	0.19282	28.5262
600	0.19533	28.54
601	0.19587	28.5554
602	0.19858	28.5735
603	0.1978	28.58
604	0.20005	28.5934
605	0.19981	28.6049
606	0.1988	28.6074
607	0.19976	28.6259
608	0.20118	28.6402
609	0.20148	28.6477
610	0.20244	28.6573
611	0.20671	28.6769
612	0.20698	28.6953
613	0.21001	28.7081
614	0.21013	28.7171
615	0.21025	28.7277
616	0.2114	28.7426
617	0.21141	28.7528
618	0.21046	28.7614
619	0.21417	28.7741
620	0.21406	28.779
621	0.21575	28.7917
622	0.21688	28.8031
623	0.21772	28.8131
624	0.218	28.8195
625	0.22033	28.8308
626	0.21929	28.8363
627	0.22184	28.8486
628	0.22146	28.8633
629	0.22439	28.8851
630	0.22441	28.8927
631	0.22456	28.9023
632	0.22606	28.9154
633	0.22628	28.9174
634	0.2272	28.9251
635	0.22861	28.9331
636	0.22995	28.9445
637	0.23014	28.9536
638	0.23325	28.9735
639	0.23287	28.9817
640	0.23464	28.9962
641	0.2347	29.0048
642	0.23546	29.0105
643	0.23594	29.0231
644	0.23833	29.0341
645	0.23948	29.048
646	0.24195	29.0583
647	0.24416	29.0733
648	0.24575	29.0835
649	0.24697	29.0929
650	0.24712	29.1007
651	0.24895	29.1119
652	0.24859	29.1168
653	0.24961	29.1204
654	0.25215	29.1323
655	0.252	29.1377
656	0.25294	29.1492
657	0.25644	29.1646
658	0.25462	29.1713
659	0.25807	29.1831
660	0.25846	29.1937
661	0.25954	29.204
662	0.26042	29.2134
663	0.26376	29.2287
664	0.26529	29.2379
665	0.26541	29.2438
666	0.26745	29.255
667	0.26807	29.2635
668	0.27012	29.274
669	0.27122	29.2882
670	0.27068	29.2925
671	0.27433	29.3047
672	0.27683	29.3145
673	0.27809	29.32
674	0.27836	29.3293
675	0.27925	29.3343
676	0.27937	29.3435
677	0.27839	29.3528
678	0.28007	29.3612
679	0.28181	29.3676
680	0.28547	29.3853
681	0.2863	29.3895
682	0.28998	29.4056
683	0.29078	29.4151
684	0.29129	29.4222
685	0.292	29.4299
686	0.2937	29.4379
687	0.29401	29.4449
688	0.29618	29.4565
689	0.29816	29.4667
690	0.29833	29.4716
691	0.30133	29.4824
692	0.30229	29.4915
693	0.30342	29.4995
694	0.30395	29.5009
695	0.3046	29.5081
696	0.30691	29.5181
697	0.30985	29.5288
698	0.31031	29.5367
699	0.30974	29.5399
700	0.31115	29.55
701	0.31452	29.5644
702	0.31606	29.5726
703	0.31897	29.5841
704	0.32003	29.5904
705	0.32244	29.599
706	0.32341	29.601
707	0.3221	29.6061
708	0.32349	29.6128
709	0.32616	29.6206
710	0.32712	29.6287
711	0.32902	29.6386
712	0.33044	29.6476
713	0.3319	29.6542
714	0.33278	29.6643
715	0.3345	29.672
716	0.3366	29.6788
717	0.33905	29.6915
718	0.34134	29.6997
719	0.34364	29.7085
720	0.34606	29.7183
721	0.3467	29.7244
722	0.34907	29.7333
723	0.34926	29.7391
724	0.35176	29.7474
725	0.35324	29.7562
726	0.35339	29.7605
727	0.35582	29.7637
728	0.3572	29.77
729	0.35854	29.776
730	0.35937	29.786
731	0.36143	29.7936
732	0.3627	29.8002
733	0.3638	29.8102
734	0.36774	29.8198
735	0.37097	29.8264
736	0.37204	29.8299
737	0.3745	29.8361
738	0.37659	29.8431
739	0.37793	29.8522
740	0.38039	29.8587
741	0.38207	29.8658
742	0.38277	29.872
743	0.38329	29.8789
744	0.38348	29.8832
745	0.38401	29.8923
746	0.38507	29.8978
747	0.388	29.9082
748	0.39008	29.912
749	0.39274	29.9175
750	0.3941	29.9226
751	0.39596	29.93
752	0.39609	29.9374
753	0.39912	29.9436
754	0.3997	29.9457
755	0.40236	29.9522
756	0.40635	29.9602
757	0.40814	29.9661
758	0.41085	29.9742
759	0.41084	29.9819
760	0.41368	29.9889
761	0.41477	29.996
762	0.41633	30.0031
763	0.4181	30.0066
764	0.42125	30.015
765	0.42172	30.02
766	0.42186	30.0271
767	0.42307	30.0325
768	0.42518	30.0401
769	0.42812	30.0464
770	0.43265	30.0559
771	0.4333	30.0613
772	0.43309	30.0646
773	0.43568	30.0693
774	0.43778	30.0768
775	0.44158	30.0856
776	0.44503	30.0918
777	0.44713	30.0945
778	0.44757	30.1007
779	0.44815	30.1036
780	0.44846	30.1079
781	0.45191	30.116
782	0.45372	30.121
783	0.45418	30.1262
784	0.45581	30.1311
785	0.45792	30.1373
786	0.46265	30.1448
787	0.46509	30.1537
788	0.46718	30.1592
789	0.46787	30.1643
790	0.47093	30.1706
791	0.47437	30.1791
792	0.47457	30.182
793	0.47583	30.1861
794	0.47779	30.1926
795	0.48091	30.1977
796	0.48104	30.2013
797	0.48371	30.2056
798	0.48726	30.211
799	0.48933	30.2168
800	0.49017	30.2211
801	0.49312	30.228
802	0.4947	30.2329
803	0.49508	30.2358
804	0.49709	30.2418
805	0.50022	30.2474
806	0.50264	30.2544
807	0.50574	30.2591
808	0.5083	30.2648
809	0.5082	30.2662
810	0.50957	30.2705
811	0.51174	30.2768
812	0.51476	30.283
813	0.51832	30.2877
814	0.5213	30.2936
815	0.5215	30.2979
816	0.52481	30.3048
817	0.52606	30.3099
818	0.52829	30.3158
819	0.53085	30.3212
820	0.53497	30.3281
821	0.53725	30.3312
822	0.53836	30.3357
823	0.53881	30.3387
824	0.54219	30.3448
825	0.54418	30.3488
826	0.54676	30.3534
827	0.55031	30.3617
828	0.54798	30.3602
829	0.55123	30.3678
830	0.55496	30.373
831	0.55599	30.3762
832	0.55702	30.3806
833	0.55824	30.3841
834	0.56019	30.3886
835	0.56363	30.3935
836	0.56527	30.3967
837	0.56919	30.4042
838	0.57195	30.4089
839	0.5739	30.414
840	0.57593	30.4161
841	0.57698	30.419
842	0.58012	30.4243
843	0.57921	30.4257
844	0.58302	30.4333
845	0.5866	30.4381
846	0.58847	30.4416
847	0.58965	30.4462
848	0.59423	30.4541
849	0.59625	30.4579
850	0.59825	30.4609
851	0.60137	30.4663
852	0.60355	30.4692
853	0.60539	30.4732
854	0.60706	30.4766
855	0.60949	30.4808
856	0.61084	30.4843
857	0.6139	30.4904
858	0.61704	30.4961
859	0.61776	30.499
860	0.62036	30.5031
861	0.62049	30.5038
862	0.62321	30.5094
863	0.6251	30.5123
864	0.62768	30.5145
865	0.63075	30.5187
866	0.63305	30.5253
867	0.63384	30.527
868	0.6356	30.5308
869	0.63974	30.5375
870	0.64124	30.5406
871	0.6446	30.546
872	0.64612	30.5473
873	0.6474	30.5498
874	0.64759	30.5508
875	0.64955	30.5545
876	0.65159	30.5575
877	0.65381	30.561
878	0.65729	30.5665
879	0.6597	30.5708
880	0.66243	30.575
881	0.66572	30.58
882	0.66796	30.5846
883	0.66975	30.5889
884	0.67296	30.592
885	0.67624	30.5965
886	0.67796	30.5987
887	0.67946	30.6018
888	0.68033	30.6043
889	0.68326	30.6093
890	0.68593	30.6134
891	0.68794	30.6158
892	0.69	30.6184
893	0.69333	30.6239
894	0.69638	30.6279
895	0.69928	30.6323
896	0.70001	30.6347
897	0.70195	30.637
898	0.70442	30.6401
899	0.70454	30.6414
900	0.70727	30.6441
901	0.71051	30.6477
902	0.71261	30.652
903	0.71517	30.6557
904	0.71673	30.6592
905	0.72017	30.6635
906	0.72261	30.6663
907	0.72454	30.6699
908	0.72679	30.6733
909	0.72769	30.675
910	0.73031	30.6786
911	0.73215	30.6812
912	0.73354	30.683
913	0.73678	30.6871
914	0.74038	30.6927
915	0.74327	30.6968
916	0.74358	30.6987
917	0.74752	30.7039
918	0.75138	30.7088
919	0.75377	30.7123
920	0.7551	30.7144
921	0.75776	30.7175
922	0.75795	30.7179
923	0.75859	30.7197
924	0.76046	30.7223
925	0.76417	30.7262
926	0.7661	30.7281
927	0.7689	30.7322
928	0.77167	30.7354
929	0.77269	30.7375
930	0.77457	30.7402
931	0.77848	30.7454
932	0.78043	30.7478
933	0.78122	30.7491
934	0.78201	30.7509
935	0.78377	30.7531
936	0.78699	30.7574
937	0.78827	30.7599
938	0.79059	30.7623
939	0.79275	30.7652
940	0.79382	30.7663
941	0.79754	30.7711
942	0.79799	30.7729
943	0.80019	30.7747
944	0.80235	30.7778
945	0.80428	30.7805
946	0.80692	30.7836
947	0.80938	30.7871
948	0.81091	30.7888
949	0.81153	30.7897
950	0.81359	30.7924
951	0.81595	30.7951
952	0.81795	30.7974
953	0.81972	30.7999
954	0.82156	30.8018
955	0.8236	30.8039
956	0.82452	30.8051
957	0.826	30.8074
958	0.82863	30.8109
959	0.82974	30.8122
960	0.83142	30.8141
961	0.8325	30.8155
962	0.83424	30.818
963	0.83522	30.819
964	0.83829	30.8225
965	0.84077	30.8255
966	0.84372	30.8285
967	0.84397	30.8292
968	0.84661	30.832
969	0.84928	30.8353
970	0.85064	30.8368
971	0.85241	30.839
972	0.85368	30.8408
973	0.85596	30.843
974	0.85749	30.8452
975	0.86051	30.8485
976	0.86228	30.8506
977	0.86417	30.853
978	0.86578	30.8548
979	0.86624	30.8549
980	0.86802	30.857
981	0.86907	30.8586
982	0.87054	30.8606
983	0.87298	30.8632
984	0.8754	30.866
985	0.87762	30.8684
986	0.87891	30.87
987	0.88044	30.8718
988	0.88212	30.8739
989	0.88325	30.8753
990	0.88352	30.8756
991	0.88468	30.8766
992	0.8858	30.8781
993	0.88745	30.8799
994	0.889	30.8819
995	0.89231	30.8852
996	0.89327	30.8866
997	0.8963	30.8899
998	0.89759	30.8915
999	0.89837	30.8924
1000	0.89997	30.8939
1001	0.90163	30.8956
1002	0.90416	30.8983
1003	0.90457	30.8988
1004	0.90582	30.9005
1005	0.90616	30.9011
1006	0.90758	30.9023
1007	0.90869	30.9036
1008	0.90952	30.9047
1009	0.91115	30.907
1010	0.91218	30.9081
1011	0.91387	30.9101
1012	0.91441	30.9106
1013	0.91589	30.912
1014	0.91701	30.9131
1015	0.91847	30.9143
1016	0.91968	30.9154
1017	0.92048	30.9166
1018	0.92157	30.9178
1019	0.92198	30.9183
1020	0.92275	30.9193
1021	0.92412	30.9207
1022	0.92571	30.9224
1023	0.92735	30.9243
1024	0.92766	30.9247
1025	0.92875	30.9258
1026	0.92966	30.927
1027	0.9313	30.9287
1028	0.93259	30.9302
1029	0.93349	30.9311
1030	0.93418	30.9319
1031	0.93599	30.934
1032	0.93684	30.9348
1033	0.93766	30.9355
1034	0.93881	30.9369
1035	0.9401	30.9381
1036	0.94162	30.9397
1037	0.94292	30.941
1038	0.94393	30.9419
1039	0.94477	30.9428
1040	0.94542	30.9435
1041	0.94671	30.9448
1042	0.94812	30.9464
1043	0.94863	30.947
1044	0.94914	30.9477
1045	0.95058	30.9491
1046	0.95115	30.9498
1047	0.95184	30.9506
1048	0.95256	30.9514
1049	0.95378	30.9526
1050	0.95453	30.9533
1051	0.95564	30.9544
1052	0.95614	30.955
1053	0.95714	30.956
1054	0.95778	30.9568
1055	0.95848	30.9575
1056	0.95926	30.9583
1057	0.96043	30.9595
1058	0.96081	30.96
1059	0.96181	30.961
1060	0.96193	30.9612
1061	0.96343	30.9627
1062	0.96344	30.9628
1063	0.96484	30.9642
1064	0.96589	30.9654
1065	0.96682	30.9662
1066	0.96729	30.9667
1067	0.96856	30.968
1068	0.96853	30.968
1069	0.96956	30.969
1070	0.97025	30.9698
1071	0.97071	30.9702
1072	0.97119	30.9707
1073	0.97202	30.9717
1074	0.97208	30.9717
1075	0.97327	30.9729
1076	0.97334	30.973
1077	0.97374	30.9734
1078	0.975	30.9747
1079	0.97583	30.9755
1080	0.9758	30.9755
1081	0.97593	30.9757
1082	0.9763	30.976
1083	0.9767	30.9764
1084	0.97685	30.9765
1085	0.97683	30.9765
1086	0.97752	30.9772
1087	0.978	30.9777
1088	0.97874	30.9785
1089	0.97924	30.979
1090	0.97966	30.9794
1091	0.97989	30.9796
1092	0.97988	30.9796
1093	0.98063	30.9805
1094	0.98166	30.9815
1095	0.98219	30.982
1096	0.98231	30.9822
1097	0.98262	30.9825
1098	0.98339	30.9833
1099	0.9837	30.9836
1100	0.98399	30.9839
1101	0.98442	30.9844
1102	0.98476	30.9847
1103	0.98525	30.9852
1104	0.9857	30.9856
1105	0.98637	30.9863
1106	0.98665	30.9866
1107	0.98676	30.9867
1108	0.98725	30.9871
1109	0.98746	30.9874
1110	0.98779	30.9877
1111	0.98798	30.9879
1112	0.98821	30.9882
1113	0.98854	30.9885
1114	0.98901	30.9889
1115	0.98922	30.9892
1116	0.9893	30.9892
1117	0.98966	30.9896
1118	0.98983	30.9897
1119	0.9903	30.9902
1120	0.99026	30.9902
1121	0.99067	30.9906
1122	0.99085	30.9908
1123	0.99133	30.9913
1124	0.99145	30.9914
1125	0.9915	30.9915
1126	0.99172	30.9917
1127	0.99224	30.9922
1128	0.99236	30.9923
1129	0.99272	30.9927
1130	0.9925	30.9925
1131	0.99272	30.9927
1132	0.99296	30.9929
1133	0.99297	30.9929
1134	0.99321	30.9932
1135	0.99369	30.9936
1136	0.99377	30.9937
1137	0.99413	30.9941
1138	0.99427	30.9943
1139	0.99441	30.9944
1140	0.99439	30.9944
1141	0.99461	30.9946
1142	0.99478	30.9947
1143	0.99517	30.9951
1144	0.99535	30.9953
1145	0.99529	30.9953
1146	0.99554	30.9955
1147	0.99552	30.9955
1148	0.99545	30.9954
1149	0.99552	30.9955
1150	0.99558	30.9956
1151	0.99575	30.9957
1152	0.99598	30.996
1153	0.99598	30.996
1154	0.99627	30.9963
1155	0.99636	30.9964
1156	0.99648	30.9965
1157	0.99674	30.9967
1158	0.99686	30.9969
1159	0.99685	30.9968
1160	0.99699	30.997
1161	0.99706	30.9971
1162	0.99715	30.9972
1163	0.99741	30.9974
1164	0.99733	30.9973
1165	0.99758	30.9976
1166	0.99766	30.9977
1167	0.99765	30.9977
1168	0.99785	30.9978
1169	0.99795	30.9979
1170	0.99807	30.9981
1171	0.99817	30.9982
1172	0.9982	30.9982
1173	0.9983	30.9983
1174	0.99832	30.9983
1175	0.99846	30.9985
1176	0.99864	30.9986
1177	0.99859	30.9986
1178	0.9986	30.9986
1179	0.99868	30.9987
1180	0.9986	30.9986
1181	0.99863	30.9986
1182	0.99869	30.9987
1183	0.99866	30.9987
1184	0.99878	30.9988
1185	0.99878	30.9988
1186	0.99882	30.9988
1187	0.99889	30.9989
1188	0.99899	30.999
1189	0.99889	30.9989
1190	0.99898	30.999
1191	0.99903	30.999
1192	0.99902	30.999
1193	0.99905	30.9991
1194	0.99913	30.9991
1195	0.99918	30.9992
1196	0.99906	30.9991
1197	0.9991	30.9991
1198	0.99921	30.9992
1199	0.99921	30.9992
1200	0.99922	30.9992
1201	0.99934	30.9993
1202	0.9994	30.9994
1203	0.9994	30.9994
1204	0.99937	30.9994
1205	0.99944	30.9994
1206	0.99942	30.9994
1207	0.99952	30.9995
1208	0.99958	30.9996
1209	0.99957	30.9996
1210	0.99956	30.9996
1211	0.9996	30.9996
1212	0.99967	30.9997
1213	0.99963	30.9996
1214	0.99967	30.9997
1215	0.99969	30.9997
1216	0.99974	30.9997
1217	0.99969	30.9997
1218	0.99966	30.9997
1219	0.99971	30.9997
1220	0.99975	30.9997
1221	0.99981	30.9998
1222	0.99982	30.9998
1223	0.99976	30.9998
1224	0.99977	30.9998
1225	0.99982	30.9998
1226	0.99981	30.9998
1227	0.99974	30.9997
1228	0.9998	30.9998
1229	0.99981	30.9998
1230	0.99985	30.9998
1231	0.99987	30.9999
1232	0.9999	30.9999
1233	0.99989	30.9999
1234	0.9999	30.9999
1235	0.99986	30.9999
1236	0.99986	30.9999
1237	0.99988	30.9999
1238	0.99987	30.9999
1239	0.99985	30.9998
1240	0.99984	30.9998
1241	0.99987	30.9999
1242	0.99989	30.9999
1243	0.9999	30.9999
1244	0.99991	30.9999
1245	0.99992	30.9999
1246	0.99994	30.9999
1247	0.99995	30.9999
1248	0.99994	30.9999
1249	0.99994	30.9999
1250	0.99995	30.9999
1251	0.99993	30.9999
1252	0.99993	30.9999
1253	0.99993	30.9999
1254	0.99993	30.9999
1255	0.99993	30.9999
1256	0.99993	30.9999
1257	0.99996	31
1258	0.99996	31
1259	0.99998	31
1260	0.99997	31
1261	0.99998	31
1262	0.99997	31
1263	0.99998	31
1264	0.99998	31
1265	0.99998	31
1266	0.99998	31
1267	0.99998	31
1268	0.99998	31
1269	0.99999	31
1270	1	31
1271	1	31
1272	0.99999	31
1273	0.99999	31
1274	0.99999	31
1275	1	31
1276	1	31
1277	1	31
1278	1	31
1279	1	31
1280	1	31
1281	1	31
1282	1	31
1283	1	31
1284	1	31
1285	1	31
1286	1	31
1287	1	31
1288	1	31
1289	0.99999	31
1290	0.99999	31
1291	0.99999	31
1292	0.99999	31
1293	0.99999	31
1294	0.99999	31
1295	0.99999	31
1296	0.99999	31
1297	0.99999	31
1298	0.99999	31
1299	1	31
1300	1	31
1301	1	31
1302	1	31
1303	1	31
1304	1	31
1305	1	31
1306	1	31
1307	1	31
1308	1	31
1309	1	31
1310	1	31
1311	1	31
1312	1	31
1313	1	31
1314	1	31
1315	1	31
1316	1	31
1317	1	31
1318	1	31
1319	1	31
1320	1	31
1321	1	31
1322	1	31
1323	1	31
1324	1	31
1325	1	31
1326	1	31
1327	1	31
1328	1	31
1329	1	31
1330	1	31
1331	1	31
1332	1	31
1333	1	31
1334	1	31
1335	1	31
1336	1	31
1337	1	31
1338	1	31
1339	1	31
1340	1	31
1341	1	31
1342	1	31
1343	1	31
1344	1	31
1345	1	31
1346	1	31
1347	1	31
1348	1	31
1349	1	31
1350	1	31
1351	1	31
1352	1	31
1353	1	31
1354	1	31
1355	1	31
1356	1	31
1357	1	31
1358	1	31
1359	1	31
1360	1	31
1361	1	31
1362	1	31
1363	1	31
1364	1	31
1365	1	31
1366	1	31
1367	1	31
1368	1	31
1369	1	31
1370	1	31
1371	1	31
1372	1	31
1373	1	31
1374	1	31
1375	1	31
1376	1	31
1377	1	31
1378	1	31
1379	1	31
1380	1	31
1381	1	31
1382	1	31
1383	1	31
1384	1	31
1385	1	31
1386	1	31
1387	1	31
1388	1	31
1389	1	31
1390	1	31
1391	1	31
1392	1	31
1393	1	31
1394	1	31
1395	1	31
1396	1	31
1397	1	31
1398	1	31
1399	1	31
1400	1	31
1401	1	31
1402	1	31
1403	1	31
1404	1	31
1405	1	31
1406	1	31
1407	1	31
1408	1	31
1409	1	31
1410	1	31
1411	1	31
1412	1	31
1413	1	31
1414	1	31
1415	1	31
1416	1	31
1417	1	31
1418	1	31
1419	1	31
1420	1	31
1421	1	31
1422	1	31
1423	1	31
1424	1	31
1425	1	31
1426	1	31
1427	1	31
1428	1	31
1429	1	31
1430	1	31
1431	1	31
1432	1	31
1433	1	31
1434	1	31
1435	1	31
1436	1	31
1437	1	31
1438	1	31
1439	1	31
1440	1	31
1441	1	31
1442	1	31
1443	1	31
1444	1	31
1445	1	31
1446	1	31
1447	1	31
1448	1	31
1449	1	31
1450	1	31
1451	1	31
1452	1	31
1453	1	31
1454	1	31
1455	1	31
1456	1	31
1457	1	31
1458	1	31
1459	1	31
1460	1	31
1461	1	31
1462	1	31
1463	1	31
1464	1	31
1465	1	31
1466	1	31
1467	1	31
1468	1	31
1469	1	31
1470	1	31
1471	1	31
1472	1	31
1473	1	31
1474	1	31
1475	1	31
1476	1	31
1477	1	31
1478	1	31
1479	1	31
1480	1	31
1481	1	31
1482	1	31
1483	1	31
1484	1	31
1485	1	31
1486	1	31
1487	1	31
1488	1	31
1489	1	31
1490	1	31
1491	1	31
1492	1	31
1493	1	31
1494	1	31
1495	1	31
1496	1	31
1497	1	31
1498	1	31
1499	1	31
1500	1	31
1501	1	31
1502	1	31
1503	1	31
1504	1	31
1505	1	31
1506	1	31
1507	1	31
1508	1	31
1509	1	31
1510	1	31
1511	1	31
1512	1	31
1513	1	31
1514	1	31
1515	1	31
1516	1	31
1517	1	31
1518	1	31
1519	1	31
1520	1	31
1521	1	31
1522	1	31
1523	1	31
1524	1	31
1525	1	31
1526	1	31
1527	1	31
1528	1	31
1529	1	31
1530	1	31
1531	1	31
1532	1	31
1533	1	31
1534	1	31
1535	1	31
1536	1	31
1537	1	31
1538	1	31
1539	1	31
1540	1	31
1541	1	31
1542	1	31
1543	1	31
1544	1	31
1545	1	31
1546	1	31
1547	1	31
1548	1	31
1549	1	31
1550	1	31
1551	1	31
1552	1	31
1553	1	31
1554	1	31
1555	1	31
1556	1	31
1557	1	31
1558	1	31
1559	1	31
1560	1	31
1561	1	31
1562	1	31
1563	1	31
1564	1	31
1565	1	31
1566	1	31
1567	1	31
1568	1	31
1569	1	31
1570	1	31
1571	1	31
1572	1	31
1573	1	31
1574	1	31
1575	1	31
1576	1	31
1577	1	31
1578	1	31
1579	1	31
1580	1	31
1581	1	31
1582	1	31
1583	1	31
1584	1	31
1585	1	31
1586	1	31
1587	1	31
1588	1	31
1589	1	31
1590	1	31
1591	1	31
1592	1	31
1593	1	31
1594	1	31
1595	1	31
1596	1	31
1597	1	31
1598	1	31
1599	1	31
1600	1	31
1601	1	31
1602	1	31
1603	1	31
1604	1	31
1605	1	31
1606	1	31
1607	1	31
1608	1	31
1609	1	31
1610	1	31
1611	1	31
1612	1	31
1613	1	31
1614	1	31
1615	1	31
1616	1	31
1617	1	31
1618	1	31
1619	1	31
1620	1	31
1621	1	31
1622	1	31
1623	1	31
1624	1	31
1625	1	31
1626	1	31
1627	1	31
1628	1	31
1629	1	31
1630	1	31
1631	1	31
1632	1	31
1633	1	31
1634	1	31
1635	1	31
1636	1	31
1637	1	31
1638	1	31
1639	1	31
1640	1	31
1641	1	31
1642	1	31
1643	1	31
1644	1	31
1645	1	31
1646	1	31
1647	1	31
1648	1	31
1649	1	31
1650	1	31
1651	1	31
1652	1	31
1653	1	31
1654	1	31
1655	1	31
1656	1	31
1657	1	31
1658	1	31
1659	1	31
1660	1	31
1661	1	31
1662	1	31
1663	1	31
1664	1	31
1665	1	31
1666	1	31
1667	1	31
1668	1	31
1669	1	31
1670	1	31
1671	1	31
1672	1	31
1673	1	31
1674	1	31
1675	1	31
1676	1	31
1677	1	31
1678	1	31
1679	1	31
1680	1	31
1681	1	31
1682	1	31
1683	1	31
1684	1	31
1685	1	31
1686	1	31
1687	1	31
1688	1	31
1689	1	31
1690	1	31
1691	1	31
1692	1	31
1693	1	31
1694	1	31
1695	1	31
1696	1	31
1697	1	31
1698	1	31
1699	1	31
1700	1	31
1701	1	31
1702	1	31
1703	1	31
1704	1	31
1705	1	31
1706	1	31
1707	1	31
1708	1	31
1709	1	31
1710	1	31
1711	1	31
1712	1	31
1713	1	31
1714	1	31
1715	1	31
1716	1	31
1717	1	31
1718	1	31
1719	1	31
1720	1	31
1721	1	31
1722	1	31
1723	1	31
1724	1	31
1725	1	31
1726	1	31
1727	1	31
1728	1	31
1729	1	31
1730	1	31
1731	1	31
1732	1	31
1733	1	31
1734	1	31
1735	1	31
1736	1	31
1737	1	31
1738	1	31
1739	1	31
1740	1	31
1741	1	31
1742	1	31
1743	1	31
1744	1	31
1745	1	31
1746	1	31
1747	1	31
1748	1	31
1749	1	31
1750	1	31
1751	1	31
1752	1	31
1753	1	31
1754	1	31
1755	1	31
1756	1	31
1757	1	31
1758	1	31
1759	1	31
1760	1	31
1761	1	31
1762	1	31
1763	1	31
1764	1	31
1765	1	31
1766	1	31
1767	1	31
1768	1	31
1769	1	31
1770	1	31
1771	1	31
1772	1	31
1773	1	31
1774	1	31
1775	1	31
1776	1	31
1777	1	31
1778	1	31
1779	1	31
1780	1	31
1781	1	31
1782	1	31
1783	1	31
1784	1	31
1785	1	31
1786	1	31
1787	1	31
1788	1	31
1789	1	31
1790	1	31
1791	1	31
1792	1	31
1793	1	31
1794	1	31
1795	1	31
1796	1	31
1797	1	31
1798	1	31
1799	1	31
1800	1	31
1801	1	31
1802	1	31
1803	1	31
1804	1	31
1805	1	31
1806	1	31
1807	1	31
1808	1	31
1809	1	31
1810	1	31
1811	1	31
1812	1	31
1813	1	31
1814	1	31
1815	1	31
1816	1	31
1817	1	31
1818	1	31
1819	1	31
1820	1	31
1821	1	31
1822	1	31
1823	1	31
1824	1	31
1825	1	31
1826	1	31
1827	1	31
1828	1	31
1829	1	31
1830	1	31
1831	1	31
1832	1	31
1833	1	31
1834	1	31
1835	1	31
1836	1	31
1837	1	31
1838	1	31
1839	1	31
1840	1	31
1841	1	31
1842	1	31
1843	1	31
1844	1	31
1845	1	31
1846	1	31
1847	1	31
1848	1	31
1849	1	31
1850	1	31
1851	1	31
1852	1	31
1853	1	31
1854	1	31
1855	1	31
1856	1	31
1857	1	31
1858	1	31
1859	1	31
1860	1	31
1861	1	31
1862	1	31
1863	1	31
1864	1	31
1865	1	31
1866	1	31
1867	1	31
1868	1	31
1869	1	31
1870	1	31
1871	1	31
1872	1	31
1873	1	31
1874	1	31
1875	1	31
1876	1	31
1877	1	31
1878	1	31
1879	1	31
1880	1	31
1881	1	31
1882	1	31
1883	1	31
1884	1	31
1885	1	31
1886	1	31
1887	1	31
1888	1	31
1889	1	31
1890	1	31
1891	1	31
1892	1	31
1893	1	31
1894	1	31
1895	1	31
1896	1	31
1897	1	31
1898	1	31
1899	1	31
1900	1	31
1901	1	31
1902	1	31
1903	1	31
1904	1	31
1905	1	31
1906	1	31
1907	1	31
1908	1	31
1909	1	31
1910	1	31
1911	1	31
1912	1	31
1913	1	31
1914	1	31
1915	1	31
1916	1	31
1917	1	31
1918	1	31
1919	1	31
1920	1	31
1921	1	31
1922	1	31
1923	1	31
1924	1	31
1925	1	31
1926	1	31
1927	1	31
1928	1	31
1929	1	31
1930	1	31
1931	1	31
1932	1	31
1933	1	31
1934	1	31
1935	1	31
1936	1	31
1937	1	31
1938	1	31
1939	1	31
1940	1	31
1941	1	31
1942	1	31
1943	1	31
1944	1	31
1945	1	31
1946	1	31
1947	1	31
1948	1	31
1949	1	31
1950	1	31
1951	1	31
1952	1	31
1953	1	31
1954	1	31
1955	1	31
1956	1	31
1957	1	31
1958	1	31
1959	1	31
1960	1	31
1961	1	31
1962	1	31
1963	1	31
1964	1	31
1965	1	31
1966	1	31
1967	1	31
1968	1	31
1969	1	31
1970	1	31
1971	1	31
1972	1	31
1973	1	31
1974	1	31
1975	1	31
1976	1	31
1977	1	31
1978	1	31
1979	1	31
1980	1	31
1981	1	31
1982	1	31
1983	1	31
1984	1	31
1985	1	31
1986	1	31
1987	1	31
1988	1	31
1989	1	31
1990	1	31
1991	1	31
1992	1	31
1993	1	31
1994	1	31
1995	1	31
1996	1	31
1997	1	31
1998	1	31
1999	1	31
