# Generation	ratio_optimal	mean_fitness
0	0.03086	19.5846
1	0.03478	20.0892
2	0.03663	20.3649
3	0.03714	20.5478
4	0.03821	20.6428
5	0.03737	20.7377
6	0.03878	20.7605
7	0.03776	20.7948
8	0.03901	20.8293
9	0.03957	20.8592
10	0.04002	20.8838
11	0.03883	20.8743
12	0.03789	20.8711
13	0.03803	20.8874
14	0.03903	20.8783
15	0.03939	20.8566
16	0.03872	20.8766
17	0.04011	20.8987
18	0.03938	20.9331
19	0.03935	20.9616
20	0.03933	20.951
21	0.03986	20.9833
22	0.03953	20.9493
23	0.03878	20.9471
24	0.04	20.9431
25	0.03988	20.9481
26	0.03936	20.9572
27	0.04023	20.9845
28	0.03918	20.9809
29	0.04012	21.0186
30	0.04012	21.0408
31	0.03961	21.023
32	0.0406	21.0413
33	0.03995	21.0112
34	0.041	21.041
35	0.04117	21.0367
36	0.04095	21.0127
37	0.04006	21.0605
38	0.04048	21.0502
39	0.03896	21.0253
40	0.04043	21.0436
41	0.04015	21.0816
42	0.04011	21.0853
43	0.04059	21.1271
44	0.04022	21.1369
45	0.04098	21.1488
46	0.04127	21.1337
47	0.04054	21.1402
48	0.04093	21.1258
49	0.04075	21.1409
50	0.04179	21.121
51	0.04105	21.1233
52	0.04135	21.1556
53	0.04161	21.1911
54	0.04163	21.1583
55	0.04114	21.1323
56	0.04035	21.1431
57	0.04019	21.143
58	0.04001	21.1177
59	0.04191	21.1591
60	0.04085	21.2108
61	0.04143	21.2218
62	0.04185	21.2491
63	0.04199	21.238
64	0.04214	21.2212
65	0.04312	21.2586
66	0.04176	21.2577
67	0.04172	21.2975
68	0.04193	21.2894
69	0.04145	21.3241
70	0.04219	21.314
71	0.04245	21.3094
72	0.04134	21.3419
73	0.0425	21.3217
74	0.04283	21.3389
75	0.04247	21.339
76	0.04211	21.3664
77	0.04262	21.3255
78	0.0421	21.364
79	0.04219	21.392
80	0.04238	21.4028
81	0.04157	21.3979
82	0.04351	21.4175
83	0.04238	21.4017
84	0.04188	21.3823
85	0.04233	21.4377
86	0.04155	21.441
87	0.04238	21.4295
88	0.04187	21.4367
89	0.04301	21.4387
90	0.04336	21.458
91	0.04281	21.4689
92	0.04441	21.5133
93	0.04442	21.5052
94	0.04357	21.4992
95	0.04341	21.532
96	0.04364	21.5438
97	0.04366	21.523
98	0.04365	21.5537
99	0.04351	21.5589
100	0.04518	21.5621
101	0.04411	21.543
102	0.0429	21.5599
103	0.04417	21.584
104	0.04445	21.6281
105	0.0444	21.6038
106	0.04371	21.5938
107	0.04445	21.6076
108	0.04399	21.6411
109	0.04445	21.6341
110	0.04456	21.6484
111	0.04474	21.6607
112	0.04398	21.6785
113	0.04471	21.712
114	0.0441	21.733
115	0.04495	21.7043
116	0.04576	21.6936
117	0.0469	21.7082
118	0.04382	21.716
119	0.04543	21.7284
120	0.04457	21.7636
121	0.04695	21.7706
122	0.04514	21.7915
123	0.04536	21.7745
124	0.04498	21.7903
125	0.04601	21.8012
126	0.04537	21.804
127	0.04574	21.8189
128	0.04483	21.8587
129	0.04629	21.8785
130	0.04659	21.8876
131	0.04545	21.8962
132	0.04549	21.8823
133	0.04511	21.8819
134	0.04647	21.8937
135	0.04614	21.9076
136	0.0475	21.9618
137	0.04748	21.9484
138	0.0475	21.9572
139	0.04718	21.9502
140	0.04723	21.9604
141	0.04742	21.9773
142	0.04849	22.0004
143	0.04714	21.9946
144	0.04659	22
145	0.04688	22.0264
146	0.0477	22.0451
147	0.0476	22.044
148	0.04883	22.0761
149	0.04822	22.085
150	0.0485	22.0828
151	0.04892	22.1029
152	0.0476	22.1199
153	0.04762	22.1058
154	0.04799	22.1193
155	0.04775	22.122
156	0.04729	22.1316
157	0.04922	22.1571
158	0.05077	22.1786
159	0.04846	22.2072
160	0.04889	22.2171
161	0.04929	22.1876
162	0.04877	22.2299
163	0.04893	22.2532
164	0.04872	22.2637
165	0.0493	22.2741
166	0.04844	22.288
167	0.04918	22.2838
168	0.04914	22.2714
169	0.04918	22.3211
170	0.04915	22.3484
171	0.05003	22.3643
172	0.04985	22.3666
173	0.04882	22.3758
174	0.04919	22.3854
175	0.05042	22.4059
176	0.05046	22.4153
177	0.05042	22.4404
178	0.05157	22.4337
179	0.05139	22.442
180	0.05209	22.4377
181	0.05016	22.4515
182	0.05071	22.4748
183	0.05065	22.4558
184	0.05027	22.4784
185	0.05198	22.5037
186	0.05102	22.4968
187	0.05232	22.544
188	0.05152	22.5573
189	0.05164	22.5643
190	0.05179	22.5845
191	0.05155	22.6037
192	0.05265	22.6354
193	0.05147	22.6373
194	0.05158	22.6465
195	0.05223	22.6606
196	0.05208	22.6648
197	0.05173	22.6854
198	0.05354	22.6936
199	0.05238	22.7313
200	0.05258	22.7634
201	0.05284	22.7746
202	0.05378	22.7846
203	0.05435	22.7646
204	0.05304	22.7675
205	0.05464	22.7659
206	0.05284	22.7831
207	0.05344	22.8207
208	0.0545	22.8545
209	0.0528	22.8465
210	0.0545	22.8639
211	0.05319	22.8576
212	0.05394	22.8704
213	0.05442	22.9045
214	0.05332	22.9248
215	0.0554	22.9483
216	0.0551	22.9812
217	0.05564	23.026
218	0.05565	23.0133
219	0.05581	23.0323
220	0.05578	23.046
221	0.0557	23.0319
222	0.05479	23.0388
223	0.05535	23.0626
224	0.056	23.0795
225	0.05636	23.0759
226	0.05571	23.1239
227	0.05678	23.1167
228	0.05597	23.1335
229	0.05652	23.1724
230	0.05653	23.183
231	0.05673	23.1833
232	0.05553	23.2029
233	0.05627	23.2014
234	0.05694	23.1962
235	0.05778	23.2509
236	0.05622	23.258
237	0.05691	23.2939
238	0.05806	23.3068
239	0.05924	23.3026
240	0.05794	23.2865
241	0.05707	23.2999
242	0.05896	23.3577
243	0.05914	23.4083
244	0.05759	23.3943
245	0.05814	23.4107
246	0.05948	23.3996
247	0.05989	23.4134
248	0.05963	23.4204
249	0.05915	23.4425
250	0.05937	23.4667
251	0.05979	23.4843
252	0.05996	23.5225
253	0.0599	23.5184
254	0.06139	23.569
255	0.06067	23.5775
256	0.05981	23.5716
257	0.06086	23.5999
258	0.06209	23.6055
259	0.06152	23.6133
260	0.06122	23.6128
261	0.06152	23.6335
262	0.06208	23.6435
263	0.06245	23.6789
264	0.06277	23.6899
265	0.06263	23.7173
266	0.0619	23.7074
267	0.06269	23.744
268	0.06229	23.7458
269	0.06136	23.7709
270	0.06267	23.7968
271	0.06278	23.8242
272	0.06479	23.8763
273	0.06376	23.8543
274	0.06485	23.8865
275	0.06341	23.9041
276	0.06502	23.9086
277	0.06437	23.9224
278	0.06449	23.9169
279	0.06492	23.9412
280	0.06469	23.9665
281	0.06469	23.9762
282	0.06512	23.9975
283	0.06474	23.9933
284	0.06548	24.0472
285	0.06605	24.0763
286	0.06445	24.0655
287	0.06596	24.085
288	0.06489	24.0924
289	0.06735	24.1355
290	0.06537	24.1349
291	0.0674	24.1503
292	0.06637	24.172
293	0.06726	24.216
294	0.06851	24.2378
295	0.06859	24.2788
296	0.06614	24.2552
297	0.06943	24.2564
298	0.06864	24.2703
299	0.06852	24.2946
300	0.0689	24.2746
301	0.06912	24.2945
302	0.06928	24.3278
303	0.06937	24.348
304	0.06791	24.3639
305	0.06986	24.3759
306	0.06891	24.3996
307	0.06997	24.3963
308	0.06951	24.4041
309	0.06972	24.4478
310	0.07039	24.4726
311	0.07099	24.5115
312	0.07078	24.5303
313	0.07074	24.5291
314	0.07102	24.5414
315	0.07077	24.5605
316	0.07077	24.5825
317	0.07205	24.5951
318	0.07155	24.6237
319	0.06996	24.6197
320	0.07206	24.6465
321	0.07257	24.7091
322	0.07314	24.7115
323	0.07417	24.7359
324	0.07376	24.7474
325	0.07393	24.7536
326	0.07463	24.7554
327	0.07386	24.8108
328	0.07375	24.8259
329	0.07497	24.8442
330	0.07413	24.8497
331	0.07461	24.871
332	0.07604	24.8925
333	0.07647	24.9215
334	0.07683	24.9319
335	0.07719	24.9603
336	0.0754	24.9854
337	0.07518	24.9908
338	0.07622	25.0008
339	0.07722	25.0214
340	0.07737	25.0199
341	0.07673	25.0236
342	0.07906	25.0616
343	0.07801	25.0865
344	0.07898	25.1011
345	0.07939	25.1419
346	0.07959	25.1754
347	0.08028	25.1903
348	0.07944	25.2108
349	0.08006	25.2172
350	0.07888	25.2136
351	0.08009	25.2417
352	0.08057	25.2597
353	0.08043	25.2777
354	0.07875	25.2581
355	0.08245	25.2992
356	0.08227	25.3069
357	0.08278	25.3291
358	0.08274	25.3492
359	0.08161	25.3752
360	0.08116	25.3924
361	0.08312	25.4025
362	0.08424	25.4072
363	0.08465	25.4217
364	0.08368	25.4404
365	0.0839	25.4673
366	0.08562	25.5114
367	0.08613	25.5369
368	0.08478	25.5409
369	0.0856	25.58
370	0.08556	25.5881
371	0.08559	25.6253
372	0.08537	25.6483
373	0.08517	25.674
374	0.08562	25.6712
375	0.0853	25.6775
376	0.08624	25.7056
377	0.08768	25.7257
378	0.08698	25.7371
379	0.08686	25.7607
380	0.08882	25.7905
381	0.0889	25.8229
382	0.08994	25.8391
383	0.08995	25.8448
384	0.0911	25.8772
385	0.09006	25.8731
386	0.09018	25.8872
387	0.08905	25.8944
388	0.09032	25.9004
389	0.09137	25.9229
390	0.09106	25.9438
391	0.09124	25.9541
392	0.09148	25.9887
393	0.09259	26.0226
394	0.09289	26.045
395	0.09258	26.0744
396	0.09441	26.0884
397	0.09389	26.101
398	0.09652	26.1165
399	0.09646	26.1384
400	0.09634	26.1549
401	0.09475	26.16
402	0.0975	26.1772
403	0.09698	26.1978
404	0.09662	26.2063
405	0.09689	26.2352
406	0.09816	26.2494
407	0.09633	26.2805
408	0.09765	26.2766
409	0.09785	26.3017
410	0.09788	26.3228
411	0.09866	26.3532
412	0.09886	26.3639
413	0.10064	26.4034
414	0.10123	26.4138
415	0.1011	26.4367
416	0.10144	26.452
417	0.10156	26.4813
418	0.10256	26.4996
419	0.10339	26.4862
420	0.10406	26.4873
421	0.1032	26.5065
422	0.1022	26.5227
423	0.10325	26.5358
424	0.10381	26.5727
425	0.10419	26.5774
426	0.10394	26.5974
427	0.10601	26.6088
428	0.10437	26.6458
429	0.10689	26.6859
430	0.10663	26.6992
431	0.10618	26.7182
432	0.10729	26.7172
433	0.10622	26.7248
434	0.10798	26.7557
435	0.10835	26.7735
436	0.11031	26.8041
437	0.1113	26.8159
438	0.11157	26.8236
439	0.11021	26.8302
440	0.11007	26.8486
441	0.11106	26.8694
442	0.11218	26.8832
443	0.11138	26.9006
444	0.11104	26.9296
445	0.11165	26.9357
446	0.11374	26.9394
447	0.11396	26.9595
448	0.11389	26.9828
449	0.11471	26.9851
450	0.11598	27.002
451	0.11485	27.0261
452	0.11481	27.0299
453	0.11403	27.0451
454	0.11552	27.0641
455	0.11562	27.0627
456	0.11601	27.0775
457	0.11593	27.1111
458	0.11785	27.134
459	0.11859	27.1576
460	0.12012	27.166
461	0.11862	27.1752
462	0.12112	27.1878
463	0.12065	27.1992
464	0.11901	27.2185
465	0.12083	27.236
466	0.12098	27.2499
467	0.12123	27.2579
468	0.12271	27.2724
469	0.12271	27.2907
470	0.12331	27.3086
471	0.12316	27.3293
472	0.12349	27.3551
473	0.12489	27.3672
474	0.12603	27.3851
475	0.12621	27.3888
476	0.12573	27.4014
477	0.12587	27.4091
478	0.12811	27.4349
479	0.12681	27.44
480	0.12695	27.4578
481	0.12786	27.4694
482	0.12901	27.4987
483	0.12897	27.5062
484	0.12913	27.5177
485	0.12887	27.5406
486	0.1292	27.5526
487	0.13098	27.5712
488	0.1308	27.5791
489	0.13148	27.5999
490	0.13169	27.5992
491	0.13292	27.6169
492	0.13305	27.6524
493	0.13333	27.6626
494	0.1338	27.6765
495	0.13363	27.6878
496	0.13558	27.703
497	0.13686	27.7168
498	0.13743	27.7256
499	0.13688	27.7389
500	0.13675	27.7468
501	0.13709	27.7696
502	0.13744	27.7729
503	0.13959	27.79
504	0.1414	27.7989
505	0.14061	27.8131
506	0.14146	27.8345
507	0.14293	27.8534
508	0.14217	27.8596
509	0.14174	27.866
510	0.14289	27.872
511	0.14258	27.8803
512	0.14251	27.8996
513	0.14314	27.9155
514	0.14575	27.9266
515	0.14727	27.9412
516	0.14671	27.9629
517	0.14914	27.9807
518	0.14873	27.9958
519	0.14863	27.9885
520	0.1504	28.0035
521	0.1504	28.0182
522	0.14975	28.0272
523	0.15163	28.0492
524	0.14975	28.0567
525	0.15155	28.0916
526	0.15372	28.105
527	0.15344	28.1115
528	0.15291	28.1183
529	0.15589	28.1372
530	0.15607	28.1531
531	0.1564	28.16
532	0.15588	28.1621
533	0.15777	28.1669
534	0.15877	28.1897
535	0.15816	28.2034
536	0.15712	28.2045
537	0.1575	28.2089
538	0.1588	28.2234
539	0.16017	28.2419
540	0.16189	28.254
541	0.16185	28.264
542	0.16238	28.2772
543	0.16442	28.2836
544	0.16451	28.2986
545	0.16577	28.3059
546	0.16443	28.3001
547	0.16454	28.316
548	0.1672	28.3384
549	0.16826	28.3497
550	0.16819	28.3597
551	0.17011	28.3814
552	0.16983	28.3922
553	0.17069	28.3918
554	0.1701	28.407
555	0.17147	28.4236
556	0.17184	28.4337
557	0.1721	28.4447
558	0.17397	28.4548
559	0.17532	28.4683
560	0.17609	28.4797
561	0.17703	28.4896
562	0.17738	28.4977
563	0.17784	28.5055
564	0.17836	28.5095
565	0.17902	28.5227
566	0.18075	28.5352
567	0.18206	28.5458
568	0.18094	28.5535
569	0.18104	28.5609
570	0.18259	28.572
571	0.18282	28.5863
572	0.18345	28.5963
573	0.18447	28.616
574	0.18521	28.6197
575	0.18657	28.6365
576	0.18704	28.6476
577	0.18704	28.6522
578	0.18831	28.6612
579	0.18777	28.6674
580	0.18938	28.6726
581	0.18704	28.6811
582	0.18852	28.6871
583	0.19023	28.6998
584	0.19175	28.7094
585	0.19291	28.7238
586	0.19292	28.7388
587	0.19373	28.7482
588	0.19451	28.7553
589	0.19723	28.7647
590	0.19502	28.7759
591	0.19712	28.7821
592	0.19863	28.7902
593	0.19916	28.8054
594	0.20185	28.8167
595	0.19921	28.8172
596	0.20156	28.8207
597	0.20303	28.8349
598	0.20281	28.8391
599	0.20381	28.8537
600	0.20466	28.8672
601	0.20456	28.8711
602	0.20658	28.8755
603	0.20716	28.8824
604	0.20882	28.894
605	0.21035	28.8999
606	0.21282	28.9106
607	0.21397	28.9211
608	0.21427	28.9243
609	0.21463	28.9331
610	0.21513	28.9482
611	0.21581	28.9567
612	0.21738	28.9673
613	0.21764	28.9808
614	0.21811	28.9893
615	0.21881	28.9939
616	0.22171	29.0043
617	0.22196	29.0138
618	0.22284	29.0197
619	0.22423	29.0306
620	0.22431	29.0374
621	0.22606	29.0491
622	0.226	29.0597
623	0.22689	29.0694
624	0.23164	29.0796
625	0.23058	29.0828
626	0.23199	29.0933
627	0.23019	29.0996
628	0.23116	29.1048
629	0.23204	29.1202
630	0.23438	29.1218
631	0.2363	29.1333
632	0.23687	29.1361
633	0.23681	29.1415
634	0.23719	29.1504
635	0.23986	29.1631
636	0.24109	29.1685
637	0.24136	29.1785
638	0.24336	29.1834
639	0.24598	29.1981
640	0.24778	29.2008
641	0.24855	29.2109
642	0.24632	29.212
643	0.24607	29.2145
644	0.2493	29.2256
645	0.25002	29.2293
646	0.25102	29.2397
647	0.25238	29.2453
648	0.25441	29.2632
649	0.25435	29.2652
650	0.25363	29.2719
651	0.25515	29.2813
652	0.25521	29.2888
653	0.25602	29.2876
654	0.25722	29.2946
655	0.25673	29.2989
656	0.25979	29.3093
657	0.26045	29.3161
658	0.26117	29.3225
659	0.26308	29.3339
660	0.2645	29.3454
661	0.26514	29.3505
662	0.26675	29.3616
663	0.26768	29.3675
664	0.26883	29.3681
665	0.27231	29.3843
666	0.27434	29.3941
667	0.27487	29.4025
668	0.27364	29.4054
669	0.27545	29.417
670	0.27501	29.4222
671	0.27678	29.4281
672	0.28004	29.442
673	0.28147	29.4467
674	0.28354	29.4533
675	0.28281	29.4556
676	0.28478	29.467
677	0.28466	29.4691
678	0.28533	29.4707
679	0.2881	29.4799
680	0.28927	29.4895
681	0.29093	29.4965
682	0.29034	29.5004
683	0.2923	29.5107
684	0.29482	29.5189
685	0.29513	29.5277
686	0.29605	29.5317
687	0.29937	29.5421
688	0.30112	29.547
689	0.30284	29.5531
690	0.30379	29.5643
691	0.30654	29.5734
692	0.30866	29.5822
693	0.30989	29.5894
694	0.30987	29.589
695	0.31112	29.5945
696	0.31171	29.6013
697	0.31276	29.6069
698	0.31397	29.6152
699	0.31323	29.6169
700	0.31593	29.6264
701	0.31661	29.6258
702	0.31986	29.6322
703	0.32025	29.6421
704	0.32353	29.6491
705	0.32366	29.6571
706	0.32419	29.6557
707	0.3268	29.6683
708	0.32769	29.675
709	0.32831	29.6819
710	0.33027	29.688
711	0.33226	29.6963
712	0.33379	29.7048
713	0.3372	29.7098
714	0.3352	29.7149
715	0.33597	29.7197
716	0.3375	29.7268
717	0.33872	29.7322
718	0.33983	29.7343
719	0.34104	29.7402
720	0.34288	29.7437
721	0.34613	29.7545
722	0.34762	29.7598
723	0.34915	29.7683
724	0.35085	29.7729
725	0.35105	29.7771
726	0.35313	29.7856
727	0.35461	29.7926
728	0.35707	29.8022
729	0.35913	29.81
730	0.35959	29.8122
731	0.36165	29.8162
732	0.36304	29.8223
733	0.36419	29.8291
734	0.36562	29.8351
735	0.36781	29.843
736	0.37107	29.8537
737	0.37086	29.8577
738	0.37136	29.8614
739	0.37302	29.8694
740	0.37637	29.8785
741	0.3782	29.8819
742	0.37863	29.8894
743	0.38047	29.8962
744	0.38245	29.9007
745	0.38423	29.9063
746	0.38574	29.9093
747	0.38879	29.9183
748	0.39024	29.9237
749	0.39143	29.9287
750	0.39401	29.933
751	0.39511	29.9399
752	0.39446	29.9395
753	0.39644	29.9453
754	0.3982	29.9491
755	0.39889	29.9552
756	0.40074	29.9633
757	0.4037	29.968
758	0.40611	29.9754
759	0.40979	29.9866
760	0.41122	29.9922
761	0.41211	29.9998
762	0.41459	30.004
763	0.41517	30.0087
764	0.41826	30.0174
765	0.41849	30.0182
766	0.41843	30.0216
767	0.42111	30.0302
768	0.42397	30.0367
769	0.42439	30.0384
770	0.42779	30.0465
771	0.42878	30.0511
772	0.4316	30.0574
773	0.43422	30.0602
774	0.43559	30.0658
775	0.43779	30.0718
776	0.43976	30.08
777	0.44101	30.0835
778	0.44209	30.0874
779	0.44349	30.0908
780	0.44456	30.0942
781	0.44525	30.0987
782	0.44763	30.1047
783	0.45085	30.1109
784	0.45224	30.1177
785	0.45628	30.1279
786	0.45811	30.1287
787	0.45915	30.1353
788	0.46153	30.1425
789	0.46322	30.1461
790	0.46489	30.1513
791	0.46616	30.1564
792	0.4673	30.16
793	0.4704	30.166
794	0.47212	30.1713
795	0.47346	30.175
796	0.47538	30.1813
797	0.47542	30.1815
798	0.47748	30.1868
799	0.48037	30.1926
800	0.48123	30.1974
801	0.48342	30.2018
802	0.48482	30.2065
803	0.48648	30.2113
804	0.48839	30.2153
805	0.48949	30.2176
806	0.49352	30.2246
807	0.49364	30.2279
808	0.49628	30.2334
809	0.49796	30.2373
810	0.50033	30.2432
811	0.50298	30.2481
812	0.5031	30.2521
813	0.50598	30.2582
814	0.50828	30.2637
815	0.51189	30.2722
816	0.51471	30.2783
817	0.51706	30.2836
818	0.51826	30.2883
819	0.5203	30.2919
820	0.52167	30.2957
821	0.5233	30.3018
822	0.52629	30.305
823	0.52945	30.3116
824	0.53105	30.3124
825	0.5327	30.3169
826	0.5354	30.324
827	0.53663	30.3276
828	0.53759	30.3318
829	0.53816	30.3354
830	0.54045	30.3395
831	0.54211	30.3425
832	0.54609	30.3494
833	0.549	30.3551
834	0.55028	30.3595
835	0.55316	30.3646
836	0.55523	30.3681
837	0.55786	30.3734
838	0.5605	30.3771
839	0.562	30.3801
840	0.5645	30.3857
841	0.56659	30.3898
842	0.56889	30.3944
843	0.5697	30.3969
844	0.57268	30.4021
845	0.57378	30.4049
846	0.57707	30.4114
847	0.57952	30.4157
848	0.58095	30.4187
849	0.58302	30.4232
850	0.58666	30.4287
851	0.58821	30.4322
852	0.58939	30.4355
853	0.59123	30.4409
854	0.59508	30.4463
855	0.59792	30.4506
856	0.59894	30.454
857	0.60215	30.46
858	0.60455	30.465
859	0.60532	30.467
860	0.60866	30.4711
861	0.61138	30.4748
862	0.6131	30.4767
863	0.6166	30.4844
864	0.61782	30.4867
865	0.61902	30.4899
866	0.62012	30.4921
867	0.62207	30.4957
868	0.62372	30.4985
869	0.62569	30.5025
870	0.62878	30.5073
871	0.63063	30.5108
872	0.63378	30.5158
873	0.63624	30.5205
874	0.63885	30.5241
875	0.63993	30.527
876	0.64251	30.5316
877	0.64498	30.5358
878	0.64855	30.5424
879	0.65169	30.5458
880	0.65369	30.5503
881	0.65633	30.5532
882	0.65637	30.5541
883	0.65948	30.5592
884	0.66222	30.5633
885	0.66399	30.5662
886	0.66542	30.5695
887	0.66873	30.5745
888	0.67143	30.5792
889	0.67273	30.5814
890	0.67518	30.5851
891	0.67796	30.5888
892	0.67955	30.5928
893	0.68194	30.5977
894	0.68296	30.5982
895	0.68446	30.6019
896	0.6861	30.6043
897	0.68854	30.6071
898	0.69152	30.6123
899	0.69163	30.6135
900	0.69415	30.6179
901	0.69731	30.622
902	0.69896	30.6242
903	0.70168	30.6282
904	0.7042	30.6324
905	0.70807	30.637
906	0.71102	30.6406
907	0.71144	30.6418
908	0.7137	30.6451
909	0.71591	30.6484
910	0.71892	30.6525
911	0.72	30.6534
912	0.72147	30.656
913	0.72381	30.6589
914	0.72639	30.6628
915	0.72833	30.6662
916	0.73105	30.6709
917	0.73418	30.6749
918	0.73551	30.6769
919	0.73704	30.6797
920	0.73912	30.6827
921	0.74208	30.6853
922	0.74424	30.6879
923	0.74703	30.6928
924	0.74773	30.6943
925	0.7486	30.6965
926	0.75081	30.699
927	0.7524	30.701
928	0.75523	30.7052
929	0.75625	30.7073
930	0.75908	30.7109
931	0.76218	30.7143
932	0.76337	30.7163
933	0.76628	30.7199
934	0.76871	30.7228
935	0.76923	30.7247
936	0.77255	30.7287
937	0.77473	30.7315
938	0.77611	30.7337
939	0.77833	30.737
940	0.78039	30.7392
941	0.78224	30.7414
942	0.78469	30.7443
943	0.78676	30.7467
944	0.78873	30.7491
945	0.79005	30.7515
946	0.79209	30.7545
947	0.7948	30.7579
948	0.79556	30.7595
949	0.79704	30.7614
950	0.79786	30.7631
951	0.79903	30.7648
952	0.80113	30.7673
953	0.80395	30.7709
954	0.80612	30.7739
955	0.80781	30.7756
956	0.80956	30.7774
957	0.81154	30.7799
958	0.81345	30.7828
959	0.81516	30.7848
960	0.81815	30.7883
961	0.82037	30.791
962	0.82146	30.7922
963	0.82299	30.7943
964	0.82585	30.7976
965	0.82791	30.7996
966	0.82991	30.802
967	0.83223	30.8047
968	0.8339	30.807
969	0.83607	30.8097
970	0.8373	30.8115
971	0.83878	30.813
972	0.84098	30.8159
973	0.84248	30.8176
974	0.84318	30.8187
975	0.84549	30.8214
976	0.84727	30.8241
977	0.84832	30.8253
978	0.84897	30.8264
979	0.85119	30.8287
980	0.85314	30.831
981	0.85548	30.8336
982	0.85571	30.8342
983	0.8581	30.8368
984	0.86013	30.8396
985	0.8611	30.8409
986	0.86283	30.8426
987	0.86431	30.8447
988	0.86647	30.8472
989	0.86768	30.8487
990	0.86876	30.85
991	0.87005	30.8515
992	0.87131	30.853
993	0.87359	30.8557
994	0.87577	30.8582
995	0.87664	30.859
996	0.87806	30.8608
997	0.88026	30.8631
998	0.88243	30.8656
999	0.88334	30.8669
1000	0.88408	30.8678
1001	0.88542	30.8695
1002	0.88722	30.8715
1003	0.88865	30.8728
1004	0.88984	30.8741
1005	0.89202	30.8768
1006	0.89359	30.8785
1007	0.89505	30.8803
1008	0.89679	30.8823
1009	0.89834	30.8842
1010	0.89915	30.8851
1011	0.90072	30.8869
1012	0.90177	30.8879
1013	0.90303	30.8895
1014	0.90461	30.8912
1015	0.90572	30.8926
1016	0.90738	30.8943
1017	0.90814	30.8954
1018	0.90983	30.897
1019	0.91191	30.8993
1020	0.913	30.9006
1021	0.91433	30.9022
1022	0.91571	30.9037
1023	0.91673	30.9048
1024	0.91814	30.9066
1025	0.9193	30.908
1026	0.92039	30.9091
1027	0.92109	30.9099
1028	0.92275	30.9115
1029	0.92412	30.9129
1030	0.92526	30.9142
1031	0.9262	30.9153
1032	0.92742	30.9166
1033	0.92772	30.9171
1034	0.92893	30.9185
1035	0.93009	30.9198
1036	0.93079	30.9205
1037	0.93182	30.9216
1038	0.93291	30.9227
1039	0.93434	30.9242
1040	0.93562	30.9256
1041	0.93659	30.9267
1042	0.9377	30.9278
1043	0.93817	30.9285
1044	0.93862	30.929
1045	0.9397	30.9302
1046	0.94024	30.9307
1047	0.94159	30.9322
1048	0.94255	30.9331
1049	0.9437	30.9342
1050	0.94457	30.9352
1051	0.94609	30.9368
1052	0.94686	30.9377
1053	0.94774	30.9386
1054	0.94853	30.9395
1055	0.94929	30.9403
1056	0.95013	30.9412
1057	0.95079	30.942
1058	0.95154	30.9427
1059	0.95261	30.9438
1060	0.95309	30.9443
1061	0.9541	30.9453
1062	0.95447	30.9458
1063	0.95524	30.9465
1064	0.95623	30.9476
1065	0.95721	30.9487
1066	0.95845	30.95
1067	0.95962	30.9513
1068	0.95989	30.9516
1069	0.96034	30.9521
1070	0.96115	30.953
1071	0.96159	30.9535
1072	0.96226	30.9541
1073	0.963	30.9549
1074	0.96341	30.9554
1075	0.96403	30.9561
1076	0.96472	30.9568
1077	0.96534	30.9575
1078	0.96612	30.9582
1079	0.96653	30.9587
1080	0.96704	30.9592
1081	0.96729	30.9595
1082	0.96808	30.9603
1083	0.96866	30.9609
1084	0.96911	30.9613
1085	0.97	30.9622
1086	0.97067	30.9629
1087	0.97082	30.9631
1088	0.9717	30.9641
1089	0.9719	30.9642
1090	0.97209	30.9644
1091	0.97266	30.965
1092	0.97305	30.9654
1093	0.97407	30.9665
1094	0.97451	30.9669
1095	0.9748	30.9672
1096	0.97524	30.9676
1097	0.97569	30.9681
1098	0.97636	30.9688
1099	0.97681	30.9693
1100	0.97712	30.9696
1101	0.97758	30.9701
1102	0.97805	30.9706
1103	0.9785	30.9711
1104	0.97894	30.9715
1105	0.97937	30.9719
1106	0.98001	30.9726
1107	0.98036	30.973
1108	0.98072	30.9733
1109	0.98126	30.9739
1110	0.98147	30.9741
1111	0.98178	30.9744
1112	0.98229	30.9749
1113	0.98272	30.9753
1114	0.98303	30.9756
1115	0.98329	30.9759
1116	0.98336	30.976
1117	0.98391	30.9765
1118	0.98419	30.9768
1119	0.98424	30.9769
1120	0.98427	30.9769
1121	0.98439	30.977
1122	0.98443	30.9771
1123	0.98469	30.9773
1124	0.98506	30.9777
1125	0.98558	30.9782
1126	0.98608	30.9788
1127	0.98648	30.9792
1128	0.98675	30.9795
1129	0.98688	30.9796
1130	0.98685	30.9796
1131	0.98721	30.98
1132	0.98725	30.98
1133	0.98773	30.9805
1134	0.98801	30.9808
1135	0.98836	30.9811
1136	0.98873	30.9815
1137	0.98897	30.9817
1138	0.98908	30.9818
1139	0.98925	30.982
1140	0.98943	30.9822
1141	0.98963	30.9824
1142	0.98971	30.9825
1143	0.98969	30.9824
1144	0.99011	30.9829
1145	0.99022	30.983
1146	0.99041	30.9832
1147	0.99054	30.9833
1148	0.99069	30.9834
1149	0.99093	30.9837
1150	0.99119	30.9839
1151	0.99123	30.984
1152	0.9915	30.9843
1153	0.99163	30.9844
1154	0.99165	30.9844
1155	0.99185	30.9846
1156	0.9919	30.9846
1157	0.99206	30.9848
1158	0.99221	30.985
1159	0.99231	30.9851
1160	0.99252	30.9853
1161	0.99245	30.9852
1162	0.99264	30.9854
1163	0.99275	30.9855
1164	0.99297	30.9857
1165	0.99309	30.9859
1166	0.99326	30.986
1167	0.99324	30.986
1168	0.99348	30.9863
1169	0.99346	30.9863
1170	0.9936	30.9864
1171	0.99365	30.9865
1172	0.99375	30.9866
1173	0.99389	30.9867
1174	0.99392	30.9867
1175	0.99406	30.9869
1176	0.99417	30.987
1177	0.99413	30.987
1178	0.99422	30.987
1179	0.99426	30.9871
1180	0.99424	30.987
1181	0.99432	30.9871
1182	0.99442	30.9872
1183	0.99446	30.9873
1184	0.99455	30.9874
1185	0.99458	30.9874
1186	0.99462	30.9874
1187	0.99468	30.9875
1188	0.99479	30.9876
1189	0.99487	30.9877
1190	0.99495	30.9878
1191	0.99495	30.9878
1192	0.995	30.9878
1193	0.99502	30.9878
1194	0.99507	30.9879
1195	0.99511	30.9879
1196	0.99515	30.988
1197	0.99525	30.9881
1198	0.99535	30.9882
1199	0.99537	30.9882
1200	0.99535	30.9882
1201	0.99538	30.9882
1202	0.99548	30.9883
1203	0.99546	30.9883
1204	0.99546	30.9883
1205	0.99554	30.9884
1206	0.99558	30.9884
1207	0.99556	30.9884
1208	0.99563	30.9885
1209	0.99569	30.9885
1210	0.99576	30.9886
1211	0.99575	30.9886
1212	0.99581	30.9886
1213	0.99583	30.9886
1214	0.99588	30.9887
1215	0.9959	30.9887
1216	0.9959	30.9887
1217	0.99591	30.9887
1218	0.99593	30.9887
1219	0.99593	30.9888
1220	0.99597	30.9888
1221	0.996	30.9888
1222	0.99601	30.9888
1223	0.996	30.9888
1224	0.99605	30.9889
1225	0.99609	30.9889
1226	0.99612	30.9889
1227	0.99613	30.989
1228	0.99614	30.989
1229	0.99613	30.989
1230	0.99612	30.9889
1231	0.99609	30.9889
1232	0.99613	30.989
1233	0.9961	30.9889
1234	0.99611	30.9889
1235	0.99611	30.9889
1236	0.99614	30.989
1237	0.99617	30.989
1238	0.99618	30.989
1239	0.99621	30.989
1240	0.99622	30.9891
1241	0.99621	30.989
1242	0.99624	30.9891
1243	0.99625	30.9891
1244	0.99625	30.9891
1245	0.99628	30.9891
1246	0.99629	30.9891
1247	0.99628	30.9891
1248	0.99628	30.9891
1249	0.9963	30.9891
1250	0.9963	30.9891
1251	0.99634	30.9892
1252	0.99634	30.9892
1253	0.99633	30.9892
1254	0.99634	30.9892
1255	0.99634	30.9892
1256	0.99634	30.9892
1257	0.99633	30.9892
1258	0.99634	30.9892
1259	0.99636	30.9892
1260	0.99635	30.9892
1261	0.99635	30.9892
1262	0.99636	30.9892
1263	0.99635	30.9892
1264	0.99636	30.9892
1265	0.9964	30.9892
1266	0.99641	30.9892
1267	0.9964	30.9892
1268	0.9964	30.9892
1269	0.9964	30.9892
1270	0.99641	30.9892
1271	0.99642	30.9893
1272	0.99641	30.9892
1273	0.99641	30.9892
1274	0.99641	30.9892
1275	0.99641	30.9892
1276	0.9964	30.9892
1277	0.99639	30.9892
1278	0.99638	30.9892
1279	0.99639	30.9892
1280	0.99639	30.9892
1281	0.99639	30.9892
1282	0.99639	30.9892
1283	0.99639	30.9892
1284	0.9964	30.9892
1285	0.99641	30.9892
1286	0.99641	30.9892
1287	0.99642	30.9893
1288	0.99642	30.9893
1289	0.99642	30.9893
1290	0.99642	30.9893
1291	0.99642	30.9893
1292	0.99642	30.9893
1293	0.99642	30.9893
1294	0.99642	30.9893
1295	0.99642	30.9893
1296	0.99642	30.9893
1297	0.99642	30.9893
1298	0.99642	30.9893
1299	0.99642	30.9893
1300	0.99642	30.9893
1301	0.99642	30.9893
1302	0.99642	30.9893
1303	0.99642	30.9893
1304	0.99642	30.9893
1305	0.99642	30.9893
1306	0.99642	30.9893
1307	0.99642	30.9893
1308	0.99642	30.9893
1309	0.99642	30.9893
1310	0.99642	30.9893
1311	0.99642	30.9893
1312	0.99642	30.9893
1313	0.99642	30.9893
1314	0.99642	30.9893
1315	0.99642	30.9893
1316	0.99642	30.9893
1317	0.99642	30.9893
1318	0.99642	30.9893
1319	0.99642	30.9893
1320	0.99642	30.9893
1321	0.99642	30.9893
1322	0.99642	30.9893
1323	0.99642	30.9893
1324	0.99642	30.9893
1325	0.99642	30.9893
1326	0.99642	30.9893
1327	0.99642	30.9893
1328	0.99642	30.9893
1329	0.99642	30.9893
1330	0.99642	30.9893
1331	0.99642	30.9893
1332	0.99642	30.9893
1333	0.99642	30.9893
1334	0.99642	30.9893
1335	0.99642	30.9893
1336	0.99642	30.9893
1337	0.99642	30.9893
1338	0.99642	30.9893
1339	0.99642	30.9893
1340	0.99642	30.9893
1341	0.99642	30.9893
1342	0.99642	30.9893
1343	0.99642	30.9893
1344	0.99642	30.9893
1345	0.99642	30.9893
1346	0.99642	30.9893
1347	0.99642	30.9893
1348	0.99642	30.9893
1349	0.99642	30.9893
1350	0.99642	30.9893
1351	0.99642	30.9893
1352	0.99642	30.9893
1353	0.99642	30.9893
1354	0.99642	30.9893
1355	0.99642	30.9893
1356	0.99642	30.9893
1357	0.99642	30.9893
1358	0.99642	30.9893
1359	0.99642	30.9893
1360	0.99642	30.9893
1361	0.99642	30.9893
1362	0.99642	30.9893
1363	0.99642	30.9893
1364	0.99642	30.9893
1365	0.99642	30.9893
1366	0.99642	30.9893
1367	0.99642	30.9893
1368	0.99642	30.9893
1369	0.99642	30.9893
1370	0.99642	30.9893
1371	0.99642	30.9893
1372	0.99642	30.9893
1373	0.99642	30.9893
1374	0.99642	30.9893
1375	0.99642	30.9893
1376	0.99642	30.9893
1377	0.99642	30.9893
1378	0.99642	30.9893
1379	0.99642	30.9893
1380	0.99642	30.9893
1381	0.99642	30.9893
1382	0.99642	30.9893
1383	0.99642	30.9893
1384	0.99642	30.9893
1385	0.99642	30.9893
1386	0.99642	30.9893
1387	0.99642	30.9893
1388	0.99642	30.9893
1389	0.99642	30.9893
1390	0.99642	30.9893
1391	0.99642	30.9893
1392	0.99642	30.9893
1393	0.99642	30.9893
1394	0.99642	30.9893
1395	0.99642	30.9893
1396	0.99642	30.9893
1397	0.99642	30.9893
1398	0.99642	30.9893
1399	0.99642	30.9893
1400	0.99642	30.9893
1401	0.99642	30.9893
1402	0.99642	30.9893
1403	0.99642	30.9893
1404	0.99642	30.9893
1405	0.99642	30.9893
1406	0.99642	30.9893
1407	0.99642	30.9893
1408	0.99642	30.9893
1409	0.99642	30.9893
1410	0.99642	30.9893
1411	0.99642	30.9893
1412	0.99642	30.9893
1413	0.99642	30.9893
1414	0.99642	30.9893
1415	0.99642	30.9893
1416	0.99642	30.9893
1417	0.99642	30.9893
1418	0.99642	30.9893
1419	0.99642	30.9893
1420	0.99642	30.9893
1421	0.99642	30.9893
1422	0.99642	30.9893
1423	0.99642	30.9893
1424	0.99642	30.9893
1425	0.99642	30.9893
1426	0.99642	30.9893
1427	0.99642	30.9893
1428	0.99642	30.9893
1429	0.99642	30.9893
1430	0.99642	30.9893
1431	0.99642	30.9893
1432	0.99642	30.9893
1433	0.99642	30.9893
1434	0.99642	30.9893
1435	0.99642	30.9893
1436	0.99642	30.9893
1437	0.99642	30.9893
1438	0.99642	30.9893
1439	0.99642	30.9893
1440	0.99642	30.9893
1441	0.99642	30.9893
1442	0.99642	30.9893
1443	0.99642	30.9893
1444	0.99642	30.9893
1445	0.99642	30.9893
1446	0.99642	30.9893
1447	0.99642	30.9893
1448	0.99642	30.9893
1449	0.99642	30.9893
1450	0.99642	30.9893
1451	0.99642	30.9893
1452	0.99642	30.9893
1453	0.99642	30.9893
1454	0.99642	30.9893
1455	0.99642	30.9893
1456	0.99642	30.9893
1457	0.99642	30.9893
1458	0.99642	30.9893
1459	0.99642	30.9893
1460	0.99642	30.9893
1461	0.99642	30.9893
1462	0.99642	30.9893
1463	0.99642	30.9893
1464	0.99642	30.9893
1465	0.99642	30.9893
1466	0.99642	30.9893
1467	0.99642	30.9893
1468	0.99642	30.9893
1469	0.99642	30.9893
1470	0.99642	30.9893
1471	0.99642	30.9893
1472	0.99642	30.9893
1473	0.99642	30.9893
1474	0.99642	30.9893
1475	0.99642	30.9893
1476	0.99642	30.9893
1477	0.99642	30.9893
1478	0.99642	30.9893
1479	0.99642	30.9893
1480	0.99642	30.9893
1481	0.99642	30.9893
1482	0.99642	30.9893
1483	0.99642	30.9893
1484	0.99642	30.9893
1485	0.99642	30.9893
1486	0.99642	30.9893
1487	0.99642	30.9893
1488	0.99642	30.9893
1489	0.99642	30.9893
1490	0.99642	30.9893
1491	0.99642	30.9893
1492	0.99642	30.9893
1493	0.99642	30.9893
1494	0.99642	30.9893
1495	0.99642	30.9893
1496	0.99642	30.9893
1497	0.99642	30.9893
1498	0.99642	30.9893
1499	0.99642	30.9893
1500	0.99642	30.9893
1501	0.99642	30.9893
1502	0.99642	30.9893
1503	0.99642	30.9893
1504	0.99642	30.9893
1505	0.99642	30.9893
1506	0.99642	30.9893
1507	0.99642	30.9893
1508	0.99642	30.9893
1509	0.99642	30.9893
1510	0.99642	30.9893
1511	0.99642	30.9893
1512	0.99642	30.9893
1513	0.99642	30.9893
1514	0.99642	30.9893
1515	0.99642	30.9893
1516	0.99642	30.9893
1517	0.99642	30.9893
1518	0.99642	30.9893
1519	0.99642	30.9893
1520	0.99642	30.9893
1521	0.99642	30.9893
1522	0.99642	30.9893
1523	0.99642	30.9893
1524	0.99642	30.9893
1525	0.99642	30.9893
1526	0.99642	30.9893
1527	0.99642	30.9893
1528	0.99642	30.9893
1529	0.99642	30.9893
1530	0.99642	30.9893
1531	0.99642	30.9893
1532	0.99642	30.9893
1533	0.99642	30.9893
1534	0.99642	30.9893
1535	0.99642	30.9893
1536	0.99642	30.9893
1537	0.99642	30.9893
1538	0.99642	30.9893
1539	0.99642	30.9893
1540	0.99642	30.9893
1541	0.99642	30.9893
1542	0.99642	30.9893
1543	0.99642	30.9893
1544	0.99642	30.9893
1545	0.99642	30.9893
1546	0.99642	30.9893
1547	0.99642	30.9893
1548	0.99642	30.9893
1549	0.99642	30.9893
1550	0.99642	30.9893
1551	0.99642	30.9893
1552	0.99642	30.9893
1553	0.99642	30.9893
1554	0.99642	30.9893
1555	0.99642	30.9893
1556	0.99642	30.9893
1557	0.99642	30.9893
1558	0.99642	30.9893
1559	0.99642	30.9893
1560	0.99642	30.9893
1561	0.99642	30.9893
1562	0.99642	30.9893
1563	0.99642	30.9893
1564	0.99642	30.9893
1565	0.99642	30.9893
1566	0.99642	30.9893
1567	0.99642	30.9893
1568	0.99642	30.9893
1569	0.99642	30.9893
1570	0.99642	30.9893
1571	0.99642	30.9893
1572	0.99642	30.9893
1573	0.99642	30.9893
1574	0.99642	30.9893
1575	0.99642	30.9893
1576	0.99642	30.9893
1577	0.99642	30.9893
1578	0.99642	30.9893
1579	0.99642	30.9893
1580	0.99642	30.9893
1581	0.99642	30.9893
1582	0.99642	30.9893
1583	0.99642	30.9893
1584	0.99642	30.9893
1585	0.99642	30.9893
1586	0.99642	30.9893
1587	0.99642	30.9893
1588	0.99642	30.9893
1589	0.99642	30.9893
1590	0.99642	30.9893
1591	0.99642	30.9893
1592	0.99642	30.9893
1593	0.99642	30.9893
1594	0.99642	30.9893
1595	0.99642	30.9893
1596	0.99642	30.9893
1597	0.99642	30.9893
1598	0.99642	30.9893
1599	0.99642	30.9893
1600	0.99642	30.9893
1601	0.99642	30.9893
1602	0.99642	30.9893
1603	0.99642	30.9893
1604	0.99642	30.9893
1605	0.99642	30.9893
1606	0.99642	30.9893
1607	0.99642	30.9893
1608	0.99642	30.9893
1609	0.99642	30.9893
1610	0.99642	30.9893
1611	0.99642	30.9893
1612	0.99642	30.9893
1613	0.99642	30.9893
1614	0.99642	30.9893
1615	0.99642	30.9893
1616	0.99642	30.9893
1617	0.99642	30.9893
1618	0.99642	30.9893
1619	0.99642	30.9893
1620	0.99642	30.9893
1621	0.99642	30.9893
1622	0.99642	30.9893
1623	0.99642	30.9893
1624	0.99642	30.9893
1625	0.99642	30.9893
1626	0.99642	30.9893
1627	0.99642	30.9893
1628	0.99642	30.9893
1629	0.99642	30.9893
1630	0.99642	30.9893
1631	0.99642	30.9893
1632	0.99642	30.9893
1633	0.99642	30.9893
1634	0.99642	30.9893
1635	0.99642	30.9893
1636	0.99642	30.9893
1637	0.99642	30.9893
1638	0.99642	30.9893
1639	0.99642	30.9893
1640	0.99642	30.9893
1641	0.99642	30.9893
1642	0.99642	30.9893
1643	0.99642	30.9893
1644	0.99642	30.9893
1645	0.99642	30.9893
1646	0.99642	30.9893
1647	0.99642	30.9893
1648	0.99642	30.9893
1649	0.99642	30.9893
1650	0.99642	30.9893
1651	0.99642	30.9893
1652	0.99642	30.9893
1653	0.99642	30.9893
1654	0.99642	30.9893
1655	0.99642	30.9893
1656	0.99642	30.9893
1657	0.99642	30.9893
1658	0.99642	30.9893
1659	0.99642	30.9893
1660	0.99642	30.9893
1661	0.99642	30.9893
1662	0.99642	30.9893
1663	0.99642	30.9893
1664	0.99642	30.9893
1665	0.99642	30.9893
1666	0.99642	30.9893
1667	0.99642	30.9893
1668	0.99642	30.9893
1669	0.99642	30.9893
1670	0.99642	30.9893
1671	0.99642	30.9893
1672	0.99642	30.9893
1673	0.99642	30.9893
1674	0.99642	30.9893
1675	0.99642	30.9893
1676	0.99642	30.9893
1677	0.99642	30.9893
1678	0.99642	30.9893
1679	0.99642	30.9893
1680	0.99642	30.9893
1681	0.99642	30.9893
1682	0.99642	30.9893
1683	0.99642	30.9893
1684	0.99642	30.9893
1685	0.99642	30.9893
1686	0.99642	30.9893
1687	0.99642	30.9893
1688	0.99642	30.9893
1689	0.99642	30.9893
1690	0.99642	30.9893
1691	0.99642	30.9893
1692	0.99642	30.9893
1693	0.99642	30.9893
1694	0.99642	30.9893
1695	0.99642	30.9893
1696	0.99642	30.9893
1697	0.99642	30.9893
1698	0.99642	30.9893
1699	0.99642	30.9893
1700	0.99642	30.9893
1701	0.99642	30.9893
1702	0.99642	30.9893
1703	0.99642	30.9893
1704	0.99642	30.9893
1705	0.99642	30.9893
1706	0.99642	30.9893
1707	0.99642	30.9893
1708	0.99642	30.9893
1709	0.99642	30.9893
1710	0.99642	30.9893
1711	0.99642	30.9893
1712	0.99642	30.9893
1713	0.99642	30.9893
1714	0.99642	30.9893
1715	0.99642	30.9893
1716	0.99642	30.9893
1717	0.99642	30.9893
1718	0.99642	30.9893
1719	0.99642	30.9893
1720	0.99642	30.9893
1721	0.99642	30.9893
1722	0.99642	30.9893
1723	0.99642	30.9893
1724	0.99642	30.9893
1725	0.99642	30.9893
1726	0.99642	30.9893
1727	0.99642	30.9893
1728	0.99642	30.9893
1729	0.99642	30.9893
1730	0.99642	30.9893
1731	0.99642	30.9893
1732	0.99642	30.9893
1733	0.99642	30.9893
1734	0.99642	30.9893
1735	0.99642	30.9893
1736	0.99642	30.9893
1737	0.99642	30.9893
1738	0.99642	30.9893
1739	0.99642	30.9893
1740	0.99642	30.9893
1741	0.99642	30.9893
1742	0.99642	30.9893
1743	0.99642	30.9893
1744	0.99642	30.9893
1745	0.99642	30.9893
1746	0.99642	30.9893
1747	0.99642	30.9893
1748	0.99642	30.9893
1749	0.99642	30.9893
1750	0.99642	30.9893
1751	0.99642	30.9893
1752	0.99642	30.9893
1753	0.99642	30.9893
1754	0.99642	30.9893
1755	0.99642	30.9893
1756	0.99642	30.9893
1757	0.99642	30.9893
1758	0.99642	30.9893
1759	0.99642	30.9893
1760	0.99642	30.9893
1761	0.99642	30.9893
1762	0.99642	30.9893
1763	0.99642	30.9893
1764	0.99642	30.9893
1765	0.99642	30.9893
1766	0.99642	30.9893
1767	0.99642	30.9893
1768	0.99642	30.9893
1769	0.99642	30.9893
1770	0.99642	30.9893
1771	0.99642	30.9893
1772	0.99642	30.9893
1773	0.99642	30.9893
1774	0.99642	30.9893
1775	0.99642	30.9893
1776	0.99642	30.9893
1777	0.99642	30.9893
1778	0.99642	30.9893
1779	0.99642	30.9893
1780	0.99642	30.9893
1781	0.99642	30.9893
1782	0.99642	30.9893
1783	0.99642	30.9893
1784	0.99642	30.9893
1785	0.99642	30.9893
1786	0.99642	30.9893
1787	0.99642	30.9893
1788	0.99642	30.9893
1789	0.99642	30.9893
1790	0.99642	30.9893
1791	0.99642	30.9893
1792	0.99642	30.9893
1793	0.99642	30.9893
1794	0.99642	30.9893
1795	0.99642	30.9893
1796	0.99642	30.9893
1797	0.99642	30.9893
1798	0.99642	30.9893
1799	0.99642	30.9893
1800	0.99642	30.9893
1801	0.99642	30.9893
1802	0.99642	30.9893
1803	0.99642	30.9893
1804	0.99642	30.9893
1805	0.99642	30.9893
1806	0.99642	30.9893
1807	0.99642	30.9893
1808	0.99642	30.9893
1809	0.99642	30.9893
1810	0.99642	30.9893
1811	0.99642	30.9893
1812	0.99642	30.9893
1813	0.99642	30.9893
1814	0.99642	30.9893
1815	0.99642	30.9893
1816	0.99642	30.9893
1817	0.99642	30.9893
1818	0.99642	30.9893
1819	0.99642	30.9893
1820	0.99642	30.9893
1821	0.99642	30.9893
1822	0.99642	30.9893
1823	0.99642	30.9893
1824	0.99642	30.9893
1825	0.99642	30.9893
1826	0.99642	30.9893
1827	0.99642	30.9893
1828	0.99642	30.9893
1829	0.99642	30.9893
1830	0.99642	30.9893
1831	0.99642	30.9893
1832	0.99642	30.9893
1833	0.99642	30.9893
1834	0.99642	30.9893
1835	0.99642	30.9893
1836	0.99642	30.9893
1837	0.99642	30.9893
1838	0.99642	30.9893
1839	0.99642	30.9893
1840	0.99642	30.9893
1841	0.99642	30.9893
1842	0.99642	30.9893
1843	0.99642	30.9893
1844	0.99642	30.9893
1845	0.99642	30.9893
1846	0.99642	30.9893
1847	0.99642	30.9893
1848	0.99642	30.9893
1849	0.99642	30.9893
1850	0.99642	30.9893
1851	0.99642	30.9893
1852	0.99642	30.9893
1853	0.99642	30.9893
1854	0.99642	30.9893
1855	0.99642	30.9893
1856	0.99642	30.9893
1857	0.99642	30.9893
1858	0.99642	30.9893
1859	0.99642	30.9893
1860	0.99642	30.9893
1861	0.99642	30.9893
1862	0.99642	30.9893
1863	0.99642	30.9893
1864	0.99642	30.9893
1865	0.99642	30.9893
1866	0.99642	30.9893
1867	0.99642	30.9893
1868	0.99642	30.9893
1869	0.99642	30.9893
1870	0.99642	30.9893
1871	0.99642	30.9893
1872	0.99642	30.9893
1873	0.99642	30.9893
1874	0.99642	30.9893
1875	0.99642	30.9893
1876	0.99642	30.9893
1877	0.99642	30.9893
1878	0.99642	30.9893
1879	0.99642	30.9893
1880	0.99642	30.9893
1881	0.99642	30.9893
1882	0.99642	30.9893
1883	0.99642	30.9893
1884	0.99642	30.9893
1885	0.99642	30.9893
1886	0.99642	30.9893
1887	0.99642	30.9893
1888	0.99642	30.9893
1889	0.99642	30.9893
1890	0.99642	30.9893
1891	0.99642	30.9893
1892	0.99642	30.9893
1893	0.99642	30.9893
1894	0.99642	30.9893
1895	0.99642	30.9893
1896	0.99642	30.9893
1897	0.99642	30.9893
1898	0.99642	30.9893
1899	0.99642	30.9893
1900	0.99642	30.9893
1901	0.99642	30.9893
1902	0.99642	30.9893
1903	0.99642	30.9893
1904	0.99642	30.9893
1905	0.99642	30.9893
1906	0.99642	30.9893
1907	0.99642	30.9893
1908	0.99642	30.9893
1909	0.99642	30.9893
1910	0.99642	30.9893
1911	0.99642	30.9893
1912	0.99642	30.9893
1913	0.99642	30.9893
1914	0.99642	30.9893
1915	0.99642	30.9893
1916	0.99642	30.9893
1917	0.99642	30.9893
1918	0.99642	30.9893
1919	0.99642	30.9893
1920	0.99642	30.9893
1921	0.99642	30.9893
1922	0.99642	30.9893
1923	0.99642	30.9893
1924	0.99642	30.9893
1925	0.99642	30.9893
1926	0.99642	30.9893
1927	0.99642	30.9893
1928	0.99642	30.9893
1929	0.99642	30.9893
1930	0.99642	30.9893
1931	0.99642	30.9893
1932	0.99642	30.9893
1933	0.99642	30.9893
1934	0.99642	30.9893
1935	0.99642	30.9893
1936	0.99642	30.9893
1937	0.99642	30.9893
1938	0.99642	30.9893
1939	0.99642	30.9893
1940	0.99642	30.9893
1941	0.99642	30.9893
1942	0.99642	30.9893
1943	0.99642	30.9893
1944	0.99642	30.9893
1945	0.99642	30.9893
1946	0.99642	30.9893
1947	0.99642	30.9893
1948	0.99642	30.9893
1949	0.99642	30.9893
1950	0.99642	30.9893
1951	0.99642	30.9893
1952	0.99642	30.9893
1953	0.99642	30.9893
1954	0.99642	30.9893
1955	0.99642	30.9893
1956	0.99642	30.9893
1957	0.99642	30.9893
1958	0.99642	30.9893
1959	0.99642	30.9893
1960	0.99642	30.9893
1961	0.99642	30.9893
1962	0.99642	30.9893
1963	0.99642	30.9893
1964	0.99642	30.9893
1965	0.99642	30.9893
1966	0.99642	30.9893
1967	0.99642	30.9893
1968	0.99642	30.9893
1969	0.99642	30.9893
1970	0.99642	30.9893
1971	0.99642	30.9893
1972	0.99642	30.9893
1973	0.99642	30.9893
1974	0.99642	30.9893
1975	0.99642	30.9893
1976	0.99642	30.9893
1977	0.99642	30.9893
1978	0.99642	30.9893
1979	0.99642	30.9893
1980	0.99642	30.9893
1981	0.99642	30.9893
1982	0.99642	30.9893
1983	0.99642	30.9893
1984	0.99642	30.9893
1985	0.99642	30.9893
1986	0.99642	30.9893
1987	0.99642	30.9893
1988	0.99642	30.9893
1989	0.99642	30.9893
1990	0.99642	30.9893
1991	0.99642	30.9893
1992	0.99642	30.9893
1993	0.99642	30.9893
1994	0.99642	30.9893
1995	0.99642	30.9893
1996	0.99642	30.9893
1997	0.99642	30.9893
1998	0.99642	30.9893
1999	0.99642	30.9893
