# Generation	ratio_optimal	mean_fitness
0	0.03083	15.5213
1	0.03633	16.6408
2	0.03834	16.9073
3	0.04044	17.1004
4	0.04052	17.1054
5	0.04151	17.1336
6	0.04152	17.191
7	0.04191	17.2242
8	0.04126	17.2316
9	0.04162	17.2098
10	0.04223	17.2193
11	0.04333	17.3049
12	0.04244	17.312
13	0.04256	17.2689
14	0.04301	17.2742
15	0.04225	17.2839
16	0.04237	17.3163
17	0.0437	17.3085
18	0.04184	17.3111
19	0.0433	17.3378
20	0.0441	17.3313
21	0.0433	17.3438
22	0.04311	17.3893
23	0.04333	17.4195
24	0.04413	17.3898
25	0.04343	17.384
26	0.04447	17.4071
27	0.04386	17.4027
28	0.04377	17.4447
29	0.04385	17.4678
30	0.04243	17.4347
31	0.04281	17.4896
32	0.04277	17.5129
33	0.04395	17.5085
34	0.04344	17.5309
35	0.04314	17.4774
36	0.0433	17.4911
37	0.04374	17.5292
38	0.0436	17.5428
39	0.04476	17.5453
40	0.04436	17.5336
41	0.04526	17.537
42	0.04402	17.5559
43	0.04491	17.6071
44	0.04535	17.5953
45	0.04463	17.6139
46	0.04329	17.5975
47	0.04533	17.6116
48	0.04376	17.5939
49	0.0439	17.657
50	0.0455	17.6904
51	0.04552	17.7109
52	0.04484	17.6938
53	0.04504	17.6654
54	0.04539	17.7349
55	0.0447	17.7119
56	0.04542	17.6837
57	0.04496	17.685
58	0.04536	17.6965
59	0.0453	17.736
60	0.04627	17.7593
61	0.04636	17.72
62	0.0455	17.7469
63	0.04582	17.7545
64	0.04536	17.7804
65	0.04665	17.8529
66	0.04668	17.8596
67	0.04664	17.8457
68	0.04807	17.9073
69	0.04765	17.8933
70	0.04779	17.9072
71	0.04703	17.8913
72	0.04658	17.88
73	0.04699	17.8955
74	0.04831	17.8853
75	0.04636	17.9431
76	0.0474	17.929
77	0.04845	17.9568
78	0.04754	17.9446
79	0.04755	17.9705
80	0.04668	17.9459
81	0.04716	18.0108
82	0.04688	17.9807
83	0.04726	18.0179
84	0.04787	18.0184
85	0.04909	17.9917
86	0.04795	18.0017
87	0.0493	18.0375
88	0.04959	18.0813
89	0.04826	18.056
90	0.0489	18.1193
91	0.04828	18.1382
92	0.04902	18.1254
93	0.04816	18.1561
94	0.04922	18.1446
95	0.0494	18.1779
96	0.04907	18.1946
97	0.04927	18.2227
98	0.04898	18.2619
99	0.04883	18.2075
100	0.04902	18.2182
101	0.04978	18.2374
102	0.05017	18.2464
103	0.04898	18.1865
104	0.04943	18.2826
105	0.05056	18.3437
106	0.05006	18.3434
107	0.05084	18.3283
108	0.04928	18.3227
109	0.0504	18.3461
110	0.04971	18.3874
111	0.05053	18.3356
112	0.05045	18.3972
113	0.05155	18.4357
114	0.05117	18.4378
115	0.05162	18.4841
116	0.05371	18.4926
117	0.05237	18.4941
118	0.05176	18.509
119	0.05268	18.5484
120	0.05223	18.5567
121	0.05171	18.5211
122	0.05081	18.5121
123	0.05156	18.5232
124	0.05262	18.5537
125	0.05108	18.5558
126	0.05143	18.5472
127	0.0518	18.5663
128	0.05294	18.6269
129	0.05297	18.7091
130	0.05292	18.7074
131	0.05322	18.6871
132	0.05381	18.6559
133	0.05301	18.6848
134	0.05409	18.724
135	0.05485	18.75
136	0.05517	18.8006
137	0.05441	18.8039
138	0.05469	18.8153
139	0.05546	18.8758
140	0.05475	18.848
141	0.05502	18.8701
142	0.05449	18.8897
143	0.0532	18.8242
144	0.05416	18.9085
145	0.05413	18.9178
146	0.0544	18.9249
147	0.05482	18.9148
148	0.05536	18.922
149	0.05595	18.9675
150	0.05581	18.934
151	0.05643	18.9698
152	0.05492	19.0068
153	0.05643	19.0106
154	0.05506	19.0287
155	0.05653	19.0648
156	0.05726	19.1139
157	0.05709	19.1178
158	0.05705	19.1485
159	0.05688	19.177
160	0.05809	19.1785
161	0.05793	19.1532
162	0.05839	19.1435
163	0.05725	19.1645
164	0.05796	19.1826
165	0.05688	19.1892
166	0.05749	19.2447
167	0.05844	19.2827
168	0.05742	19.2907
169	0.05873	19.3422
170	0.05828	19.3173
171	0.05811	19.3282
172	0.06	19.3049
173	0.05969	19.3207
174	0.05854	19.3442
175	0.05955	19.3983
176	0.05938	19.4048
177	0.05895	19.4198
178	0.0605	19.4341
179	0.0586	19.4438
180	0.05975	19.463
181	0.05928	19.4768
182	0.06056	19.4844
183	0.06016	19.526
184	0.05973	19.509
185	0.06081	19.5891
186	0.05981	19.5972
187	0.06071	19.6236
188	0.06043	19.5859
189	0.06045	19.6243
190	0.06191	19.6504
191	0.06129	19.6487
192	0.06219	19.7092
193	0.06365	19.7179
194	0.06267	19.7239
195	0.06337	19.7904
196	0.06335	19.8135
197	0.06395	19.8168
198	0.06161	19.8396
199	0.06444	19.8943
200	0.06327	19.8789
201	0.06371	19.9199
202	0.06298	19.9354
203	0.06535	19.9253
204	0.06416	19.9957
205	0.06433	20.0257
206	0.06492	19.9934
207	0.06614	20.0722
208	0.0654	20.0461
209	0.06577	20.0964
210	0.06671	20.0939
211	0.06524	20.0968
212	0.06513	20.1187
213	0.06662	20.1117
214	0.06637	20.1066
215	0.06546	20.1874
216	0.06694	20.169
217	0.06638	20.2386
218	0.06711	20.281
219	0.06753	20.2791
220	0.06649	20.2917
221	0.06724	20.2957
222	0.06777	20.3514
223	0.06852	20.3625
224	0.06819	20.3767
225	0.06956	20.4313
226	0.06928	20.4113
227	0.06776	20.4063
228	0.0693	20.4283
229	0.06825	20.4502
230	0.06894	20.4746
231	0.06924	20.4975
232	0.07049	20.5268
233	0.07083	20.6168
234	0.07202	20.6149
235	0.06955	20.6204
236	0.07202	20.5973
237	0.07022	20.6317
238	0.07101	20.6773
239	0.0717	20.6856
240	0.07134	20.6982
241	0.07162	20.7351
242	0.07118	20.7556
243	0.07137	20.7978
244	0.07204	20.8112
245	0.07325	20.8038
246	0.07369	20.8593
247	0.07431	20.8626
248	0.07534	20.9056
249	0.07484	20.9368
250	0.07498	20.9276
251	0.0742	20.9588
252	0.07539	21.0014
253	0.07489	21.0332
254	0.07456	21.0555
255	0.0761	21.081
256	0.07703	21.1156
257	0.0766	21.1274
258	0.07749	21.1194
259	0.07765	21.1552
260	0.07722	21.1627
261	0.07587	21.2113
262	0.07643	21.207
263	0.0789	21.2664
264	0.07914	21.3212
265	0.07808	21.343
266	0.07871	21.3674
267	0.08004	21.3711
268	0.0797	21.3969
269	0.07978	21.3974
270	0.08106	21.4454
271	0.07953	21.4631
272	0.07912	21.4914
273	0.0799	21.5086
274	0.07965	21.5182
275	0.081	21.554
276	0.08285	21.5783
277	0.08129	21.5762
278	0.08195	21.645
279	0.08227	21.6739
280	0.08252	21.6876
281	0.08286	21.7113
282	0.08305	21.6996
283	0.08535	21.7261
284	0.08517	21.8135
285	0.084	21.7788
286	0.08563	21.8261
287	0.08508	21.8807
288	0.08581	21.9052
289	0.08447	21.9242
290	0.08501	21.9388
291	0.08612	21.9632
292	0.08518	21.9958
293	0.08748	22.0493
294	0.08792	22.0581
295	0.08774	22.0573
296	0.08851	22.0756
297	0.08835	22.1205
298	0.08789	22.1409
299	0.0909	22.1788
300	0.09011	22.1927
301	0.09034	22.2188
302	0.09133	22.2522
303	0.09229	22.3215
304	0.0929	22.3531
305	0.09201	22.3752
306	0.09271	22.4122
307	0.09284	22.4093
308	0.09236	22.4696
309	0.09264	22.4673
310	0.0924	22.487
311	0.09312	22.532
312	0.09342	22.4969
313	0.09372	22.5291
314	0.09422	22.5513
315	0.09447	22.5743
316	0.09538	22.607
317	0.09401	22.6164
318	0.09557	22.6569
319	0.09607	22.6851
320	0.09593	22.6947
321	0.09669	22.7284
322	0.09582	22.7541
323	0.09663	22.7766
324	0.09695	22.829
325	0.0976	22.8634
326	0.09769	22.8824
327	0.09857	22.897
328	0.09904	22.9407
329	0.10094	22.9674
330	0.09999	22.9753
331	0.10022	23.0225
332	0.10104	23.0504
333	0.10254	23.0736
334	0.10287	23.065
335	0.10288	23.1025
336	0.104	23.1451
337	0.10368	23.173
338	0.10407	23.2319
339	0.10547	23.2573
340	0.10551	23.2527
341	0.10676	23.3036
342	0.10684	23.3412
343	0.10555	23.3667
344	0.10786	23.3909
345	0.1082	23.436
346	0.10867	23.4634
347	0.10848	23.4663
348	0.10738	23.4584
349	0.10818	23.5094
350	0.10925	23.5387
351	0.10905	23.5724
352	0.11018	23.6246
353	0.11131	23.6218
354	0.11276	23.6548
355	0.11233	23.6869
356	0.11359	23.7085
357	0.11321	23.7242
358	0.11446	23.7697
359	0.11487	23.7747
360	0.11483	23.7786
361	0.11543	23.7936
362	0.11528	23.8496
363	0.11469	23.8854
364	0.11674	23.9311
365	0.11693	23.96
366	0.11798	24.0031
367	0.11787	24.0111
368	0.11977	24.0736
369	0.11882	24.079
370	0.12047	24.0922
371	0.12026	24.0951
372	0.11844	24.1152
373	0.12028	24.1526
374	0.12025	24.1793
375	0.12199	24.2095
376	0.12299	24.264
377	0.12317	24.2598
378	0.12468	24.3061
379	0.12526	24.3306
380	0.12496	24.363
381	0.12629	24.3812
382	0.12675	24.3834
383	0.128	24.4178
384	0.12672	24.4341
385	0.12647	24.4752
386	0.12585	24.4992
387	0.12663	24.5331
388	0.12863	24.5868
389	0.1295	24.6121
390	0.12943	24.6337
391	0.12948	24.6379
392	0.13092	24.6927
393	0.1312	24.7205
394	0.13201	24.7569
395	0.13101	24.7508
396	0.13229	24.7874
397	0.13419	24.8182
398	0.13642	24.8366
399	0.13464	24.8512
400	0.13489	24.8774
401	0.13629	24.9106
402	0.13789	24.9493
403	0.13685	24.9728
404	0.13822	25.0167
405	0.139	25.0565
406	0.14125	25.0817
407	0.14267	25.1072
408	0.14155	25.1132
409	0.14083	25.1479
410	0.14328	25.146
411	0.14267	25.1706
412	0.14481	25.2172
413	0.14325	25.2351
414	0.14473	25.2741
415	0.14622	25.307
416	0.14664	25.3244
417	0.14535	25.3397
418	0.14709	25.3467
419	0.14662	25.3625
420	0.14741	25.3854
421	0.14805	25.4345
422	0.14868	25.4771
423	0.14833	25.4993
424	0.14943	25.5318
425	0.15027	25.5611
426	0.15147	25.5752
427	0.15117	25.5824
428	0.1519	25.594
429	0.15484	25.6396
430	0.15613	25.6766
431	0.15304	25.6863
432	0.15521	25.7158
433	0.1564	25.7305
434	0.15642	25.7481
435	0.15812	25.7824
436	0.15972	25.8142
437	0.16006	25.841
438	0.16059	25.8765
439	0.16137	25.8938
440	0.16189	25.9091
441	0.16196	25.9236
442	0.16268	25.9611
443	0.16307	25.9918
444	0.16414	26.0148
445	0.16497	26.0474
446	0.1644	26.0605
447	0.16454	26.0744
448	0.16665	26.1156
449	0.16637	26.1367
450	0.16909	26.1458
451	0.16814	26.1548
452	0.16882	26.1802
453	0.16973	26.1893
454	0.16962	26.2014
455	0.1728	26.2316
456	0.17426	26.2666
457	0.1744	26.2976
458	0.1744	26.3295
459	0.17603	26.351
460	0.17646	26.3751
461	0.17638	26.3981
462	0.17715	26.4151
463	0.17729	26.4336
464	0.17814	26.4604
465	0.1789	26.4725
466	0.1816	26.5124
467	0.18132	26.5269
468	0.18348	26.5667
469	0.18418	26.5834
470	0.18464	26.599
471	0.18409	26.6258
472	0.18753	26.6581
473	0.18767	26.676
474	0.18673	26.6765
475	0.18824	26.6995
476	0.18887	26.7113
477	0.18996	26.7274
478	0.18998	26.7398
479	0.19153	26.7607
480	0.1923	26.7904
481	0.19232	26.8149
482	0.19332	26.8399
483	0.19669	26.8818
484	0.1952	26.8947
485	0.19701	26.9252
486	0.19859	26.9371
487	0.19893	26.9609
488	0.19813	26.9783
489	0.20105	27.0081
490	0.20295	27.0446
491	0.20115	27.0475
492	0.20126	27.0742
493	0.20213	27.0949
494	0.20444	27.1126
495	0.20438	27.1304
496	0.20482	27.1624
497	0.20689	27.189
498	0.20622	27.1899
499	0.20759	27.2112
500	0.20791	27.2309
501	0.209	27.2547
502	0.20972	27.2828
503	0.21074	27.2899
504	0.21272	27.3132
505	0.2137	27.3279
506	0.21343	27.35
507	0.21473	27.3643
508	0.21451	27.3872
509	0.21445	27.4068
510	0.21608	27.4222
511	0.21662	27.4389
512	0.21837	27.4572
513	0.22116	27.4749
514	0.22103	27.4902
515	0.22306	27.5139
516	0.22463	27.5389
517	0.22615	27.5664
518	0.22611	27.5773
519	0.22769	27.5937
520	0.22914	27.6108
521	0.22835	27.625
522	0.23022	27.6445
523	0.23134	27.6618
524	0.23351	27.6868
525	0.23328	27.7036
526	0.23147	27.7095
527	0.23514	27.7355
528	0.23439	27.7549
529	0.23614	27.7774
530	0.23892	27.809
531	0.23921	27.8192
532	0.24068	27.8343
533	0.24047	27.8495
534	0.24123	27.8638
535	0.2404	27.8755
536	0.24167	27.9041
537	0.24195	27.916
538	0.24528	27.9363
539	0.24695	27.9592
540	0.24845	27.9774
541	0.24844	27.9783
542	0.25022	27.9987
543	0.24998	28.0125
544	0.25149	28.0291
545	0.25291	28.0483
546	0.25347	28.06
547	0.25539	28.0757
548	0.25713	28.0952
549	0.25672	28.1098
550	0.25643	28.1254
551	0.25809	28.1338
552	0.26081	28.1582
553	0.26217	28.1686
554	0.26278	28.1789
555	0.26394	28.1962
556	0.26498	28.2092
557	0.26715	28.2269
558	0.26581	28.2363
559	0.26673	28.2503
560	0.26749	28.2624
561	0.26987	28.2802
562	0.27016	28.3024
563	0.27104	28.3126
564	0.27021	28.3223
565	0.27434	28.3448
566	0.27704	28.3613
567	0.27795	28.3698
568	0.27995	28.3835
569	0.28041	28.399
570	0.282	28.4119
571	0.28222	28.4364
572	0.28222	28.4482
573	0.28245	28.4574
574	0.2823	28.4664
575	0.2837	28.4768
576	0.28625	28.4956
577	0.28755	28.5075
578	0.29014	28.5209
579	0.29078	28.5433
580	0.29154	28.5583
581	0.29457	28.5707
582	0.296	28.587
583	0.29893	28.5999
584	0.29851	28.6059
585	0.30103	28.6292
586	0.30279	28.6458
587	0.30249	28.654
588	0.30245	28.6603
589	0.30453	28.6784
590	0.30377	28.6888
591	0.30645	28.6982
592	0.30585	28.7144
593	0.30814	28.7227
594	0.30835	28.7355
595	0.31215	28.7523
596	0.31107	28.7649
597	0.31303	28.7765
598	0.31387	28.7877
599	0.31635	28.8073
600	0.31647	28.8147
601	0.31861	28.8303
602	0.32118	28.8406
603	0.32283	28.8603
604	0.32296	28.8759
605	0.32517	28.8863
606	0.32637	28.8998
607	0.32745	28.9101
608	0.33045	28.9196
609	0.33141	28.9365
610	0.33076	28.9447
611	0.33329	28.957
612	0.33347	28.9656
613	0.33445	28.971
614	0.33524	28.9827
615	0.33738	28.9963
616	0.33936	29.0099
617	0.34125	29.0237
618	0.34324	29.034
619	0.3448	29.0476
620	0.34505	29.0577
621	0.34454	29.0663
622	0.3477	29.0823
623	0.34917	29.0925
624	0.3497	29.1013
625	0.35277	29.1179
626	0.35406	29.1223
627	0.35501	29.1319
628	0.35449	29.1388
629	0.35583	29.1476
630	0.35763	29.1634
631	0.35926	29.1714
632	0.35989	29.1818
633	0.36277	29.2007
634	0.36418	29.2095
635	0.36576	29.2238
636	0.36759	29.2347
637	0.3692	29.2462
638	0.37025	29.2568
639	0.37139	29.2606
640	0.37264	29.2697
641	0.37396	29.2775
642	0.3754	29.2887
643	0.37743	29.3022
644	0.37831	29.3133
645	0.37889	29.3206
646	0.38158	29.3309
647	0.38189	29.3394
648	0.38317	29.3477
649	0.38504	29.3622
650	0.38637	29.3693
651	0.38891	29.3863
652	0.39152	29.3953
653	0.39391	29.4044
654	0.39366	29.4094
655	0.39604	29.4162
656	0.39733	29.4255
657	0.39863	29.4327
658	0.40036	29.4496
659	0.40114	29.4591
660	0.40247	29.4673
661	0.40331	29.4779
662	0.40322	29.4848
663	0.40523	29.4941
664	0.40565	29.5004
665	0.409	29.5152
666	0.41062	29.5252
667	0.41424	29.5374
668	0.4163	29.5498
669	0.41572	29.5539
670	0.41927	29.5699
671	0.42196	29.581
672	0.42331	29.5869
673	0.42335	29.5951
674	0.42434	29.6039
675	0.42497	29.6082
676	0.4261	29.6167
677	0.42852	29.6251
678	0.43105	29.6367
679	0.43287	29.649
680	0.4356	29.6587
681	0.43739	29.6713
682	0.44085	29.6829
683	0.44123	29.6931
684	0.44454	29.7041
685	0.44443	29.711
686	0.44647	29.7154
687	0.44902	29.7239
688	0.45009	29.7332
689	0.45088	29.741
690	0.45165	29.7466
691	0.45488	29.7555
692	0.45545	29.7601
693	0.45769	29.7705
694	0.46076	29.7783
695	0.46146	29.7871
696	0.46328	29.7982
697	0.46589	29.8084
698	0.46823	29.8142
699	0.47155	29.8262
700	0.47258	29.8326
701	0.47307	29.8405
702	0.47327	29.8476
703	0.47526	29.8554
704	0.47716	29.8657
705	0.47959	29.8746
706	0.48174	29.8813
707	0.48499	29.8904
708	0.48594	29.8966
709	0.48725	29.9046
710	0.49163	29.911
711	0.49114	29.9161
712	0.49248	29.9227
713	0.49323	29.9313
714	0.49395	29.9376
715	0.49561	29.9456
716	0.49732	29.9513
717	0.49896	29.9576
718	0.50073	29.9645
719	0.50108	29.9696
720	0.50207	29.9778
721	0.50455	29.9841
722	0.50727	29.9889
723	0.51012	29.9964
724	0.51184	30.0033
725	0.51441	30.0125
726	0.51588	30.0185
727	0.51615	30.0234
728	0.51785	30.0318
729	0.51861	30.0363
730	0.5197	30.0456
731	0.5224	30.054
732	0.52441	30.0594
733	0.5268	30.0683
734	0.52632	30.0737
735	0.52895	30.0804
736	0.53126	30.088
737	0.53286	30.0948
738	0.5353	30.1036
739	0.53873	30.1095
740	0.54052	30.1156
741	0.54184	30.1232
742	0.54292	30.1281
743	0.5435	30.1334
744	0.54606	30.1395
745	0.54819	30.1462
746	0.55051	30.1531
747	0.55337	30.1608
748	0.55537	30.1685
749	0.55885	30.1762
750	0.55982	30.181
751	0.56132	30.1864
752	0.56308	30.1911
753	0.56258	30.1955
754	0.56504	30.2041
755	0.56835	30.2128
756	0.56991	30.2192
757	0.5716	30.2255
758	0.57257	30.2323
759	0.57614	30.2414
760	0.57589	30.2423
761	0.57778	30.2481
762	0.58307	30.26
763	0.58464	30.2648
764	0.58517	30.2683
765	0.58767	30.2742
766	0.58927	30.2785
767	0.58946	30.2828
768	0.59217	30.291
769	0.59346	30.2968
770	0.59451	30.2995
771	0.59726	30.3077
772	0.59911	30.312
773	0.59885	30.3131
774	0.60148	30.3192
775	0.60184	30.3233
776	0.60722	30.3331
777	0.60962	30.3383
778	0.61168	30.346
779	0.61362	30.3484
780	0.61523	30.3534
781	0.61799	30.3602
782	0.61873	30.3644
783	0.62203	30.3726
784	0.62469	30.3805
785	0.62482	30.3834
786	0.62648	30.3857
787	0.62886	30.3899
788	0.63126	30.3949
789	0.63403	30.4028
790	0.63574	30.407
791	0.63684	30.411
792	0.63885	30.4181
793	0.6396	30.422
794	0.64123	30.4254
795	0.6434	30.4313
796	0.6456	30.4373
797	0.64652	30.4406
798	0.64832	30.4448
799	0.65076	30.4507
800	0.65333	30.456
801	0.65409	30.4584
802	0.65701	30.4644
803	0.65905	30.4699
804	0.66169	30.4767
805	0.66335	30.4807
806	0.66481	30.4838
807	0.66492	30.4871
808	0.6674	30.4922
809	0.66927	30.4947
810	0.67137	30.5006
811	0.67433	30.5047
812	0.67482	30.5078
813	0.67693	30.5141
814	0.67992	30.5187
815	0.68135	30.5226
816	0.68269	30.526
817	0.68571	30.5307
818	0.68745	30.5355
819	0.68838	30.5378
820	0.68919	30.5411
821	0.69082	30.5445
822	0.69276	30.5509
823	0.69476	30.5566
824	0.69739	30.5609
825	0.6989	30.5645
826	0.70138	30.5683
827	0.70415	30.574
828	0.7065	30.5785
829	0.70904	30.5819
830	0.71003	30.5852
831	0.7123	30.5891
832	0.71468	30.595
833	0.71549	30.5974
834	0.71733	30.6001
835	0.71991	30.6043
836	0.7219	30.6083
837	0.72353	30.6111
838	0.72433	30.6126
839	0.72504	30.6153
840	0.72856	30.6201
841	0.73027	30.6236
842	0.73064	30.6252
843	0.73356	30.6287
844	0.73537	30.6334
845	0.7381	30.6381
846	0.73915	30.6409
847	0.7399	30.6435
848	0.74092	30.6458
849	0.74245	30.649
850	0.74558	30.653
851	0.748	30.6569
852	0.75004	30.661
853	0.75277	30.6648
854	0.75509	30.6693
855	0.75601	30.6715
856	0.7584	30.6749
857	0.76034	30.6783
858	0.76091	30.6796
859	0.76174	30.6823
860	0.76295	30.6852
861	0.76567	30.6899
862	0.7681	30.6934
863	0.76817	30.695
864	0.76901	30.6972
865	0.77053	30.6998
866	0.77312	30.7033
867	0.77568	30.7088
868	0.77726	30.7116
869	0.77971	30.7146
870	0.7825	30.7199
871	0.78443	30.7236
872	0.78627	30.7265
873	0.78681	30.7273
874	0.78851	30.7299
875	0.78918	30.7313
876	0.79211	30.7354
877	0.79366	30.7384
878	0.79686	30.7426
879	0.79963	30.7465
880	0.7995	30.7478
881	0.80038	30.75
882	0.80322	30.7534
883	0.80428	30.7552
884	0.80598	30.7573
885	0.8071	30.7595
886	0.80946	30.7628
887	0.81036	30.7645
888	0.81136	30.7664
889	0.81375	30.7702
890	0.81496	30.7717
891	0.81711	30.7742
892	0.8195	30.7779
893	0.82121	30.7801
894	0.82277	30.7827
895	0.82486	30.7857
896	0.82815	30.7893
897	0.82836	30.7901
898	0.82917	30.7908
899	0.83042	30.7919
900	0.8314	30.7944
901	0.83295	30.7973
902	0.83353	30.7983
903	0.83451	30.7997
904	0.83555	30.8018
905	0.83743	30.8041
906	0.84005	30.8078
907	0.84116	30.8097
908	0.84292	30.8123
909	0.84501	30.8149
910	0.84677	30.8178
911	0.84677	30.8179
912	0.84846	30.8198
913	0.84797	30.8198
914	0.84997	30.8226
915	0.85181	30.8252
916	0.85284	30.8264
917	0.85483	30.8285
918	0.85574	30.8293
919	0.85722	30.8322
920	0.85823	30.8331
921	0.86029	30.836
922	0.86203	30.8382
923	0.86272	30.8397
924	0.86347	30.841
925	0.86486	30.843
926	0.86574	30.8441
927	0.86588	30.8446
928	0.86661	30.8461
929	0.86808	30.8478
930	0.87027	30.8507
931	0.87182	30.8521
932	0.87389	30.8548
933	0.87484	30.8559
934	0.87588	30.8575
935	0.87681	30.8589
936	0.87819	30.8606
937	0.88087	30.8636
938	0.88126	30.8642
939	0.88273	30.866
940	0.88273	30.8664
941	0.88446	30.8687
942	0.88572	30.8701
943	0.88605	30.8708
944	0.88659	30.8719
945	0.8885	30.8738
946	0.8909	30.8767
947	0.89237	30.8787
948	0.89412	30.8808
949	0.89563	30.8829
950	0.89613	30.8836
951	0.89577	30.8833
952	0.8979	30.886
953	0.89956	30.8882
954	0.89962	30.8879
955	0.90029	30.8892
956	0.90347	30.8924
957	0.90391	30.893
958	0.90532	30.895
959	0.90562	30.8954
960	0.90627	30.8959
961	0.9079	30.8976
962	0.90907	30.8989
963	0.9103	30.9004
964	0.91196	30.9023
965	0.9136	30.9044
966	0.91525	30.9066
967	0.91567	30.9075
968	0.91652	30.9087
969	0.91717	30.9094
970	0.91783	30.9104
971	0.91879	30.9113
972	0.91967	30.9126
973	0.92069	30.9136
974	0.92182	30.9149
975	0.92311	30.9165
976	0.92357	30.917
977	0.9256	30.9191
978	0.92699	30.9209
979	0.92795	30.9219
980	0.92841	30.9228
981	0.92916	30.9236
982	0.93035	30.925
983	0.93161	30.9266
984	0.93225	30.9276
985	0.93328	30.9288
986	0.93366	30.9293
987	0.93474	30.9303
988	0.93606	30.9317
989	0.93778	30.9337
990	0.93856	30.9344
991	0.93933	30.9352
992	0.94043	30.9364
993	0.94104	30.9371
994	0.94099	30.9371
995	0.94157	30.938
996	0.94258	30.9389
997	0.94298	30.9394
998	0.94373	30.9403
999	0.94444	30.941
1000	0.94548	30.9421
1001	0.94531	30.942
1002	0.94665	30.9434
1003	0.94703	30.9439
1004	0.94769	30.9445
1005	0.94918	30.9462
1006	0.94995	30.9471
1007	0.95118	30.9484
1008	0.95204	30.9492
1009	0.95221	30.9496
1010	0.95299	30.9505
1011	0.95379	30.9514
1012	0.95471	30.9524
1013	0.95517	30.953
1014	0.95622	30.9539
1015	0.95756	30.9554
1016	0.95786	30.9558
1017	0.95831	30.9563
1018	0.95897	30.957
1019	0.95975	30.9578
1020	0.96039	30.9587
1021	0.96087	30.9592
1022	0.96182	30.9601
1023	0.96227	30.9609
1024	0.96318	30.9618
1025	0.9638	30.9624
1026	0.96447	30.9631
1027	0.96445	30.9631
1028	0.96473	30.9635
1029	0.96528	30.9641
1030	0.96599	30.9648
1031	0.96704	30.9658
1032	0.9676	30.9663
1033	0.96773	30.9666
1034	0.96881	30.9677
1035	0.9692	30.9682
1036	0.96975	30.9689
1037	0.9705	30.9697
1038	0.97088	30.9699
1039	0.97128	30.9705
1040	0.97168	30.9709
1041	0.97229	30.9716
1042	0.97225	30.9715
1043	0.97294	30.9721
1044	0.97336	30.9725
1045	0.97397	30.9732
1046	0.9741	30.9734
1047	0.97425	30.9735
1048	0.97495	30.9742
1049	0.97606	30.9753
1050	0.97628	30.9755
1051	0.97644	30.9757
1052	0.9762	30.9755
1053	0.97675	30.9761
1054	0.9772	30.9765
1055	0.97747	30.9769
1056	0.97825	30.9777
1057	0.97845	30.9779
1058	0.97906	30.9786
1059	0.97968	30.9793
1060	0.97997	30.9795
1061	0.98027	30.9798
1062	0.98078	30.9804
1063	0.98086	30.9805
1064	0.98171	30.9813
1065	0.98218	30.9818
1066	0.98267	30.9824
1067	0.98327	30.983
1068	0.9837	30.9835
1069	0.98419	30.984
1070	0.98459	30.9844
1071	0.98491	30.9847
1072	0.98495	30.9847
1073	0.98545	30.9851
1074	0.98558	30.9853
1075	0.98567	30.9854
1076	0.98602	30.9858
1077	0.98662	30.9864
1078	0.98699	30.9868
1079	0.98716	30.987
1080	0.98738	30.9872
1081	0.98788	30.9877
1082	0.98817	30.988
1083	0.98819	30.9881
1084	0.98836	30.9882
1085	0.98888	30.9887
1086	0.98906	30.9889
1087	0.98931	30.9892
1088	0.98969	30.9896
1089	0.98971	30.9896
1090	0.98997	30.9898
1091	0.99012	30.99
1092	0.98993	30.9898
1093	0.99012	30.99
1094	0.99075	30.9906
1095	0.99076	30.9907
1096	0.991	30.9909
1097	0.99128	30.9912
1098	0.99137	30.9913
1099	0.99161	30.9915
1100	0.99184	30.9918
1101	0.99231	30.9923
1102	0.99237	30.9923
1103	0.99252	30.9925
1104	0.99278	30.9927
1105	0.99303	30.993
1106	0.99305	30.993
1107	0.99319	30.9931
1108	0.99342	30.9934
1109	0.99371	30.9936
1110	0.99363	30.9936
1111	0.99379	30.9937
1112	0.994	30.994
1113	0.99421	30.9942
1114	0.99441	30.9944
1115	0.99455	30.9945
1116	0.99467	30.9946
1117	0.99484	30.9948
1118	0.99491	30.9948
1119	0.99507	30.995
1120	0.99519	30.9951
1121	0.99534	30.9953
1122	0.9956	30.9956
1123	0.99574	30.9957
1124	0.9957	30.9957
1125	0.99579	30.9958
1126	0.99588	30.9958
1127	0.99586	30.9958
1128	0.99608	30.996
1129	0.99618	30.9961
1130	0.99619	30.9962
1131	0.9963	30.9963
1132	0.99649	30.9964
1133	0.99662	30.9966
1134	0.99674	30.9967
1135	0.99674	30.9967
1136	0.99687	30.9968
1137	0.99695	30.9969
1138	0.99695	30.9969
1139	0.99705	30.997
1140	0.9972	30.9972
1141	0.99723	30.9972
1142	0.99738	30.9974
1143	0.99742	30.9974
1144	0.9975	30.9975
1145	0.99765	30.9976
1146	0.99777	30.9978
1147	0.99776	30.9977
1148	0.99779	30.9978
1149	0.99798	30.998
1150	0.99801	30.998
1151	0.99804	30.998
1152	0.99811	30.9981
1153	0.99823	30.9982
1154	0.99824	30.9982
1155	0.99827	30.9983
1156	0.99828	30.9983
1157	0.99822	30.9982
1158	0.99822	30.9982
1159	0.99834	30.9983
1160	0.99836	30.9984
1161	0.99858	30.9986
1162	0.99867	30.9987
1163	0.99863	30.9986
1164	0.99871	30.9987
1165	0.99871	30.9987
1166	0.99875	30.9988
1167	0.99884	30.9988
1168	0.99884	30.9988
1169	0.99885	30.9989
1170	0.99892	30.9989
1171	0.99888	30.9989
1172	0.99898	30.999
1173	0.99901	30.999
1174	0.99909	30.9991
1175	0.99911	30.9991
1176	0.99914	30.9991
1177	0.99912	30.9991
1178	0.99912	30.9991
1179	0.99913	30.9991
1180	0.99915	30.9992
1181	0.99924	30.9992
1182	0.9993	30.9993
1183	0.99932	30.9993
1184	0.99941	30.9994
1185	0.99948	30.9995
1186	0.99942	30.9994
1187	0.99945	30.9994
1188	0.99943	30.9994
1189	0.99947	30.9995
1190	0.99953	30.9995
1191	0.99951	30.9995
1192	0.9996	30.9996
1193	0.9996	30.9996
1194	0.99959	30.9996
1195	0.9996	30.9996
1196	0.99965	30.9996
1197	0.99968	30.9997
1198	0.99968	30.9997
1199	0.99965	30.9996
1200	0.99966	30.9997
1201	0.99966	30.9997
1202	0.99972	30.9997
1203	0.99971	30.9997
1204	0.99974	30.9997
1205	0.99975	30.9997
1206	0.99979	30.9998
1207	0.99982	30.9998
1208	0.99985	30.9998
1209	0.99988	30.9999
1210	0.99982	30.9998
1211	0.99978	30.9998
1212	0.99981	30.9998
1213	0.99984	30.9998
1214	0.99985	30.9998
1215	0.99987	30.9999
1216	0.99988	30.9999
1217	0.99991	30.9999
1218	0.99987	30.9999
1219	0.99984	30.9998
1220	0.99986	30.9999
1221	0.99988	30.9999
1222	0.99987	30.9999
1223	0.99988	30.9999
1224	0.99988	30.9999
1225	0.9999	30.9999
1226	0.99994	30.9999
1227	0.99992	30.9999
1228	0.99993	30.9999
1229	0.99992	30.9999
1230	0.99993	30.9999
1231	0.99995	30.9999
1232	0.99995	30.9999
1233	0.99995	30.9999
1234	0.99996	31
1235	0.99995	30.9999
1236	0.99993	30.9999
1237	0.99994	30.9999
1238	0.99994	30.9999
1239	0.99993	30.9999
1240	0.99994	30.9999
1241	0.99991	30.9999
1242	0.9999	30.9999
1243	0.9999	30.9999
1244	0.9999	30.9999
1245	0.99993	30.9999
1246	0.99995	30.9999
1247	0.99997	31
1248	0.99995	30.9999
1249	0.99997	31
1250	0.99997	31
1251	0.99996	31
1252	0.99996	31
1253	0.99997	31
1254	0.99998	31
1255	0.99997	31
1256	0.99999	31
1257	0.99998	31
1258	0.99997	31
1259	0.99996	31
1260	0.99996	31
1261	0.99997	31
1262	0.99997	31
1263	0.99999	31
1264	0.99999	31
1265	0.99999	31
1266	1	31
1267	1	31
1268	1	31
1269	0.99999	31
1270	0.99999	31
1271	0.99999	31
1272	0.99999	31
1273	0.99999	31
1274	0.99999	31
1275	0.99999	31
1276	0.99999	31
1277	0.99998	31
1278	0.99997	31
1279	0.99997	31
1280	0.99997	31
1281	0.99996	31
1282	0.99996	31
1283	0.99997	31
1284	0.99998	31
1285	0.99998	31
1286	0.99998	31
1287	0.99998	31
1288	0.99999	31
1289	0.99999	31
1290	0.99999	31
1291	0.99999	31
1292	0.99999	31
1293	0.99999	31
1294	0.99999	31
1295	0.99999	31
1296	0.99999	31
1297	0.99999	31
1298	0.99999	31
1299	0.99999	31
1300	0.99999	31
1301	0.99999	31
1302	1	31
1303	1	31
1304	1	31
1305	1	31
1306	1	31
1307	1	31
1308	1	31
1309	1	31
1310	1	31
1311	1	31
1312	1	31
1313	1	31
1314	1	31
1315	1	31
1316	1	31
1317	1	31
1318	1	31
1319	1	31
1320	1	31
1321	1	31
1322	1	31
1323	1	31
1324	1	31
1325	1	31
1326	1	31
1327	1	31
1328	1	31
1329	1	31
1330	1	31
1331	1	31
1332	1	31
1333	1	31
1334	1	31
1335	1	31
1336	1	31
1337	1	31
1338	1	31
1339	1	31
1340	1	31
1341	1	31
1342	1	31
1343	1	31
1344	1	31
1345	1	31
1346	1	31
1347	1	31
1348	1	31
1349	1	31
1350	1	31
1351	1	31
1352	1	31
1353	1	31
1354	1	31
1355	1	31
1356	1	31
1357	1	31
1358	1	31
1359	1	31
1360	1	31
1361	1	31
1362	1	31
1363	1	31
1364	1	31
1365	1	31
1366	1	31
1367	1	31
1368	1	31
1369	1	31
1370	1	31
1371	1	31
1372	1	31
1373	1	31
1374	1	31
1375	1	31
1376	1	31
1377	1	31
1378	1	31
1379	1	31
1380	1	31
1381	1	31
1382	1	31
1383	1	31
1384	1	31
1385	1	31
1386	1	31
1387	1	31
1388	1	31
1389	1	31
1390	1	31
1391	1	31
1392	1	31
1393	1	31
1394	1	31
1395	1	31
1396	1	31
1397	1	31
1398	1	31
1399	1	31
1400	1	31
1401	1	31
1402	1	31
1403	1	31
1404	1	31
1405	1	31
1406	1	31
1407	1	31
1408	1	31
1409	1	31
1410	1	31
1411	1	31
1412	1	31
1413	1	31
1414	1	31
1415	1	31
1416	1	31
1417	1	31
1418	1	31
1419	1	31
1420	1	31
1421	1	31
1422	1	31
1423	1	31
1424	1	31
1425	1	31
1426	1	31
1427	1	31
1428	1	31
1429	1	31
1430	1	31
1431	1	31
1432	1	31
1433	1	31
1434	1	31
1435	1	31
1436	1	31
1437	1	31
1438	1	31
1439	1	31
1440	1	31
1441	1	31
1442	1	31
1443	1	31
1444	1	31
1445	1	31
1446	1	31
1447	1	31
1448	1	31
1449	1	31
1450	1	31
1451	1	31
1452	1	31
1453	1	31
1454	1	31
1455	1	31
1456	1	31
1457	1	31
1458	1	31
1459	1	31
1460	1	31
1461	1	31
1462	1	31
1463	1	31
1464	1	31
1465	1	31
1466	1	31
1467	1	31
1468	1	31
1469	1	31
1470	1	31
1471	1	31
1472	1	31
1473	1	31
1474	1	31
1475	1	31
1476	1	31
1477	1	31
1478	1	31
1479	1	31
1480	1	31
1481	1	31
1482	1	31
1483	1	31
1484	1	31
1485	1	31
1486	1	31
1487	1	31
1488	1	31
1489	1	31
1490	1	31
1491	1	31
1492	1	31
1493	1	31
1494	1	31
1495	1	31
1496	1	31
1497	1	31
1498	1	31
1499	1	31
1500	1	31
1501	1	31
1502	1	31
1503	1	31
1504	1	31
1505	1	31
1506	1	31
1507	1	31
1508	1	31
1509	1	31
1510	1	31
1511	1	31
1512	1	31
1513	1	31
1514	1	31
1515	1	31
1516	1	31
1517	1	31
1518	1	31
1519	1	31
1520	1	31
1521	1	31
1522	1	31
1523	1	31
1524	1	31
1525	1	31
1526	1	31
1527	1	31
1528	1	31
1529	1	31
1530	1	31
1531	1	31
1532	1	31
1533	1	31
1534	1	31
1535	1	31
1536	1	31
1537	1	31
1538	1	31
1539	1	31
1540	1	31
1541	1	31
1542	1	31
1543	1	31
1544	1	31
1545	1	31
1546	1	31
1547	1	31
1548	1	31
1549	1	31
1550	1	31
1551	1	31
1552	1	31
1553	1	31
1554	1	31
1555	1	31
1556	1	31
1557	1	31
1558	1	31
1559	1	31
1560	1	31
1561	1	31
1562	1	31
1563	1	31
1564	1	31
1565	1	31
1566	1	31
1567	1	31
1568	1	31
1569	1	31
1570	1	31
1571	1	31
1572	1	31
1573	1	31
1574	1	31
1575	1	31
1576	1	31
1577	1	31
1578	1	31
1579	1	31
1580	1	31
1581	1	31
1582	1	31
1583	1	31
1584	1	31
1585	1	31
1586	1	31
1587	1	31
1588	1	31
1589	1	31
1590	1	31
1591	1	31
1592	1	31
1593	1	31
1594	1	31
1595	1	31
1596	1	31
1597	1	31
1598	1	31
1599	1	31
1600	1	31
1601	1	31
1602	1	31
1603	1	31
1604	1	31
1605	1	31
1606	1	31
1607	1	31
1608	1	31
1609	1	31
1610	1	31
1611	1	31
1612	1	31
1613	1	31
1614	1	31
1615	1	31
1616	1	31
1617	1	31
1618	1	31
1619	1	31
1620	1	31
1621	1	31
1622	1	31
1623	1	31
1624	1	31
1625	1	31
1626	1	31
1627	1	31
1628	1	31
1629	1	31
1630	1	31
1631	1	31
1632	1	31
1633	1	31
1634	1	31
1635	1	31
1636	1	31
1637	1	31
1638	1	31
1639	1	31
1640	1	31
1641	1	31
1642	1	31
1643	1	31
1644	1	31
1645	1	31
1646	1	31
1647	1	31
1648	1	31
1649	1	31
1650	1	31
1651	1	31
1652	1	31
1653	1	31
1654	1	31
1655	1	31
1656	1	31
1657	1	31
1658	1	31
1659	1	31
1660	1	31
1661	1	31
1662	1	31
1663	1	31
1664	1	31
1665	1	31
1666	1	31
1667	1	31
1668	1	31
1669	1	31
1670	1	31
1671	1	31
1672	1	31
1673	1	31
1674	1	31
1675	1	31
1676	1	31
1677	1	31
1678	1	31
1679	1	31
1680	1	31
1681	1	31
1682	1	31
1683	1	31
1684	1	31
1685	1	31
1686	1	31
1687	1	31
1688	1	31
1689	1	31
1690	1	31
1691	1	31
1692	1	31
1693	1	31
1694	1	31
1695	1	31
1696	1	31
1697	1	31
1698	1	31
1699	1	31
1700	1	31
1701	1	31
1702	1	31
1703	1	31
1704	1	31
1705	1	31
1706	1	31
1707	1	31
1708	1	31
1709	1	31
1710	1	31
1711	1	31
1712	1	31
1713	1	31
1714	1	31
1715	1	31
1716	1	31
1717	1	31
1718	1	31
1719	1	31
1720	1	31
1721	1	31
1722	1	31
1723	1	31
1724	1	31
1725	1	31
1726	1	31
1727	1	31
1728	1	31
1729	1	31
1730	1	31
1731	1	31
1732	1	31
1733	1	31
1734	1	31
1735	1	31
1736	1	31
1737	1	31
1738	1	31
1739	1	31
1740	1	31
1741	1	31
1742	1	31
1743	1	31
1744	1	31
1745	1	31
1746	1	31
1747	1	31
1748	1	31
1749	1	31
1750	1	31
1751	1	31
1752	1	31
1753	1	31
1754	1	31
1755	1	31
1756	1	31
1757	1	31
1758	1	31
1759	1	31
1760	1	31
1761	1	31
1762	1	31
1763	1	31
1764	1	31
1765	1	31
1766	1	31
1767	1	31
1768	1	31
1769	1	31
1770	1	31
1771	1	31
1772	1	31
1773	1	31
1774	1	31
1775	1	31
1776	1	31
1777	1	31
1778	1	31
1779	1	31
1780	1	31
1781	1	31
1782	1	31
1783	1	31
1784	1	31
1785	1	31
1786	1	31
1787	1	31
1788	1	31
1789	1	31
1790	1	31
1791	1	31
1792	1	31
1793	1	31
1794	1	31
1795	1	31
1796	1	31
1797	1	31
1798	1	31
1799	1	31
1800	1	31
1801	1	31
1802	1	31
1803	1	31
1804	1	31
1805	1	31
1806	1	31
1807	1	31
1808	1	31
1809	1	31
1810	1	31
1811	1	31
1812	1	31
1813	1	31
1814	1	31
1815	1	31
1816	1	31
1817	1	31
1818	1	31
1819	1	31
1820	1	31
1821	1	31
1822	1	31
1823	1	31
1824	1	31
1825	1	31
1826	1	31
1827	1	31
1828	1	31
1829	1	31
1830	1	31
1831	1	31
1832	1	31
1833	1	31
1834	1	31
1835	1	31
1836	1	31
1837	1	31
1838	1	31
1839	1	31
1840	1	31
1841	1	31
1842	1	31
1843	1	31
1844	1	31
1845	1	31
1846	1	31
1847	1	31
1848	1	31
1849	1	31
1850	1	31
1851	1	31
1852	1	31
1853	1	31
1854	1	31
1855	1	31
1856	1	31
1857	1	31
1858	1	31
1859	1	31
1860	1	31
1861	1	31
1862	1	31
1863	1	31
1864	1	31
1865	1	31
1866	1	31
1867	1	31
1868	1	31
1869	1	31
1870	1	31
1871	1	31
1872	1	31
1873	1	31
1874	1	31
1875	1	31
1876	1	31
1877	1	31
1878	1	31
1879	1	31
1880	1	31
1881	1	31
1882	1	31
1883	1	31
1884	1	31
1885	1	31
1886	1	31
1887	1	31
1888	1	31
1889	1	31
1890	1	31
1891	1	31
1892	1	31
1893	1	31
1894	1	31
1895	1	31
1896	1	31
1897	1	31
1898	1	31
1899	1	31
1900	1	31
1901	1	31
1902	1	31
1903	1	31
1904	1	31
1905	1	31
1906	1	31
1907	1	31
1908	1	31
1909	1	31
1910	1	31
1911	1	31
1912	1	31
1913	1	31
1914	1	31
1915	1	31
1916	1	31
1917	1	31
1918	1	31
1919	1	31
1920	1	31
1921	1	31
1922	1	31
1923	1	31
1924	1	31
1925	1	31
1926	1	31
1927	1	31
1928	1	31
1929	1	31
1930	1	31
1931	1	31
1932	1	31
1933	1	31
1934	1	31
1935	1	31
1936	1	31
1937	1	31
1938	1	31
1939	1	31
1940	1	31
1941	1	31
1942	1	31
1943	1	31
1944	1	31
1945	1	31
1946	1	31
1947	1	31
1948	1	31
1949	1	31
1950	1	31
1951	1	31
1952	1	31
1953	1	31
1954	1	31
1955	1	31
1956	1	31
1957	1	31
1958	1	31
1959	1	31
1960	1	31
1961	1	31
1962	1	31
1963	1	31
1964	1	31
1965	1	31
1966	1	31
1967	1	31
1968	1	31
1969	1	31
1970	1	31
1971	1	31
1972	1	31
1973	1	31
1974	1	31
1975	1	31
1976	1	31
1977	1	31
1978	1	31
1979	1	31
1980	1	31
1981	1	31
1982	1	31
1983	1	31
1984	1	31
1985	1	31
1986	1	31
1987	1	31
1988	1	31
1989	1	31
1990	1	31
1991	1	31
1992	1	31
1993	1	31
1994	1	31
1995	1	31
1996	1	31
1997	1	31
1998	1	31
1999	1	31
