# Generation	ratio_optimal	mean_fitness
0	0.031610	22.9795
1	0.03481	23.356
2	0.036832	23.4144
3	0.03613	23.4143
4	0.035954	23.4042
5	0.036935	23.4262
6	0.035476	23.4249
7	0.03687	23.436
8	0.035818	23.414
9	0.03719	23.4606
10	0.037610	23.4521
11	0.037211	23.457
12	0.0358212	23.4351
13	0.0363113	23.4614
14	0.0358914	23.4558
15	0.0372715	23.4937
16	0.0364416	23.4697
17	0.0364917	23.468
18	0.0374818	23.4845
19	0.0378519	23.4925
20	0.0375120	23.4645
21	0.0370821	23.4836
22	0.0368622	23.4853
23	0.0379823	23.5031
24	0.0371124	23.4881
25	0.0372325	23.4849
26	0.0361226	23.4807
27	0.0375627	23.4811
28	0.0377828	23.4936
29	0.0375729	23.5106
30	0.037730	23.4845
31	0.0370231	23.4924
32	0.0364132	23.4848
33	0.0376833	23.5113
34	0.0371434	23.5143
35	0.0377435	23.5311
36	0.0372536	23.5261
37	0.0371737	23.4995
38	0.0376338	23.5284
39	0.038239	23.4895
40	0.0381240	23.5182
41	0.0383241	23.5536
42	0.0377742	23.5347
43	0.0376743	23.5303
44	0.0370144	23.4943
45	0.0374145	23.5276
46	0.0374646	23.5435
47	0.0384347	23.5234
48	0.0374648	23.5365
49	0.0384949	23.5556
50	0.0377350	23.5408
51	0.0384451	23.5344
52	0.0383352	23.5325
53	0.0393953	23.545
54	0.0396354	23.5359
55	0.0387255	23.5618
56	0.0383456	23.5782
57	0.0381357	23.5805
58	0.038258	23.5788
59	0.0385259	23.5736
60	0.0387860	23.5844
61	0.0391461	23.5649
62	0.0394262	23.5801
63	0.0384763	23.5975
64	0.0390464	23.5608
65	0.0377165	23.5853
66	0.0372766	23.5623
67	0.0382667	23.5936
68	0.0386868	23.5836
69	0.038769	23.5981
70	0.0380770	23.5868
71	0.0384371	23.5785
72	0.039272	23.5823
73	0.0388973	23.5963
74	0.0390974	23.6104
75	0.0393275	23.6293
76	0.0388176	23.627
77	0.0391477	23.6171
78	0.0393278	23.6186
79	0.0393579	23.6372
80	0.039180	23.6359
81	0.0394581	23.6175
82	0.0395982	23.6425
83	0.0395783	23.6686
84	0.0393584	23.6483
85	0.0396285	23.6419
86	0.0395686	23.6266
87	0.0388687	23.6457
88	0.0384388	23.6146
89	0.0386989	23.6537
90	0.0397590	23.6738
91	0.0396991	23.6576
92	0.0408792	23.6676
93	0.0493	23.6789
94	0.0403194	23.6831
95	0.0397995	23.6707
96	0.0394196	23.6898
97	0.0395297	23.685
98	0.0393298	23.693
99	0.0407199	23.6799
100	0.04088100	23.7043
101	0.04091101	23.6924
102	0.03939102	23.706
103	0.0402103	23.7075
104	0.04113104	23.7168
105	0.04083105	23.7145
106	0.04033106	23.717
107	0.04008107	23.7163
108	0.04103108	23.7382
109	0.041109	23.7371
110	0.0407110	23.7371
111	0.04089111	23.7172
112	0.04071112	23.7653
113	0.04058113	23.7441
114	0.0403114	23.7257
115	0.04019115	23.7576
116	0.04154116	23.7643
117	0.04139117	23.7664
118	0.04099118	23.7584
119	0.04113119	23.7785
120	0.04084120	23.7674
121	0.04133121	23.7743
122	0.04104122	23.7808
123	0.04205123	23.8
124	0.0414124	23.8058
125	0.04149125	23.8181
126	0.04107126	23.807
127	0.04219127	23.8302
128	0.04124128	23.7978
129	0.04224129	23.8105
130	0.0416130	23.8218
131	0.04104131	23.8343
132	0.04091132	23.822
133	0.04125133	23.7925
134	0.04163134	23.8366
135	0.04176135	23.8438
136	0.04107136	23.8456
137	0.04224137	23.8188
138	0.04181138	23.8459
139	0.04369139	23.8437
140	0.04228140	23.8686
141	0.04193141	23.8603
142	0.04128142	23.8667
143	0.04265143	23.8545
144	0.04193144	23.8762
145	0.04227145	23.8719
146	0.04215146	23.8815
147	0.04244147	23.8782
148	0.04296148	23.8843
149	0.04282149	23.8959
150	0.04276150	23.8837
151	0.04311151	23.9081
152	0.04216152	23.9105
153	0.0422153	23.9247
154	0.04218154	23.9267
155	0.04292155	23.9178
156	0.04276156	23.9372
157	0.04353157	23.9457
158	0.04209158	23.9303
159	0.04279159	23.9474
160	0.04368160	23.9594
161	0.04488161	23.9706
162	0.04432162	23.9638
163	0.04381163	23.95
164	0.04391164	23.9836
165	0.04383165	23.9619
166	0.04377166	23.9536
167	0.04465167	23.9638
168	0.04314168	23.9701
169	0.04377169	23.9714
170	0.04466170	23.9885
171	0.04477171	24.0046
172	0.04493172	23.9991
173	0.04484173	24.0137
174	0.04475174	24.0065
175	0.04544175	24.0218
176	0.04488176	24.0187
177	0.04475177	24.0193
178	0.04418178	24.0094
179	0.04449179	24.0318
180	0.04516180	24.0425
181	0.04449181	24.0426
182	0.04482182	24.0405
183	0.04536183	24.0435
184	0.04475184	24.0481
185	0.04511185	24.051
186	0.04609186	24.0805
187	0.04498187	24.0797
188	0.04609188	24.0937
189	0.04528189	24.0854
190	0.04589190	24.1061
191	0.04612191	24.1064
192	0.04499192	24.0855
193	0.04581193	24.1019
194	0.04575194	24.1291
195	0.0461195	24.1125
196	0.04602196	24.1117
197	0.0455197	24.1075
198	0.04652198	24.1542
199	0.0459199	24.1527
200	0.04577200	24.1557
201	0.04633201	24.1205
202	0.04705202	24.1409
203	0.04648203	24.1248
204	0.04769204	24.1747
205	0.04698205	24.1642
206	0.04821206	24.177
207	0.04761207	24.1822
208	0.04741208	24.1998
209	0.04661209	24.1879
210	0.04718210	24.1952
211	0.04761211	24.2164
212	0.04738212	24.2224
213	0.04774213	24.2234
214	0.04866214	24.2237
215	0.04788215	24.2252
216	0.0498216	24.2468
217	0.04825217	24.2423
218	0.04843218	24.2418
219	0.04913219	24.2676
220	0.04808220	24.2743
221	0.04731221	24.2697
222	0.0491222	24.2999
223	0.04961223	24.2829
224	0.04875224	24.2751
225	0.04934225	24.2903
226	0.05008226	24.3065
227	0.04943227	24.3149
228	0.04951228	24.316
229	0.04886229	24.3196
230	0.04901230	24.3283
231	0.04935231	24.3271
232	0.04978232	24.3195
233	0.05051233	24.3457
234	0.04916234	24.3538
235	0.04956235	24.3583
236	0.05034236	24.3603
237	0.05028237	24.358
238	0.05069238	24.3578
239	0.05081239	24.3853
240	0.05118240	24.4071
241	0.05218241	24.4147
242	0.05192242	24.4176
243	0.05228243	24.4256
244	0.05201244	24.4373
245	0.05119245	24.4351
246	0.05202246	24.43
247	0.0509247	24.4395
248	0.05119248	24.4224
249	0.05061249	24.437
250	0.05152250	24.4564
251	0.05152251	24.4463
252	0.0512252	24.4497
253	0.05001253	24.4709
254	0.05176254	24.4981
255	0.05289255	24.4963
256	0.05222256	24.4884
257	0.05253257	24.5192
258	0.05243258	24.5413
259	0.05194259	24.5214
260	0.05249260	24.5329
261	0.05332261	24.546
262	0.05296262	24.5688
263	0.05255263	24.5516
264	0.05337264	24.5728
265	0.05337265	24.5553
266	0.05413266	24.571
267	0.05459267	24.587
268	0.05362268	24.596
269	0.053269	24.6033
270	0.05436270	24.6385
271	0.0537271	24.6192
272	0.05512272	24.6165
273	0.05483273	24.6358
274	0.05473274	24.6393
275	0.05398275	24.651
276	0.05433276	24.6499
277	0.05498277	24.683
278	0.05475278	24.6691
279	0.05451279	24.6747
280	0.05565280	24.6856
281	0.05548281	24.6954
282	0.05464282	24.6898
283	0.05545283	24.6845
284	0.05591284	24.7147
285	0.05598285	24.7324
286	0.05603286	24.7296
287	0.05556287	24.7423
288	0.05728288	24.765
289	0.05755289	24.7497
290	0.05742290	24.7655
291	0.05661291	24.7766
292	0.05593292	24.7882
293	0.05689293	24.7988
294	0.05733294	24.7892
295	0.05738295	24.8015
296	0.05758296	24.8197
297	0.05772297	24.8288
298	0.05798298	24.815
299	0.0584299	24.8468
300	0.05892300	24.861
301	0.05884301	24.8785
302	0.05746302	24.8544
303	0.05754303	24.871
304	0.05805304	24.8662
305	0.05889305	24.9022
306	0.05959306	24.9405
307	0.0597307	24.9428
308	0.05903308	24.9431
309	0.05909309	24.9281
310	0.0596310	24.9476
311	0.06066311	24.9743
312	0.06151312	24.9755
313	0.06117313	24.9815
314	0.06236314	24.9821
315	0.0614315	24.9824
316	0.06102316	24.9741
317	0.06317	24.9864
318	0.06143318	25.0278
319	0.06229319	25.0368
320	0.06246320	25.0361
321	0.06309321	25.0517
322	0.06215322	25.0628
323	0.06331323	25.0731
324	0.06176324	25.0554
325	0.06372325	25.0826
326	0.06363326	25.095
327	0.06292327	25.0906
328	0.06362328	25.1319
329	0.06378329	25.1302
330	0.06438330	25.1346
331	0.06439331	25.1499
332	0.06385332	25.1404
333	0.06456333	25.167
334	0.06454334	25.1996
335	0.06384335	25.1859
336	0.06532336	25.1929
337	0.06488337	25.1971
338	0.06544338	25.2056
339	0.06534339	25.2102
340	0.06609340	25.2243
341	0.06682341	25.2462
342	0.06652342	25.2573
343	0.06572343	25.2562
344	0.06486344	25.2703
345	0.06658345	25.2733
346	0.06615346	25.284
347	0.06647347	25.2885
348	0.067348	25.3116
349	0.06751349	25.3114
350	0.06761350	25.318
351	0.06753351	25.3641
352	0.06858352	25.3458
353	0.06732353	25.3549
354	0.06795354	25.3786
355	0.06898355	25.3743
356	0.07024356	25.4136
357	0.06914357	25.4193
358	0.06993358	25.4261
359	0.06893359	25.4257
360	0.06925360	25.4493
361	0.06907361	25.4534
362	0.06887362	25.4457
363	0.06984363	25.4715
364	0.07077364	25.5015
365	0.07206365	25.5049
366	0.07144366	25.5142
367	0.07259367	25.5274
368	0.07309368	25.5362
369	0.07191369	25.5518
370	0.07119370	25.5335
371	0.07211371	25.5721
372	0.07285372	25.5795
373	0.07212373	25.5736
374	0.07319374	25.5853
375	0.073375	25.6069
376	0.07538376	25.6225
377	0.07561377	25.6409
378	0.07562378	25.6472
379	0.07553379	25.6802
380	0.07599380	25.6778
381	0.07524381	25.6779
382	0.07536382	25.6752
383	0.07511383	25.6938
384	0.07597384	25.7134
385	0.07632385	25.722
386	0.07546386	25.7195
387	0.07565387	25.745
388	0.07591388	25.755
389	0.07642389	25.7691
390	0.0774390	25.7728
391	0.07798391	25.7804
392	0.07926392	25.7846
393	0.07964393	25.8062
394	0.07916394	25.8185
395	0.08008395	25.8545
396	0.07981396	25.8414
397	0.08013397	25.8573
398	0.0803398	25.8733
399	0.07937399	25.8922
400	0.08032400	25.9225
401	0.08026401	25.9466
402	0.08197402	25.9501
403	0.08383403	25.9625
404	0.0828404	25.9626
405	0.08248405	25.966
406	0.08236406	25.965
407	0.08364407	25.9705
408	0.08362408	25.9951
409	0.08422409	26.021
410	0.0849410	26.0352
411	0.08524411	26.0374
412	0.08449412	26.0496
413	0.0856413	26.0644
414	0.08502414	26.0788
415	0.0846415	26.0799
416	0.0849416	26.088
417	0.0858417	26.1142
418	0.08571418	26.1039
419	0.0868419	26.1295
420	0.08791420	26.1512
421	0.08778421	26.1503
422	0.08835422	26.1693
423	0.08774423	26.1865
424	0.08898424	26.1927
425	0.08902425	26.2002
426	0.08967426	26.213
427	0.08987427	26.2184
428	0.0899428	26.2362
429	0.09001429	26.2496
430	0.08952430	26.2735
431	0.09029431	26.2851
432	0.09076432	26.2876
433	0.09127433	26.2981
434	0.09111434	26.3278
435	0.09154435	26.3433
436	0.09131436	26.3558
437	0.0904437	26.3451
438	0.0909438	26.3695
439	0.0922439	26.3948
440	0.09293440	26.4049
441	0.09224441	26.3998
442	0.09314442	26.4256
443	0.09528443	26.4403
444	0.09485444	26.4765
445	0.09505445	26.482
446	0.0949446	26.4869
447	0.09527447	26.4924
448	0.09734448	26.5194
449	0.09796449	26.5307
450	0.09929450	26.5525
451	0.09936451	26.5577
452	0.09907452	26.5537
453	0.09993453	26.5779
454	0.09971454	26.5987
455	0.09951455	26.608
456	0.10088456	26.638
457	0.10217457	26.6491
458	0.1016458	26.6556
459	0.10359459	26.6625
460	0.10424460	26.6933
461	0.10359461	26.6937
462	0.10414462	26.7108
463	0.10481463	26.7181
464	0.10411464	26.7145
465	0.10531465	26.7424
466	0.10478466	26.7615
467	0.10619467	26.7894
468	0.10689468	26.7908
469	0.10602469	26.8038
470	0.10686470	26.818
471	0.10587471	26.8239
472	0.1063472	26.8415
473	0.10705473	26.8551
474	0.10731474	26.8725
475	0.10764475	26.8883
476	0.10856476	26.9105
477	0.10994477	26.9228
478	0.10933478	26.924
479	0.1102479	26.9412
480	0.11035480	26.9453
481	0.11132481	26.9575
482	0.11306482	26.9851
483	0.1144483	26.9967
484	0.1139484	27.005
485	0.1147485	27.0311
486	0.11402486	27.0422
487	0.11341487	27.0575
488	0.11405488	27.0588
489	0.11437489	27.0903
490	0.11471490	27.0852
491	0.11541491	27.0894
492	0.11646492	27.1073
493	0.11558493	27.1183
494	0.11679494	27.1414
495	0.11643495	27.1538
496	0.11647496	27.166
497	0.11778497	27.1732
498	0.11757498	27.191
499	0.11876499	27.1948
500	0.11975500	27.2282
501	0.12036501	27.2433
502	0.12101502	27.2549
503	0.12231503	27.2743
504	0.12237504	27.2846
505	0.12385505	27.3006
506	0.12298506	27.3064
507	0.12341507	27.3292
508	0.12319508	27.3425
509	0.12381509	27.3583
510	0.12493510	27.3786
511	0.12592511	27.3935
512	0.12654512	27.4036
513	0.12757513	27.4084
514	0.12702514	27.4244
515	0.12751515	27.4409
516	0.12813516	27.4526
517	0.12887517	27.4669
518	0.12942518	27.4751
519	0.13008519	27.4861
520	0.13047520	27.4983
521	0.13098521	27.5158
522	0.13133522	27.528
523	0.13199523	27.5346
524	0.1323524	27.5534
525	0.13257525	27.56
526	0.13412526	27.5846
527	0.13596527	27.6098
528	0.13611528	27.6357
529	0.13726529	27.6409
530	0.13794530	27.6538
531	0.13847531	27.6686
532	0.13995532	27.6803
533	0.1399533	27.6806
534	0.14031534	27.7063
535	0.14048535	27.7057
536	0.14169536	27.7263
537	0.14219537	27.7412
538	0.14387538	27.7495
539	0.14383539	27.7669
540	0.14291540	27.7737
541	0.14542541	27.7926
542	0.1462542	27.8113
543	0.14733543	27.8247
544	0.14785544	27.8337
545	0.14823545	27.847
546	0.14795546	27.8639
547	0.14878547	27.8735
548	0.15063548	27.8976
549	0.15115549	27.911
550	0.15246550	27.9311
551	0.15331551	27.9309
552	0.15423552	27.9448
553	0.15427553	27.9529
554	0.15491554	27.967
555	0.15478555	27.9802
556	0.15481556	27.9932
557	0.15647557	27.9979
558	0.15682558	28.0365
559	0.1575559	28.0397
560	0.15877560	28.0476
561	0.16034561	28.0678
562	0.15984562	28.0733
563	0.16083563	28.0787
564	0.16122564	28.1002
565	0.16314565	28.1179
566	0.16441566	28.1281
567	0.16504567	28.1481
568	0.16697568	28.1574
569	0.1667569	28.1766
570	0.16839570	28.188
571	0.16983571	28.1965
572	0.17003572	28.2162
573	0.16923573	28.2357
574	0.1696574	28.2453
575	0.17013575	28.2516
576	0.17172576	28.2649
577	0.1725577	28.2707
578	0.17336578	28.2835
579	0.17321579	28.2926
580	0.17359580	28.2985
581	0.17495581	28.3103
582	0.1754582	28.3283
583	0.17535583	28.3365
584	0.17637584	28.3528
585	0.17786585	28.3702
586	0.17946586	28.3866
587	0.17973587	28.3942
588	0.17943588	28.402
589	0.18019589	28.4058
590	0.18106590	28.4217
591	0.18125591	28.4309
592	0.18225592	28.4435
593	0.18304593	28.4546
594	0.18494594	28.4788
595	0.18647595	28.4962
596	0.18633596	28.5038
597	0.18707597	28.5168
598	0.18835598	28.531
599	0.1887599	28.5327
600	0.18897600	28.5503
601	0.18992601	28.5608
602	0.19077602	28.572
603	0.1922603	28.5844
604	0.19398604	28.5967
605	0.19555605	28.6222
606	0.1961606	28.6274
607	0.19745607	28.6336
608	0.1985608	28.6449
609	0.2002609	28.6567
610	0.20066610	28.6567
611	0.20032611	28.6679
612	0.202612	28.6873
613	0.20213613	28.692
614	0.20395614	28.7035
615	0.20672615	28.719
616	0.20746616	28.724
617	0.20871617	28.7319
618	0.20838618	28.7473
619	0.20883619	28.765
620	0.21066620	28.7733
621	0.21064621	28.7743
622	0.21143622	28.7971
623	0.21255623	28.8127
624	0.21484624	28.8227
625	0.21572625	28.8322
626	0.21695626	28.8378
627	0.21733627	28.8428
628	0.21795628	28.8481
629	0.21906629	28.8577
630	0.2194630	28.8746
631	0.22083631	28.8863
632	0.22223632	28.8993
633	0.22193633	28.9091
634	0.22231634	28.9105
635	0.22447635	28.9211
636	0.22567636	28.9419
637	0.22537637	28.954
638	0.22631638	28.9671
639	0.2281639	28.9654
640	0.22947640	28.9801
641	0.22973641	28.9915
642	0.2297642	28.9992
643	0.23111643	29.0051
644	0.23168644	29.0104
645	0.23086645	29.0121
646	0.23218646	29.0233
647	0.23333647	29.0344
648	0.23476648	29.0561
649	0.23787649	29.0639
650	0.23849650	29.0724
651	0.2404651	29.0852
652	0.24064652	29.0864
653	0.24232653	29.1029
654	0.24303654	29.1165
655	0.24507655	29.1275
656	0.24651656	29.1292
657	0.24864657	29.145
658	0.24853658	29.1507
659	0.2497659	29.1597
660	0.25071660	29.1668
661	0.25117661	29.1727
662	0.25208662	29.184
663	0.25233663	29.1899
664	0.2545664	29.1985
665	0.25403665	29.2033
666	0.25514666	29.2179
667	0.25611667	29.2276
668	0.25743668	29.2312
669	0.25855669	29.2439
670	0.25967670	29.2467
671	0.26219671	29.2541
672	0.26294672	29.2553
673	0.26367673	29.2713
674	0.26438674	29.2797
675	0.26501675	29.2943
676	0.26586676	29.3
677	0.26743677	29.3069
678	0.2695678	29.3207
679	0.27059679	29.3342
680	0.27067680	29.3401
681	0.27242681	29.3457
682	0.27249682	29.3511
683	0.27333683	29.3574
684	0.27474684	29.3669
685	0.27633685	29.3774
686	0.27867686	29.3913
687	0.27983687	29.3944
688	0.27971688	29.4006
689	0.2805689	29.4021
690	0.28095690	29.4091
691	0.28241691	29.4181
692	0.28269692	29.4298
693	0.28502693	29.437
694	0.28735694	29.4466
695	0.28949695	29.4545
696	0.28906696	29.4621
697	0.29185697	29.4738
698	0.29368698	29.4813
699	0.29456699	29.4925
700	0.29584700	29.498
701	0.29664701	29.5086
702	0.29825702	29.5166
703	0.3004703	29.5201
704	0.3027704	29.5288
705	0.30378705	29.5416
706	0.30501706	29.5454
707	0.30637707	29.5506
708	0.30773708	29.5592
709	0.31002709	29.5628
710	0.31051710	29.5686
711	0.31059711	29.5778
712	0.3128712	29.5891
713	0.3138713	29.5909
714	0.31395714	29.5961
715	0.3149715	29.6046
716	0.3164716	29.6121
717	0.31777717	29.6173
718	0.31935718	29.6285
719	0.32196719	29.6358
720	0.32231720	29.6378
721	0.32406721	29.6458
722	0.32548722	29.6524
723	0.3263723	29.6603
724	0.32957724	29.6677
725	0.33055725	29.6723
726	0.33138726	29.6793
727	0.33213727	29.6859
728	0.33379728	29.692
729	0.33502729	29.7027
730	0.33712730	29.705
731	0.33839731	29.7104
732	0.33851732	29.7152
733	0.33954733	29.7206
734	0.34734	29.7246
735	0.34248735	29.7336
736	0.34356736	29.7413
737	0.34599737	29.7468
738	0.34815738	29.753
739	0.34964739	29.7619
740	0.35075740	29.7673
741	0.35144741	29.7707
742	0.35304742	29.7745
743	0.3545743	29.7832
744	0.35593744	29.7895
745	0.35589745	29.7931
746	0.35749746	29.8012
747	0.35878747	29.8096
748	0.36111748	29.8168
749	0.36174749	29.8219
750	0.36223750	29.826
751	0.36343751	29.8314
752	0.36454752	29.8364
753	0.36694753	29.8417
754	0.36815754	29.8466
755	0.36995755	29.854
756	0.37036756	29.859
757	0.37103757	29.8625
758	0.37305758	29.8679
759	0.37616759	29.8737
760	0.37887760	29.8814
761	0.38046761	29.8921
762	0.38153762	29.8954
763	0.38285763	29.8992
764	0.38374764	29.9034
765	0.38467765	29.9075
766	0.38643766	29.9136
767	0.38772767	29.9189
768	0.38893768	29.9228
769	0.38938769	29.9256
770	0.39131770	29.9327
771	0.39369771	29.9362
772	0.397772	29.9444
773	0.39943773	29.9524
774	0.39992774	29.9556
775	0.40127775	29.9617
776	0.40241776	29.965
777	0.40379777	29.9702
778	0.40516778	29.9744
779	0.40697779	29.9791
780	0.40731780	29.9825
781	0.40722781	29.9843
782	0.40908782	29.9909
783	0.41174783	29.9957
784	0.41317784	30.0017
785	0.41639785	30.0089
786	0.41653786	30.0119
787	0.41862787	30.0193
788	0.42026788	30.0246
789	0.42342789	30.0306
790	0.42515790	30.0374
791	0.42704791	30.041
792	0.42818792	30.0456
793	0.43022793	30.0494
794	0.43191794	30.0526
795	0.43287795	30.0572
796	0.43417796	30.0624
797	0.43573797	30.0654
798	0.43745798	30.0696
799	0.43898799	30.0738
800	0.44046800	30.0806
801	0.44297801	30.0855
802	0.4444802	30.0909
803	0.44587803	30.094
804	0.44677804	30.0944
805	0.44885805	30.1008
806	0.44926806	30.1045
807	0.45106807	30.1092
808	0.45174808	30.1104
809	0.45235809	30.1141
810	0.4546810	30.1193
811	0.45523811	30.1227
812	0.45736812	30.1258
813	0.45869813	30.1312
814	0.4604814	30.1369
815	0.46182815	30.1388
816	0.46519816	30.1457
817	0.46619817	30.1512
818	0.46735818	30.1535
819	0.46701819	30.1533
820	0.46783820	30.1577
821	0.47006821	30.162
822	0.47222822	30.1672
823	0.4735823	30.1713
824	0.47474824	30.1746
825	0.47691825	30.179
826	0.47869826	30.1835
827	0.47981827	30.1859
828	0.48108828	30.1901
829	0.48216829	30.1927
830	0.48452830	30.1966
831	0.48587831	30.2
832	0.48774832	30.2035
833	0.48995833	30.2069
834	0.49128834	30.2111
835	0.49271835	30.2154
836	0.49495836	30.2203
837	0.49627837	30.2241
838	0.49792838	30.227
839	0.50046839	30.2313
840	0.50182840	30.235
841	0.50242841	30.2363
842	0.50388842	30.2407
843	0.50489843	30.2439
844	0.50646844	30.2473
845	0.50679845	30.2493
846	0.50947846	30.2534
847	0.51092847	30.2572
848	0.51278848	30.2603
849	0.51518849	30.2642
850	0.51821850	30.2686
851	0.51897851	30.2721
852	0.51947852	30.2748
853	0.52149853	30.2785
854	0.52349854	30.2822
855	0.52501855	30.2857
856	0.52631856	30.2872
857	0.52823857	30.2915
858	0.52999858	30.2954
859	0.53206859	30.2989
860	0.53398860	30.3018
861	0.53454861	30.3036
862	0.53677862	30.308
863	0.53893863	30.3124
864	0.5409864	30.3164
865	0.54217865	30.3188
866	0.5438866	30.3214
867	0.54598867	30.3242
868	0.54736868	30.3286
869	0.54914869	30.3326
870	0.5511870	30.3353
871	0.55307871	30.3383
872	0.5536872	30.34
873	0.5545873	30.3409
874	0.55425874	30.3414
875	0.55611875	30.3442
876	0.55804876	30.3481
877	0.55896877	30.3506
878	0.55982878	30.3528
879	0.56103879	30.3548
880	0.56244880	30.3576
881	0.56328881	30.3601
882	0.56496882	30.3629
883	0.56891883	30.3684
884	0.57058884	30.3707
885	0.57137885	30.3725
886	0.57343886	30.3762
887	0.57421887	30.3785
888	0.57542888	30.3803
889	0.57726889	30.3832
890	0.57721890	30.3856
891	0.578891	30.3876
892	0.5795892	30.3896
893	0.58066893	30.3916
894	0.58268894	30.3948
895	0.58423895	30.3972
896	0.58648896	30.4014
897	0.58814897	30.404
898	0.58906898	30.4056
899	0.59064899	30.409
900	0.59341900	30.413
901	0.59541901	30.4162
902	0.59568902	30.4162
903	0.59645903	30.4176
904	0.5977904	30.4207
905	0.59925905	30.4229
906	0.60126906	30.4252
907	0.60302907	30.4277
908	0.60331908	30.4291
909	0.60497909	30.4317
910	0.6061910	30.4341
911	0.6082911	30.4367
912	0.60959912	30.4389
913	0.60992913	30.4402
914	0.61038914	30.4408
915	0.61146915	30.4422
916	0.61302916	30.4448
917	0.61368917	30.4464
918	0.61501918	30.4481
919	0.61653919	30.45
920	0.61786920	30.4525
921	0.62024921	30.4558
922	0.62184922	30.4582
923	0.62237923	30.459
924	0.6227924	30.4604
925	0.6239925	30.4622
926	0.62615926	30.4654
927	0.62695927	30.4665
928	0.62798928	30.4677
929	0.62869929	30.4693
930	0.62991930	30.4717
931	0.63149931	30.4736
932	0.63238932	30.4753
933	0.63374933	30.4771
934	0.63614934	30.4802
935	0.63701935	30.4818
936	0.63731936	30.4824
937	0.63822937	30.4835
938	0.63921938	30.4852
939	0.64096939	30.4884
940	0.64136940	30.4888
941	0.64304941	30.4909
942	0.64508942	30.4931
943	0.64693943	30.4956
944	0.64731944	30.4964
945	0.64869945	30.4986
946	0.65019946	30.5006
947	0.65059947	30.5011
948	0.65127948	30.5024
949	0.65252949	30.504
950	0.65464950	30.5065
951	0.65482951	30.5075
952	0.65629952	30.5095
953	0.65651953	30.5104
954	0.65769954	30.5119
955	0.65849955	30.5132
956	0.65979956	30.5146
957	0.66102957	30.5164
958	0.66139958	30.5176
959	0.66199959	30.5185
960	0.66317960	30.5197
961	0.66471961	30.5217
962	0.66544962	30.5231
963	0.6674963	30.5253
964	0.66884964	30.527
965	0.67019965	30.5289
966	0.67083966	30.5297
967	0.67129967	30.5308
968	0.67202968	30.5318
969	0.67248969	30.5323
970	0.67402970	30.5341
971	0.6747971	30.535
972	0.67615972	30.5371
973	0.67707973	30.5382
974	0.67785974	30.5394
975	0.67821975	30.54
976	0.67824976	30.5401
977	0.67888977	30.5413
978	0.68002978	30.5427
979	0.6806979	30.5436
980	0.68168980	30.5448
981	0.68256981	30.546
982	0.68303982	30.5467
983	0.68415983	30.5478
984	0.68544984	30.5492
985	0.68583985	30.55
986	0.68698986	30.5514
987	0.68806987	30.553
988	0.68884988	30.554
989	0.68973989	30.5552
990	0.69057990	30.5564
991	0.69115991	30.5574
992	0.69101992	30.5572
993	0.69158993	30.5579
994	0.6917994	30.5582
995	0.69179995	30.5586
996	0.69356996	30.5602
997	0.69522997	30.5623
998	0.69573998	30.5629
999	0.69631999	30.5635
1000	0.697481000	30.5651
1001	0.697981001	30.5661
1002	0.69891002	30.5671
1003	0.699661003	30.5682
1004	0.699811004	30.5685
1005	0.70071005	30.5693
1006	0.701751006	30.5704
1007	0.702291007	30.5712
1008	0.703061008	30.5721
1009	0.703921009	30.5732
1010	0.70471010	30.5743
1011	0.704951011	30.5747
1012	0.705791012	30.5755
1013	0.705891013	30.5756
1014	0.705941014	30.5756
1015	0.70641015	30.5763
1016	0.706821016	30.5769
1017	0.707091017	30.5774
1018	0.707931018	30.5784
1019	0.708051019	30.5787
1020	0.708361020	30.5792
1021	0.709181021	30.5801
1022	0.710281022	30.5813
1023	0.711091023	30.5821
1024	0.712031024	30.5832
1025	0.712511025	30.5839
1026	0.713371026	30.5849
1027	0.713761027	30.5855
1028	0.714021028	30.586
1029	0.714761029	30.5868
1030	0.715681030	30.5879
1031	0.716381031	30.5886
1032	0.716731032	30.5889
1033	0.71721033	30.5895
1034	0.717631034	30.59
1035	0.718041035	30.5905
1036	0.718341036	30.591
1037	0.719421037	30.5922
1038	0.719691038	30.5926
1039	0.720221039	30.5931
1040	0.720021040	30.593
1041	0.720291041	30.5932
1042	0.720411042	30.5935
1043	0.720871043	30.5941
1044	0.721351044	30.5946
1045	0.722141045	30.5956
1046	0.722531046	30.596
1047	0.72271047	30.5961
1048	0.722761048	30.5963
1049	0.723821049	30.5974
1050	0.724281050	30.5979
1051	0.724651051	30.5982
1052	0.724441052	30.5981
1053	0.724451053	30.5982
1054	0.724421054	30.5983
1055	0.724881055	30.5988
1056	0.725471056	30.5995
1057	0.725641057	30.5998
1058	0.726171058	30.6004
1059	0.726591059	30.6008
1060	0.727221060	30.6014
1061	0.72731061	30.6015
1062	0.727511062	30.6017
1063	0.727781063	30.602
1064	0.728111064	30.6025
1065	0.728441065	30.6028
1066	0.728941066	30.6034
1067	0.729091067	30.6036
1068	0.729581068	30.6042
1069	0.729821069	30.6044
1070	0.730051070	30.6046
1071	0.730051071	30.6047
1072	0.730471072	30.6052
1073	0.730971073	30.6059
1074	0.730971074	30.6059
1075	0.731191075	30.6062
1076	0.731621076	30.6066
1077	0.731911077	30.6069
1078	0.732151078	30.6071
1079	0.732431079	30.6075
1080	0.732641080	30.6076
1081	0.732721081	30.6078
1082	0.733281082	30.6084
1083	0.73371083	30.6088
1084	0.733511084	30.6086
1085	0.733661085	30.6088
1086	0.734011086	30.6091
1087	0.734251087	30.6094
1088	0.734511088	30.6096
1089	0.73451089	30.6096
1090	0.734761090	30.6099
1091	0.734911091	30.6101
1092	0.735021092	30.6103
1093	0.735431093	30.6107
1094	0.735691094	30.611
1095	0.735661095	30.611
1096	0.735671096	30.611
1097	0.73581097	30.6111
1098	0.736171098	30.6116
1099	0.73651099	30.612
1100	0.736551100	30.612
1101	0.736551101	30.6121
1102	0.736621102	30.6121
1103	0.737181103	30.6127
1104	0.737131104	30.6127
1105	0.737331105	30.6129
1106	0.737451106	30.6131
1107	0.737571107	30.6132
1108	0.737381108	30.613
1109	0.737571109	30.6132
1110	0.737791110	30.6135
1111	0.738081111	30.6137
1112	0.738341112	30.614
1113	0.738241113	30.6139
1114	0.738361114	30.614
1115	0.73851115	30.6142
1116	0.73871116	30.6144
1117	0.739021117	30.6148
1118	0.739211118	30.615
1119	0.739211119	30.615
1120	0.739291120	30.6151
1121	0.739421121	30.6152
1122	0.739441122	30.6152
1123	0.739421123	30.6153
1124	0.739281124	30.6151
1125	0.739561125	30.6154
1126	0.73971126	30.6155
1127	0.739751127	30.6156
1128	0.739821128	30.6157
1129	0.739861129	30.6158
1130	0.739951130	30.6158
1131	0.740011131	30.6159
1132	0.740191132	30.6161
1133	0.740311133	30.6162
1134	0.740451134	30.6164
1135	0.740581135	30.6165
1136	0.740741136	30.6167
1137	0.740771137	30.6167
1138	0.740991138	30.6169
1139	0.740881139	30.6168
1140	0.740711140	30.6167
1141	0.74081141	30.6168
1142	0.740881142	30.6168
1143	0.740951143	30.6169
1144	0.741021144	30.617
1145	0.740971145	30.6169
1146	0.741091146	30.6171
1147	0.741031147	30.617
1148	0.741211148	30.6172
1149	0.741451149	30.6174
1150	0.741451150	30.6174
1151	0.741511151	30.6175
1152	0.741471152	30.6174
1153	0.741441153	30.6174
1154	0.741531154	30.6175
1155	0.741571155	30.6176
1156	0.741661156	30.6177
1157	0.741731157	30.6177
1158	0.741771158	30.6178
1159	0.741881159	30.6179
1160	0.74191160	30.6179
1161	0.741971161	30.618
1162	0.742021162	30.618
1163	0.742051163	30.6181
1164	0.741951164	30.618
1165	0.742051165	30.6181
1166	0.742161166	30.6182
1167	0.742091167	30.6182
1168	0.742161168	30.6182
1169	0.742191169	30.6183
1170	0.742251170	30.6183
1171	0.74231171	30.6184
1172	0.742321172	30.6184
1173	0.742281173	30.6183
1174	0.742191174	30.6182
1175	0.742191175	30.6182
1176	0.742271176	30.6183
1177	0.742291177	30.6184
1178	0.74241178	30.6185
1179	0.742461179	30.6185
1180	0.742491180	30.6185
1181	0.742441181	30.6185
1182	0.742471182	30.6185
1183	0.742541183	30.6186
1184	0.742551184	30.6186
1185	0.742621185	30.6187
1186	0.742661186	30.6187
1187	0.742671187	30.6188
1188	0.742741188	30.6188
1189	0.742771189	30.6189
1190	0.742741190	30.6188
1191	0.742761191	30.6189
1192	0.74281192	30.6189
1193	0.742761193	30.6189
1194	0.742781194	30.6189
1195	0.742741195	30.6188
1196	0.742711196	30.6188
1197	0.742711197	30.6188
1198	0.742731198	30.6188
1199	0.742751199	30.6188
1200	0.742811200	30.6189
1201	0.742811201	30.6189
1202	0.742791202	30.6189
1203	0.742751203	30.6188
1204	0.74281204	30.6189
1205	0.74281205	30.6189
1206	0.742831206	30.6189
1207	0.742821207	30.6189
1208	0.74281208	30.6189
1209	0.74291209	30.619
1210	0.742861210	30.619
1211	0.742871211	30.619
1212	0.742911212	30.619
1213	0.742911213	30.619
1214	0.742871214	30.619
1215	0.742891215	30.619
1216	0.742871216	30.619
1217	0.742881217	30.619
1218	0.742881218	30.619
1219	0.74291219	30.619
1220	0.742881220	30.619
1221	0.742921221	30.619
1222	0.742921222	30.619
1223	0.742941223	30.6191
1224	0.742931224	30.6191
1225	0.742941225	30.6191
1226	0.742951226	30.6191
1227	0.742951227	30.6191
1228	0.742981228	30.6191
1229	0.742981229	30.6191
1230	0.742981230	30.6191
1231	0.742971231	30.6191
1232	0.742981232	30.6191
1233	0.742961233	30.6191
1234	0.742981234	30.6191
1235	0.742981235	30.6191
1236	0.742971236	30.6191
1237	0.742961237	30.6191
1238	0.742971238	30.6191
1239	0.742991239	30.6191
1240	0.742981240	30.6191
1241	0.742981241	30.6191
1242	0.742981242	30.6191
1243	0.742981243	30.6191
1244	0.7431244	30.6191
1245	0.743021245	30.6191
1246	0.7431246	30.6191
1247	0.743011247	30.6191
1248	0.742991248	30.6191
1249	0.742991249	30.6191
1250	0.742981250	30.6191
1251	0.742991251	30.6191
1252	0.743021252	30.6191
1253	0.743021253	30.6191
1254	0.743011254	30.6191
1255	0.7431255	30.6191
1256	0.7431256	30.6191
1257	0.743011257	30.6191
1258	0.743031258	30.6192
1259	0.743031259	30.6192
1260	0.743031260	30.6192
1261	0.743031261	30.6192
1262	0.743031262	30.6192
1263	0.743031263	30.6192
1264	0.743011264	30.6191
1265	0.743011265	30.6191
1266	0.743021266	30.6191
1267	0.743021267	30.6191
1268	0.743021268	30.6191
1269	0.743031269	30.6192
1270	0.743031270	30.6192
1271	0.743031271	30.6192
1272	0.743031272	30.6192
1273	0.743031273	30.6192
1274	0.743031274	30.6192
1275	0.743031275	30.6192
1276	0.743031276	30.6192
1277	0.743031277	30.6192
1278	0.743031278	30.6192
1279	0.743031279	30.6192
1280	0.743031280	30.6192
1281	0.743031281	30.6192
1282	0.743031282	30.6192
1283	0.743031283	30.6192
1284	0.743031284	30.6192
1285	0.743031285	30.6192
1286	0.743031286	30.6192
1287	0.743031287	30.6192
1288	0.743031288	30.6192
1289	0.743031289	30.6192
1290	0.743031290	30.6192
1291	0.743021291	30.6191
1292	0.743021292	30.6191
1293	0.743021293	30.6191
1294	0.743021294	30.6191
1295	0.743021295	30.6191
1296	0.743021296	30.6191
1297	0.743021297	30.6191
1298	0.743021298	30.6191
1299	0.743031299	30.6192
1300	0.743031300	30.6192
1301	0.743031301	30.6192
1302	0.743031302	30.6192
1303	0.743031303	30.6192
1304	0.743031304	30.6192
1305	0.743031305	30.6192
1306	0.743031306	30.6192
1307	0.743031307	30.6192
1308	0.743031308	30.6192
1309	0.743031309	30.6192
1310	0.743031310	30.6192
1311	0.743031311	30.6192
1312	0.743031312	30.6192
1313	0.743031313	30.6192
1314	0.743031314	30.6192
1315	0.743031315	30.6192
1316	0.743031316	30.6192
1317	0.743031317	30.6192
1318	0.743031318	30.6192
1319	0.743031319	30.6192
1320	0.743031320	30.6192
1321	0.743031321	30.6192
1322	0.743031322	30.6192
1323	0.743031323	30.6192
1324	0.743031324	30.6192
1325	0.743031325	30.6192
1326	0.743031326	30.6192
1327	0.743031327	30.6192
1328	0.743031328	30.6192
1329	0.743031329	30.6192
1330	0.743031330	30.6192
1331	0.743031331	30.6192
1332	0.743031332	30.6192
1333	0.743031333	30.6192
1334	0.743031334	30.6192
1335	0.743031335	30.6192
1336	0.743031336	30.6192
1337	0.743031337	30.6192
1338	0.743031338	30.6192
1339	0.743031339	30.6192
1340	0.743031340	30.6192
1341	0.743031341	30.6192
1342	0.743031342	30.6192
1343	0.743031343	30.6192
1344	0.743031344	30.6192
1345	0.743031345	30.6192
1346	0.743031346	30.6192
1347	0.743031347	30.6192
1348	0.743031348	30.6192
1349	0.743031349	30.6192
1350	0.743031350	30.6192
1351	0.743031351	30.6192
1352	0.743031352	30.6192
1353	0.743031353	30.6192
1354	0.743031354	30.6192
1355	0.743031355	30.6192
1356	0.743031356	30.6192
1357	0.743031357	30.6192
1358	0.743031358	30.6192
1359	0.743031359	30.6192
1360	0.743031360	30.6192
1361	0.743031361	30.6192
1362	0.743031362	30.6192
1363	0.743031363	30.6192
1364	0.743031364	30.6192
1365	0.743031365	30.6192
1366	0.743031366	30.6192
1367	0.743031367	30.6192
1368	0.743031368	30.6192
1369	0.743031369	30.6192
1370	0.743031370	30.6192
1371	0.743031371	30.6192
1372	0.743031372	30.6192
1373	0.743031373	30.6192
1374	0.743031374	30.6192
1375	0.743031375	30.6192
1376	0.743031376	30.6192
1377	0.743031377	30.6192
1378	0.743031378	30.6192
1379	0.743031379	30.6192
1380	0.743031380	30.6192
1381	0.743031381	30.6192
1382	0.743031382	30.6192
1383	0.743031383	30.6192
1384	0.743031384	30.6192
1385	0.743031385	30.6192
1386	0.743031386	30.6192
1387	0.743031387	30.6192
1388	0.743031388	30.6192
1389	0.743031389	30.6192
1390	0.743031390	30.6192
1391	0.743031391	30.6192
1392	0.743031392	30.6192
1393	0.743031393	30.6192
1394	0.743031394	30.6192
1395	0.743031395	30.6192
1396	0.743031396	30.6192
1397	0.743031397	30.6192
1398	0.743031398	30.6192
1399	0.743031399	30.6192
1400	0.743031400	30.6192
1401	0.743031401	30.6192
1402	0.743031402	30.6192
1403	0.743031403	30.6192
1404	0.743031404	30.6192
1405	0.743031405	30.6192
1406	0.743031406	30.6192
1407	0.743031407	30.6192
1408	0.743031408	30.6192
1409	0.743031409	30.6192
1410	0.743031410	30.6192
1411	0.743031411	30.6192
1412	0.743031412	30.6192
1413	0.743031413	30.6192
1414	0.743031414	30.6192
1415	0.743031415	30.6192
1416	0.743031416	30.6192
1417	0.743031417	30.6192
1418	0.743031418	30.6192
1419	0.743031419	30.6192
1420	0.743031420	30.6192
1421	0.743031421	30.6192
1422	0.743031422	30.6192
1423	0.743031423	30.6192
1424	0.743031424	30.6192
1425	0.743031425	30.6192
1426	0.743031426	30.6192
1427	0.743031427	30.6192
1428	0.743031428	30.6192
1429	0.743031429	30.6192
1430	0.743031430	30.6192
1431	0.743031431	30.6192
1432	0.743031432	30.6192
1433	0.743031433	30.6192
1434	0.743031434	30.6192
1435	0.743031435	30.6192
1436	0.743031436	30.6192
1437	0.743031437	30.6192
1438	0.743031438	30.6192
1439	0.743031439	30.6192
1440	0.743031440	30.6192
1441	0.743031441	30.6192
1442	0.743031442	30.6192
1443	0.743031443	30.6192
1444	0.743031444	30.6192
1445	0.743031445	30.6192
1446	0.743031446	30.6192
1447	0.743031447	30.6192
1448	0.743031448	30.6192
1449	0.743031449	30.6192
1450	0.743031450	30.6192
1451	0.743031451	30.6192
1452	0.743031452	30.6192
1453	0.743031453	30.6192
1454	0.743031454	30.6192
1455	0.743031455	30.6192
1456	0.743031456	30.6192
1457	0.743031457	30.6192
1458	0.743031458	30.6192
1459	0.743031459	30.6192
1460	0.743031460	30.6192
1461	0.743031461	30.6192
1462	0.743031462	30.6192
1463	0.743031463	30.6192
1464	0.743031464	30.6192
1465	0.743031465	30.6192
1466	0.743031466	30.6192
1467	0.743031467	30.6192
1468	0.743031468	30.6192
1469	0.743031469	30.6192
1470	0.743031470	30.6192
1471	0.743031471	30.6192
1472	0.743031472	30.6192
1473	0.743031473	30.6192
1474	0.743031474	30.6192
1475	0.743031475	30.6192
1476	0.743031476	30.6192
1477	0.743031477	30.6192
1478	0.743031478	30.6192
1479	0.743031479	30.6192
1480	0.743031480	30.6192
1481	0.743031481	30.6192
1482	0.743031482	30.6192
1483	0.743031483	30.6192
1484	0.743031484	30.6192
1485	0.743031485	30.6192
1486	0.743031486	30.6192
1487	0.743031487	30.6192
1488	0.743031488	30.6192
1489	0.743031489	30.6192
1490	0.743031490	30.6192
1491	0.743031491	30.6192
1492	0.743031492	30.6192
1493	0.743031493	30.6192
1494	0.743031494	30.6192
1495	0.743031495	30.6192
1496	0.743031496	30.6192
1497	0.743031497	30.6192
1498	0.743031498	30.6192
1499	0.743031499	30.6192
1500	0.743031500	30.6192
1501	0.743031501	30.6192
1502	0.743031502	30.6192
1503	0.743031503	30.6192
1504	0.743031504	30.6192
1505	0.743031505	30.6192
1506	0.743031506	30.6192
1507	0.743031507	30.6192
1508	0.743031508	30.6192
1509	0.743031509	30.6192
1510	0.743031510	30.6192
1511	0.743031511	30.6192
1512	0.743031512	30.6192
1513	0.743031513	30.6192
1514	0.743031514	30.6192
1515	0.743031515	30.6192
1516	0.743031516	30.6192
1517	0.743031517	30.6192
1518	0.743031518	30.6192
1519	0.743031519	30.6192
1520	0.743031520	30.6192
1521	0.743031521	30.6192
1522	0.743031522	30.6192
1523	0.743031523	30.6192
1524	0.743031524	30.6192
1525	0.743031525	30.6192
1526	0.743031526	30.6192
1527	0.743031527	30.6192
1528	0.743031528	30.6192
1529	0.743031529	30.6192
1530	0.743031530	30.6192
1531	0.743031531	30.6192
1532	0.743031532	30.6192
1533	0.743031533	30.6192
1534	0.743031534	30.6192
1535	0.743031535	30.6192
1536	0.743031536	30.6192
1537	0.743031537	30.6192
1538	0.743031538	30.6192
1539	0.743031539	30.6192
1540	0.743031540	30.6192
1541	0.743031541	30.6192
1542	0.743031542	30.6192
1543	0.743031543	30.6192
1544	0.743031544	30.6192
1545	0.743031545	30.6192
1546	0.743031546	30.6192
1547	0.743031547	30.6192
1548	0.743031548	30.6192
1549	0.743031549	30.6192
1550	0.743031550	30.6192
1551	0.743031551	30.6192
1552	0.743031552	30.6192
1553	0.743031553	30.6192
1554	0.743031554	30.6192
1555	0.743031555	30.6192
1556	0.743031556	30.6192
1557	0.743031557	30.6192
1558	0.743031558	30.6192
1559	0.743031559	30.6192
1560	0.743031560	30.6192
1561	0.743031561	30.6192
1562	0.743031562	30.6192
1563	0.743031563	30.6192
1564	0.743031564	30.6192
1565	0.743031565	30.6192
1566	0.743031566	30.6192
1567	0.743031567	30.6192
1568	0.743031568	30.6192
1569	0.743031569	30.6192
1570	0.743031570	30.6192
1571	0.743031571	30.6192
1572	0.743031572	30.6192
1573	0.743031573	30.6192
1574	0.743031574	30.6192
1575	0.743031575	30.6192
1576	0.743031576	30.6192
1577	0.743031577	30.6192
1578	0.743031578	30.6192
1579	0.743031579	30.6192
1580	0.743031580	30.6192
1581	0.743031581	30.6192
1582	0.743031582	30.6192
1583	0.743031583	30.6192
1584	0.743031584	30.6192
1585	0.743031585	30.6192
1586	0.743031586	30.6192
1587	0.743031587	30.6192
1588	0.743031588	30.6192
1589	0.743031589	30.6192
1590	0.743031590	30.6192
1591	0.743031591	30.6192
1592	0.743031592	30.6192
1593	0.743031593	30.6192
1594	0.743031594	30.6192
1595	0.743031595	30.6192
1596	0.743031596	30.6192
1597	0.743031597	30.6192
1598	0.743031598	30.6192
1599	0.743031599	30.6192
1600	0.743031600	30.6192
1601	0.743031601	30.6192
1602	0.743031602	30.6192
1603	0.743031603	30.6192
1604	0.743031604	30.6192
1605	0.743031605	30.6192
1606	0.743031606	30.6192
1607	0.743031607	30.6192
1608	0.743031608	30.6192
1609	0.743031609	30.6192
1610	0.743031610	30.6192
1611	0.743031611	30.6192
1612	0.743031612	30.6192
1613	0.743031613	30.6192
1614	0.743031614	30.6192
1615	0.743031615	30.6192
1616	0.743031616	30.6192
1617	0.743031617	30.6192
1618	0.743031618	30.6192
1619	0.743031619	30.6192
1620	0.743031620	30.6192
1621	0.743031621	30.6192
1622	0.743031622	30.6192
1623	0.743031623	30.6192
1624	0.743031624	30.6192
1625	0.743031625	30.6192
1626	0.743031626	30.6192
1627	0.743031627	30.6192
1628	0.743031628	30.6192
1629	0.743031629	30.6192
1630	0.743031630	30.6192
1631	0.743031631	30.6192
1632	0.743031632	30.6192
1633	0.743031633	30.6192
1634	0.743031634	30.6192
1635	0.743031635	30.6192
1636	0.743031636	30.6192
1637	0.743031637	30.6192
1638	0.743031638	30.6192
1639	0.743031639	30.6192
1640	0.743031640	30.6192
1641	0.743031641	30.6192
1642	0.743031642	30.6192
1643	0.743031643	30.6192
1644	0.743031644	30.6192
1645	0.743031645	30.6192
1646	0.743031646	30.6192
1647	0.743031647	30.6192
1648	0.743031648	30.6192
1649	0.743031649	30.6192
1650	0.743031650	30.6192
1651	0.743031651	30.6192
1652	0.743031652	30.6192
1653	0.743031653	30.6192
1654	0.743031654	30.6192
1655	0.743031655	30.6192
1656	0.743031656	30.6192
1657	0.743031657	30.6192
1658	0.743031658	30.6192
1659	0.743031659	30.6192
1660	0.743031660	30.6192
1661	0.743031661	30.6192
1662	0.743031662	30.6192
1663	0.743031663	30.6192
1664	0.743031664	30.6192
1665	0.743031665	30.6192
1666	0.743031666	30.6192
1667	0.743031667	30.6192
1668	0.743031668	30.6192
1669	0.743031669	30.6192
1670	0.743031670	30.6192
1671	0.743031671	30.6192
1672	0.743031672	30.6192
1673	0.743031673	30.6192
1674	0.743031674	30.6192
1675	0.743031675	30.6192
1676	0.743031676	30.6192
1677	0.743031677	30.6192
1678	0.743031678	30.6192
1679	0.743031679	30.6192
1680	0.743031680	30.6192
1681	0.743031681	30.6192
1682	0.743031682	30.6192
1683	0.743031683	30.6192
1684	0.743031684	30.6192
1685	0.743031685	30.6192
1686	0.743031686	30.6192
1687	0.743031687	30.6192
1688	0.743031688	30.6192
1689	0.743031689	30.6192
1690	0.743031690	30.6192
1691	0.743031691	30.6192
1692	0.743031692	30.6192
1693	0.743031693	30.6192
1694	0.743031694	30.6192
1695	0.743031695	30.6192
1696	0.743031696	30.6192
1697	0.743031697	30.6192
1698	0.743031698	30.6192
1699	0.743031699	30.6192
1700	0.743031700	30.6192
1701	0.743031701	30.6192
1702	0.743031702	30.6192
1703	0.743031703	30.6192
1704	0.743031704	30.6192
1705	0.743031705	30.6192
1706	0.743031706	30.6192
1707	0.743031707	30.6192
1708	0.743031708	30.6192
1709	0.743031709	30.6192
1710	0.743031710	30.6192
1711	0.743031711	30.6192
1712	0.743031712	30.6192
1713	0.743031713	30.6192
1714	0.743031714	30.6192
1715	0.743031715	30.6192
1716	0.743031716	30.6192
1717	0.743031717	30.6192
1718	0.743031718	30.6192
1719	0.743031719	30.6192
1720	0.743031720	30.6192
1721	0.743031721	30.6192
1722	0.743031722	30.6192
1723	0.743031723	30.6192
1724	0.743031724	30.6192
1725	0.743031725	30.6192
1726	0.743031726	30.6192
1727	0.743031727	30.6192
1728	0.743031728	30.6192
1729	0.743031729	30.6192
1730	0.743031730	30.6192
1731	0.743031731	30.6192
1732	0.743031732	30.6192
1733	0.743031733	30.6192
1734	0.743031734	30.6192
1735	0.743031735	30.6192
1736	0.743031736	30.6192
1737	0.743031737	30.6192
1738	0.743031738	30.6192
1739	0.743031739	30.6192
1740	0.743031740	30.6192
1741	0.743031741	30.6192
1742	0.743031742	30.6192
1743	0.743031743	30.6192
1744	0.743031744	30.6192
1745	0.743031745	30.6192
1746	0.743031746	30.6192
1747	0.743031747	30.6192
1748	0.743031748	30.6192
1749	0.743031749	30.6192
1750	0.743031750	30.6192
1751	0.743031751	30.6192
1752	0.743031752	30.6192
1753	0.743031753	30.6192
1754	0.743031754	30.6192
1755	0.743031755	30.6192
1756	0.743031756	30.6192
1757	0.743031757	30.6192
1758	0.743031758	30.6192
1759	0.743031759	30.6192
1760	0.743031760	30.6192
1761	0.743031761	30.6192
1762	0.743031762	30.6192
1763	0.743031763	30.6192
1764	0.743031764	30.6192
1765	0.743031765	30.6192
1766	0.743031766	30.6192
1767	0.743031767	30.6192
1768	0.743031768	30.6192
1769	0.743031769	30.6192
1770	0.743031770	30.6192
1771	0.743031771	30.6192
1772	0.743031772	30.6192
1773	0.743031773	30.6192
1774	0.743031774	30.6192
1775	0.743031775	30.6192
1776	0.743031776	30.6192
1777	0.743031777	30.6192
1778	0.743031778	30.6192
1779	0.743031779	30.6192
1780	0.743031780	30.6192
1781	0.743031781	30.6192
1782	0.743031782	30.6192
1783	0.743031783	30.6192
1784	0.743031784	30.6192
1785	0.743031785	30.6192
1786	0.743031786	30.6192
1787	0.743031787	30.6192
1788	0.743031788	30.6192
1789	0.743031789	30.6192
1790	0.743031790	30.6192
1791	0.743031791	30.6192
1792	0.743031792	30.6192
1793	0.743031793	30.6192
1794	0.743031794	30.6192
1795	0.743031795	30.6192
1796	0.743031796	30.6192
1797	0.743031797	30.6192
1798	0.743031798	30.6192
1799	0.743031799	30.6192
1800	0.743031800	30.6192
1801	0.743031801	30.6192
1802	0.743031802	30.6192
1803	0.743031803	30.6192
1804	0.743031804	30.6192
1805	0.743031805	30.6192
1806	0.743031806	30.6192
1807	0.743031807	30.6192
1808	0.743031808	30.6192
1809	0.743031809	30.6192
1810	0.743031810	30.6192
1811	0.743031811	30.6192
1812	0.743031812	30.6192
1813	0.743031813	30.6192
1814	0.743031814	30.6192
1815	0.743031815	30.6192
1816	0.743031816	30.6192
1817	0.743031817	30.6192
1818	0.743031818	30.6192
1819	0.743031819	30.6192
1820	0.743031820	30.6192
1821	0.743031821	30.6192
1822	0.743031822	30.6192
1823	0.743031823	30.6192
1824	0.743031824	30.6192
1825	0.743031825	30.6192
1826	0.743031826	30.6192
1827	0.743031827	30.6192
1828	0.743031828	30.6192
1829	0.743031829	30.6192
1830	0.743031830	30.6192
1831	0.743031831	30.6192
1832	0.743031832	30.6192
1833	0.743031833	30.6192
1834	0.743031834	30.6192
1835	0.743031835	30.6192
1836	0.743031836	30.6192
1837	0.743031837	30.6192
1838	0.743031838	30.6192
1839	0.743031839	30.6192
1840	0.743031840	30.6192
1841	0.743031841	30.6192
1842	0.743031842	30.6192
1843	0.743031843	30.6192
1844	0.743031844	30.6192
1845	0.743031845	30.6192
1846	0.743031846	30.6192
1847	0.743031847	30.6192
1848	0.743031848	30.6192
1849	0.743031849	30.6192
1850	0.743031850	30.6192
1851	0.743031851	30.6192
1852	0.743031852	30.6192
1853	0.743031853	30.6192
1854	0.743031854	30.6192
1855	0.743031855	30.6192
1856	0.743031856	30.6192
1857	0.743031857	30.6192
1858	0.743031858	30.6192
1859	0.743031859	30.6192
1860	0.743031860	30.6192
1861	0.743031861	30.6192
1862	0.743031862	30.6192
1863	0.743031863	30.6192
1864	0.743031864	30.6192
1865	0.743031865	30.6192
1866	0.743031866	30.6192
1867	0.743031867	30.6192
1868	0.743031868	30.6192
1869	0.743031869	30.6192
1870	0.743031870	30.6192
1871	0.743031871	30.6192
1872	0.743031872	30.6192
1873	0.743031873	30.6192
1874	0.743031874	30.6192
1875	0.743031875	30.6192
1876	0.743031876	30.6192
1877	0.743031877	30.6192
1878	0.743031878	30.6192
1879	0.743031879	30.6192
1880	0.743031880	30.6192
1881	0.743031881	30.6192
1882	0.743031882	30.6192
1883	0.743031883	30.6192
1884	0.743031884	30.6192
1885	0.743031885	30.6192
1886	0.743031886	30.6192
1887	0.743031887	30.6192
1888	0.743031888	30.6192
1889	0.743031889	30.6192
1890	0.743031890	30.6192
1891	0.743031891	30.6192
1892	0.743031892	30.6192
1893	0.743031893	30.6192
1894	0.743031894	30.6192
1895	0.743031895	30.6192
1896	0.743031896	30.6192
1897	0.743031897	30.6192
1898	0.743031898	30.6192
1899	0.743031899	30.6192
1900	0.743031900	30.6192
1901	0.743031901	30.6192
1902	0.743031902	30.6192
1903	0.743031903	30.6192
1904	0.743031904	30.6192
1905	0.743031905	30.6192
1906	0.743031906	30.6192
1907	0.743031907	30.6192
1908	0.743031908	30.6192
1909	0.743031909	30.6192
1910	0.743031910	30.6192
1911	0.743031911	30.6192
1912	0.743031912	30.6192
1913	0.743031913	30.6192
1914	0.743031914	30.6192
1915	0.743031915	30.6192
1916	0.743031916	30.6192
1917	0.743031917	30.6192
1918	0.743031918	30.6192
1919	0.743031919	30.6192
1920	0.743031920	30.6192
1921	0.743031921	30.6192
1922	0.743031922	30.6192
1923	0.743031923	30.6192
1924	0.743031924	30.6192
1925	0.743031925	30.6192
1926	0.743031926	30.6192
1927	0.743031927	30.6192
1928	0.743031928	30.6192
1929	0.743031929	30.6192
1930	0.743031930	30.6192
1931	0.743031931	30.6192
1932	0.743031932	30.6192
1933	0.743031933	30.6192
1934	0.743031934	30.6192
1935	0.743031935	30.6192
1936	0.743031936	30.6192
1937	0.743031937	30.6192
1938	0.743031938	30.6192
1939	0.743031939	30.6192
1940	0.743031940	30.6192
1941	0.743031941	30.6192
1942	0.743031942	30.6192
1943	0.743031943	30.6192
1944	0.743031944	30.6192
1945	0.743031945	30.6192
1946	0.743031946	30.6192
1947	0.743031947	30.6192
1948	0.743031948	30.6192
1949	0.743031949	30.6192
1950	0.743031950	30.6192
1951	0.743031951	30.6192
1952	0.743031952	30.6192
1953	0.743031953	30.6192
1954	0.743031954	30.6192
1955	0.743031955	30.6192
1956	0.743031956	30.6192
1957	0.743031957	30.6192
1958	0.743031958	30.6192
1959	0.743031959	30.6192
1960	0.743031960	30.6192
1961	0.743031961	30.6192
1962	0.743031962	30.6192
1963	0.743031963	30.6192
1964	0.743031964	30.6192
1965	0.743031965	30.6192
1966	0.743031966	30.6192
1967	0.743031967	30.6192
1968	0.743031968	30.6192
1969	0.743031969	30.6192
1970	0.743031970	30.6192
1971	0.743031971	30.6192
1972	0.743031972	30.6192
1973	0.743031973	30.6192
1974	0.743031974	30.6192
1975	0.743031975	30.6192
1976	0.743031976	30.6192
1977	0.743031977	30.6192
1978	0.743031978	30.6192
1979	0.743031979	30.6192
1980	0.743031980	30.6192
1981	0.743031981	30.6192
1982	0.743031982	30.6192
1983	0.743031983	30.6192
1984	0.743031984	30.6192
1985	0.743031985	30.6192
1986	0.743031986	30.6192
1987	0.743031987	30.6192
1988	0.743031988	30.6192
1989	0.743031989	30.6192
1990	0.743031990	30.6192
1991	0.743031991	30.6192
1992	0.743031992	30.6192
1993	0.743031993	30.6192
1994	0.743031994	30.6192
1995	0.743031995	30.6192
1996	0.743031996	30.6192
1997	0.743031997	30.6192
1998	0.743031998	30.6192
1999	0.743031999	30.6192
