# Generation	ratio_optimal	mean_fitness
0	0.030960	15.519
1	0.04271	17.955
2	0.038292	16.5179
3	0.043343	17.6153
4	0.040954	16.8693
5	0.043155	17.4823
6	0.0426	17.0587
7	0.043647	17.436
8	0.042378	17.13
9	0.041989	17.322
10	0.0425110	17.2438
11	0.0421311	17.2959
12	0.0424212	17.2544
13	0.0423713	17.3108
14	0.0429914	17.3085
15	0.0427415	17.3338
16	0.0429316	17.3113
17	0.043117	17.359
18	0.0425518	17.2965
19	0.0433119	17.3916
20	0.0433120	17.3377
21	0.0445221	17.4194
22	0.0422122	17.3595
23	0.0438923	17.4193
24	0.0429624	17.4239
25	0.0433225	17.4034
26	0.0431926	17.4351
27	0.0435227	17.3929
28	0.0438628	17.4335
29	0.0436329	17.4198
30	0.0441730	17.4845
31	0.0440231	17.4487
32	0.0436432	17.4733
33	0.0448733	17.5137
34	0.044334	17.5286
35	0.0444135	17.4856
36	0.045136	17.5208
37	0.0448837	17.498
38	0.045638	17.5675
39	0.044939	17.5782
40	0.0450540	17.5533
41	0.0455741	17.612
42	0.0448242	17.5473
43	0.0445343	17.5878
44	0.0448544	17.6236
45	0.0440345	17.6185
46	0.0447946	17.5865
47	0.0451247	17.6837
48	0.0456148	17.6606
49	0.0450849	17.6506
50	0.0444850	17.623
51	0.0457651	17.7053
52	0.0447252	17.6321
53	0.045653	17.7332
54	0.0455154	17.6768
55	0.0460255	17.765
56	0.0458256	17.6414
57	0.0457357	17.7826
58	0.0452858	17.7147
59	0.0454159	17.7818
60	0.0470560	17.857
61	0.0459161	17.7714
62	0.0465762	17.8301
63	0.0461363	17.7914
64	0.0466964	17.8579
65	0.0464665	17.8322
66	0.047866	17.8263
67	0.0469667	17.8281
68	0.0463468	17.8262
69	0.0466669	17.85
70	0.0463670	17.9038
71	0.0477271	17.887
72	0.0492272	17.9435
73	0.049273	17.9116
74	0.0486174	17.9395
75	0.0486875	17.9527
76	0.0481376	17.9646
77	0.047677	17.9121
78	0.0477378	18.0202
79	0.0479279	17.9175
80	0.0475880	17.9636
81	0.0485281	17.9911
82	0.048482	17.9981
83	0.0486483	18.0705
84	0.0476184	18.0343
85	0.04785	18.1014
86	0.0480886	18.0169
87	0.0480587	18.0933
88	0.0493388	18.0837
89	0.0488489	18.0791
90	0.0492890	18.0879
91	0.0488891	18.164
92	0.0500892	18.1378
93	0.0488893	18.1958
94	0.0490894	18.1858
95	0.0493395	18.1939
96	0.0494296	18.2016
97	0.0488997	18.1701
98	0.0505998	18.2601
99	0.0497499	18.1939
100	0.04924100	18.2516
101	0.04948101	18.2526
102	0.04964102	18.2858
103	0.04985103	18.284
104	0.05066104	18.2869
105	0.0506105	18.3585
106	0.05139106	18.4177
107	0.05056107	18.2924
108	0.04982108	18.3656
109	0.05141109	18.353
110	0.0515110	18.4327
111	0.05034111	18.3466
112	0.05019112	18.3986
113	0.05014113	18.4073
114	0.05088114	18.4673
115	0.05197115	18.4553
116	0.05246116	18.4849
117	0.05165117	18.4296
118	0.05174118	18.5192
119	0.05147119	18.5146
120	0.05148120	18.4903
121	0.0517121	18.572
122	0.05185122	18.5303
123	0.052123	18.6126
124	0.05234124	18.6027
125	0.05182125	18.6045
126	0.05209126	18.6354
127	0.05334127	18.6252
128	0.0527128	18.6485
129	0.0528129	18.6903
130	0.05207130	18.6371
131	0.05277131	18.7094
132	0.05305132	18.6751
133	0.05299133	18.7427
134	0.05397134	18.7514
135	0.05324135	18.7356
136	0.05416136	18.7635
137	0.0537137	18.7682
138	0.05404138	18.7532
139	0.05503139	18.8452
140	0.05458140	18.826
141	0.05393141	18.833
142	0.0546142	18.8659
143	0.05474143	18.8049
144	0.05423144	18.9155
145	0.0543145	18.8924
146	0.05442146	18.8944
147	0.05626147	18.9669
148	0.05607148	18.9281
149	0.05576149	18.976
150	0.05532150	18.9375
151	0.05597151	19.0198
152	0.05653152	19.0145
153	0.05593153	19.0791
154	0.05676154	19.0007
155	0.05666155	19.0968
156	0.05605156	19.1068
157	0.05658157	19.0965
158	0.05609158	19.1337
159	0.05612159	19.1037
160	0.05585160	19.1424
161	0.0557161	19.1292
162	0.05622162	19.2039
163	0.05662163	19.1946
164	0.05662164	19.2292
165	0.05662165	19.2674
166	0.05647166	19.2291
167	0.05688167	19.2532
168	0.05835168	19.3296
169	0.05691169	19.2855
170	0.05754170	19.3361
171	0.05764171	19.3267
172	0.05797172	19.3536
173	0.05902173	19.3796
174	0.05969174	19.4371
175	0.06041175	19.4313
176	0.06121176	19.4536
177	0.06094177	19.4522
178	0.06038178	19.4733
179	0.06049179	19.4902
180	0.05956180	19.545
181	0.05944181	19.5046
182	0.05962182	19.5497
183	0.06099183	19.5806
184	0.06081184	19.6063
185	0.0614185	19.6209
186	0.06187186	19.6203
187	0.06213187	19.637
188	0.06183188	19.6897
189	0.06181189	19.6766
190	0.0627190	19.7285
191	0.06153191	19.7109
192	0.06166192	19.7624
193	0.06218193	19.7382
194	0.06196194	19.7918
195	0.06253195	19.82
196	0.06251196	19.82
197	0.06335197	19.854
198	0.06307198	19.858
199	0.06308199	19.8804
200	0.0631200	19.9092
201	0.06401201	19.8968
202	0.06454202	19.9524
203	0.06428203	19.946
204	0.0645204	19.9703
205	0.06515205	19.9824
206	0.06502206	20.0141
207	0.06561207	20.001
208	0.06619208	20.0831
209	0.06569209	20.0913
210	0.06568210	20.117
211	0.06578211	20.1055
212	0.06578212	20.1782
213	0.06572213	20.1787
214	0.06718214	20.2059
215	0.06577215	20.1874
216	0.06663216	20.2307
217	0.06706217	20.2363
218	0.06672218	20.2967
219	0.06709219	20.278
220	0.06705220	20.2937
221	0.06724221	20.2859
222	0.06805222	20.3659
223	0.06764223	20.3401
224	0.06767224	20.3976
225	0.068225	20.387
226	0.06806226	20.4572
227	0.06851227	20.4721
228	0.06828228	20.4199
229	0.06986229	20.5053
230	0.06995230	20.5089
231	0.0708231	20.5634
232	0.07071232	20.6086
233	0.07118233	20.5945
234	0.07164234	20.5885
235	0.07216235	20.616
236	0.07164236	20.6454
237	0.0727237	20.6899
238	0.07243238	20.7392
239	0.07211239	20.7244
240	0.07186240	20.7387
241	0.07301241	20.7486
242	0.0731242	20.7934
243	0.07286243	20.8109
244	0.07362244	20.8259
245	0.07402245	20.8838
246	0.0735246	20.8834
247	0.07306247	20.8825
248	0.07387248	20.922
249	0.07363249	20.9801
250	0.07454250	20.975
251	0.07502251	21.0082
252	0.07617252	21.0915
253	0.07632253	21.0225
254	0.07653254	21.1208
255	0.07627255	21.0698
256	0.0764256	21.1317
257	0.07548257	21.1549
258	0.07543258	21.1844
259	0.07575259	21.1834
260	0.07611260	21.2241
261	0.07612261	21.2271
262	0.07704262	21.2873
263	0.07865263	21.2877
264	0.07858264	21.3155
265	0.07902265	21.3509
266	0.07935266	21.3949
267	0.0796267	21.4165
268	0.07906268	21.3826
269	0.07946269	21.4335
270	0.08074270	21.4641
271	0.08014271	21.4443
272	0.08157272	21.5049
273	0.08145273	21.4984
274	0.08128274	21.514
275	0.08187275	21.5777
276	0.08194276	21.5982
277	0.08271277	21.617
278	0.08307278	21.6686
279	0.08267279	21.6829
280	0.08298280	21.7295
281	0.08275281	21.6998
282	0.0823282	21.6871
283	0.08233283	21.7742
284	0.08309284	21.8162
285	0.08279285	21.8206
286	0.08349286	21.8317
287	0.08348287	21.8561
288	0.08308288	21.8408
289	0.08363289	21.8729
290	0.0854290	21.9579
291	0.08582291	21.9545
292	0.08693292	21.9925
293	0.08722293	22.0251
294	0.08742294	22.0429
295	0.08787295	22.0995
296	0.08812296	22.1237
297	0.08836297	22.1276
298	0.0894298	22.1719
299	0.0897299	22.1991
300	0.09104300	22.2802
301	0.0907301	22.2656
302	0.09115302	22.2854
303	0.09099303	22.2713
304	0.0918304	22.297
305	0.09147305	22.3083
306	0.09151306	22.3529
307	0.09197307	22.3701
308	0.09187308	22.3753
309	0.09245309	22.432
310	0.09286310	22.4665
311	0.09372311	22.5296
312	0.09318312	22.4825
313	0.09352313	22.5168
314	0.09369314	22.5748
315	0.09427315	22.5861
316	0.09501316	22.6744
317	0.09455317	22.6494
318	0.09486318	22.6686
319	0.09607319	22.706
320	0.09644320	22.7339
321	0.09681321	22.7719
322	0.09742322	22.7803
323	0.09828323	22.7851
324	0.0993324	22.8594
325	0.09943325	22.8371
326	0.09961326	22.9178
327	0.09899327	22.9365
328	0.10027328	22.9364
329	0.10015329	22.9847
330	0.10067330	22.9657
331	0.10183331	23.0156
332	0.10163332	23.0609
333	0.10303333	23.0866
334	0.10286334	23.1059
335	0.1029335	23.1423
336	0.10296336	23.1502
337	0.10378337	23.1922
338	0.10385338	23.2305
339	0.10387339	23.2309
340	0.1043340	23.2726
341	0.10511341	23.259
342	0.105342	23.315
343	0.10532343	23.3577
344	0.10506344	23.3425
345	0.1056345	23.4002
346	0.10602346	23.4362
347	0.10631347	23.4418
348	0.10632348	23.499
349	0.10708349	23.4991
350	0.10813350	23.5208
351	0.10872351	23.6067
352	0.10924352	23.6385
353	0.10908353	23.6221
354	0.10858354	23.6451
355	0.10971355	23.6781
356	0.11016356	23.7029
357	0.11076357	23.7635
358	0.11105358	23.7534
359	0.11143359	23.7828
360	0.11262360	23.8194
361	0.11301361	23.8578
362	0.11369362	23.876
363	0.11414363	23.8954
364	0.114364	23.9287
365	0.11468365	23.9513
366	0.11494366	23.99
367	0.11534367	23.9756
368	0.11617368	23.9921
369	0.1164369	24.0125
370	0.11713370	24.0402
371	0.11801371	24.0828
372	0.11858372	24.1048
373	0.11873373	24.1184
374	0.11847374	24.1448
375	0.11899375	24.1831
376	0.11972376	24.196
377	0.11991377	24.2378
378	0.12023378	24.2507
379	0.12055379	24.3175
380	0.12096380	24.3361
381	0.12137381	24.3582
382	0.12218382	24.3721
383	0.12253383	24.4095
384	0.12346384	24.4243
385	0.12362385	24.4443
386	0.12406386	24.4736
387	0.12437387	24.5072
388	0.12497388	24.541
389	0.12583389	24.5698
390	0.12619390	24.5578
391	0.12736391	24.6053
392	0.12731392	24.6254
393	0.12784393	24.6832
394	0.12813394	24.6771
395	0.12844395	24.6885
396	0.12884396	24.7054
397	0.12912397	24.739
398	0.12958398	24.7626
399	0.12989399	24.8006
400	0.13052400	24.8462
401	0.13057401	24.8403
402	0.13089402	24.862
403	0.13182403	24.8915
404	0.13287404	24.9426
405	0.13325405	24.9551
406	0.13348406	24.9979
407	0.13384407	25.0061
408	0.13445408	25.0241
409	0.13458409	25.0434
410	0.1349410	25.072
411	0.13598411	25.1014
412	0.13654412	25.1242
413	0.13688413	25.1384
414	0.13772414	25.1697
415	0.1385415	25.2113
416	0.13854416	25.2272
417	0.13919417	25.2394
418	0.13952418	25.2574
419	0.14003419	25.2685
420	0.14061420	25.3096
421	0.1408421	25.3216
422	0.14126422	25.3548
423	0.14134423	25.3759
424	0.14203424	25.3896
425	0.14202425	25.3921
426	0.14289426	25.4461
427	0.14282427	25.4449
428	0.14317428	25.4557
429	0.14389429	25.5048
430	0.14403430	25.5166
431	0.14444431	25.5369
432	0.14479432	25.5713
433	0.14553433	25.5755
434	0.14624434	25.6139
435	0.14702435	25.6437
436	0.14702436	25.6356
437	0.14751437	25.6896
438	0.14817438	25.719
439	0.14843439	25.7206
440	0.14912440	25.7502
441	0.14975441	25.8002
442	0.15044442	25.813
443	0.15091443	25.8358
444	0.15128444	25.8293
445	0.15227445	25.8663
446	0.15255446	25.8888
447	0.15286447	25.9149
448	0.15333448	25.9348
449	0.1538449	25.9371
450	0.15461450	25.9743
451	0.15498451	26.004
452	0.15556452	26.0152
453	0.1557453	26.0469
454	0.15614454	26.0433
455	0.15691455	26.0612
456	0.15735456	26.0903
457	0.15743457	26.0925
458	0.15802458	26.1152
459	0.15853459	26.1365
460	0.15916460	26.1496
461	0.16007461	26.1902
462	0.16064462	26.2111
463	0.161463	26.2324
464	0.16137464	26.2435
465	0.16225465	26.2575
466	0.16297466	26.2846
467	0.16375467	26.2993
468	0.16394468	26.3202
469	0.16433469	26.3426
470	0.16483470	26.3525
471	0.16525471	26.3633
472	0.16567472	26.3812
473	0.16629473	26.4016
474	0.16689474	26.4232
475	0.1677475	26.4374
476	0.16826476	26.4507
477	0.16867477	26.4675
478	0.16875478	26.4839
479	0.16943479	26.51
480	0.17035480	26.5441
481	0.17067481	26.5466
482	0.17127482	26.5622
483	0.17137483	26.568
484	0.17205484	26.5944
485	0.17251485	26.6144
486	0.17284486	26.6285
487	0.17335487	26.6415
488	0.17359488	26.6576
489	0.17427489	26.6728
490	0.17479490	26.6904
491	0.1752491	26.7035
492	0.17607492	26.7259
493	0.17655493	26.7442
494	0.17719494	26.7617
495	0.17745495	26.7819
496	0.1779496	26.8008
497	0.17839497	26.8139
498	0.17882498	26.8316
499	0.17921499	26.8361
500	0.17994500	26.8532
501	0.18052501	26.8676
502	0.18082502	26.8779
503	0.18117503	26.9084
504	0.18138504	26.9068
505	0.18164505	26.9317
506	0.18208506	26.9523
507	0.18242507	26.9569
508	0.18232508	26.9745
509	0.1829509	26.9809
510	0.1833510	26.9856
511	0.1835511	27.0021
512	0.18403512	27.022
513	0.18452513	27.0357
514	0.18512514	27.0453
515	0.18559515	27.0745
516	0.18609516	27.082
517	0.18634517	27.0915
518	0.18689518	27.1094
519	0.18698519	27.1165
520	0.18742520	27.1196
521	0.18788521	27.139
522	0.18815522	27.1549
523	0.18849523	27.1582
524	0.1888524	27.1784
525	0.18896525	27.1864
526	0.18918526	27.1879
527	0.18947527	27.2044
528	0.18982528	27.2164
529	0.19012529	27.2296
530	0.19037530	27.2496
531	0.19071531	27.2587
532	0.19111532	27.2681
533	0.19157533	27.2806
534	0.19177534	27.2825
535	0.19212535	27.2964
536	0.19257536	27.3145
537	0.19278537	27.3259
538	0.19288538	27.3252
539	0.19307539	27.3428
540	0.1935540	27.3546
541	0.1936541	27.3615
542	0.19384542	27.367
543	0.19407543	27.3746
544	0.19429544	27.3868
545	0.1946545	27.3905
546	0.19486546	27.4037
547	0.19508547	27.4165
548	0.19524548	27.4176
549	0.1954549	27.4191
550	0.19577550	27.4297
551	0.19613551	27.4412
552	0.19648552	27.446
553	0.1968553	27.4568
554	0.19716554	27.465
555	0.19729555	27.4741
556	0.19767556	27.4862
557	0.19804557	27.4981
558	0.19831558	27.5027
559	0.19848559	27.5129
560	0.19859560	27.5177
561	0.19904561	27.5291
562	0.19923562	27.5364
563	0.19945563	27.5407
564	0.19965564	27.553
565	0.19989565	27.5589
566	0.20011566	27.5634
567	0.20039567	27.5716
568	0.20065568	27.5792
569	0.20096569	27.5878
570	0.20118570	27.5967
571	0.20132571	27.6006
572	0.20167572	27.6082
573	0.2018573	27.614
574	0.20204574	27.6203
575	0.20226575	27.623
576	0.20242576	27.6303
577	0.20259577	27.6347
578	0.20288578	27.6475
579	0.20296579	27.6534
580	0.20311580	27.6581
581	0.20325581	27.6631
582	0.2034582	27.6698
583	0.20362583	27.6748
584	0.20372584	27.6794
585	0.20389585	27.6831
586	0.20401586	27.6903
587	0.20422587	27.6943
588	0.20439588	27.7032
589	0.20461589	27.7084
590	0.20486590	27.7148
591	0.20504591	27.7178
592	0.20514592	27.7216
593	0.20536593	27.7263
594	0.20558594	27.7304
595	0.20569595	27.7387
596	0.20585596	27.7447
597	0.20602597	27.7506
598	0.20611598	27.7561
599	0.20626599	27.7603
600	0.20638600	27.7629
601	0.20651601	27.7711
602	0.20664602	27.7756
603	0.20667603	27.7775
604	0.20672604	27.7816
605	0.20681605	27.7855
606	0.20693606	27.7938
607	0.20705607	27.7986
608	0.20705608	27.8025
609	0.20713609	27.8034
610	0.20714610	27.8094
611	0.2072611	27.8113
612	0.20729612	27.8134
613	0.20737613	27.8216
614	0.20747614	27.8212
615	0.20757615	27.8248
616	0.20764616	27.8295
617	0.20772617	27.8306
618	0.20781618	27.837
619	0.20794619	27.8389
620	0.208620	27.8429
621	0.2081621	27.843
622	0.20813622	27.8472
623	0.20823623	27.8527
624	0.20832624	27.855
625	0.20848625	27.8596
626	0.20851626	27.8626
627	0.2086627	27.8646
628	0.20872628	27.866
629	0.20875629	27.8708
630	0.20883630	27.8723
631	0.20894631	27.8724
632	0.20897632	27.8763
633	0.20905633	27.8801
634	0.20914634	27.8829
635	0.20919635	27.8864
636	0.20927636	27.8891
637	0.20936637	27.8924
638	0.20943638	27.8959
639	0.20945639	27.8973
640	0.20949640	27.9
641	0.20957641	27.9038
642	0.20965642	27.9044
643	0.20974643	27.9073
644	0.20983644	27.9107
645	0.20986645	27.9113
646	0.20986646	27.9143
647	0.20994647	27.9176
648	0.21002648	27.9184
649	0.21008649	27.9203
650	0.21011650	27.9213
651	0.21016651	27.9264
652	0.21019652	27.9257
653	0.21026653	27.9294
654	0.21025654	27.9295
655	0.21029655	27.9336
656	0.21035656	27.9343
657	0.21043657	27.9371
658	0.21048658	27.9389
659	0.21052659	27.9412
660	0.21057660	27.9432
661	0.2106661	27.9446
662	0.21064662	27.9463
663	0.21067663	27.9463
664	0.21069664	27.9471
665	0.21073665	27.9497
666	0.21074666	27.9494
667	0.2108667	27.9528
668	0.21081668	27.9552
669	0.21082669	27.9572
670	0.21087670	27.9568
671	0.2109671	27.9605
672	0.2109672	27.9609
673	0.21093673	27.9613
674	0.21099674	27.9637
675	0.21102675	27.9648
676	0.21103676	27.9672
677	0.21105677	27.9669
678	0.21105678	27.968
679	0.21107679	27.9694
680	0.21112680	27.9711
681	0.21115681	27.9725
682	0.21116682	27.9733
683	0.21117683	27.9737
684	0.2112684	27.9748
685	0.21122685	27.977
686	0.21126686	27.978
687	0.21128687	27.9795
688	0.2113688	27.9792
689	0.21132689	27.9814
690	0.21135690	27.9827
691	0.21136691	27.9834
692	0.21138692	27.983
693	0.21139693	27.9837
694	0.21141694	27.9842
695	0.21142695	27.9853
696	0.21142696	27.9852
697	0.21143697	27.9857
698	0.21145698	27.9874
699	0.21146699	27.9877
700	0.21148700	27.9883
701	0.2115701	27.9899
702	0.2115702	27.9901
703	0.21151703	27.9901
704	0.21155704	27.9908
705	0.21156705	27.9922
706	0.21156706	27.9932
707	0.21156707	27.9932
708	0.21159708	27.995
709	0.2116709	27.9955
710	0.21162710	27.9966
711	0.21162711	27.9972
712	0.21163712	27.9968
713	0.21165713	27.9978
714	0.21166714	27.9984
715	0.21167715	27.9995
716	0.21168716	27.9996
717	0.21168717	27.9999
718	0.21169718	28.0006
719	0.21171719	28.0008
720	0.21171720	28.0016
721	0.21171721	28.0016
722	0.21172722	28.0015
723	0.21173723	28.0029
724	0.21173724	28.0025
725	0.21173725	28.0022
726	0.21174726	28.0033
727	0.21175727	28.0036
728	0.21176728	28.0035
729	0.21176729	28.0043
730	0.21177730	28.0051
731	0.21179731	28.0049
732	0.21179732	28.0057
733	0.21179733	28.0058
734	0.21179734	28.006
735	0.21179735	28.0067
736	0.2118736	28.0072
737	0.21181737	28.0074
738	0.21181738	28.0079
739	0.21181739	28.0078
740	0.21181740	28.0086
741	0.21181741	28.0091
742	0.21181742	28.0092
743	0.21181743	28.009
744	0.21182744	28.0096
745	0.21182745	28.0097
746	0.21182746	28.0093
747	0.21186747	28.0109
748	0.21187748	28.0108
749	0.21187749	28.011
750	0.21187750	28.0106
751	0.21187751	28.0113
752	0.21188752	28.0112
753	0.21189753	28.0114
754	0.21189754	28.0122
755	0.2119755	28.0125
756	0.2119756	28.0125
757	0.2119757	28.0127
758	0.21191758	28.0132
759	0.21191759	28.0135
760	0.21191760	28.0135
761	0.21191761	28.014
762	0.21191762	28.0137
763	0.21191763	28.0141
764	0.21191764	28.0143
765	0.21191765	28.0143
766	0.21191766	28.0148
767	0.21191767	28.0149
768	0.21191768	28.0151
769	0.21191769	28.0156
770	0.21191770	28.0157
771	0.21191771	28.0158
772	0.21191772	28.0157
773	0.21191773	28.0158
774	0.21191774	28.0156
775	0.21192775	28.016
776	0.21192776	28.0161
777	0.21192777	28.0161
778	0.21192778	28.0164
779	0.21193779	28.0167
780	0.21193780	28.0167
781	0.21193781	28.0166
782	0.21194782	28.0169
783	0.21194783	28.017
784	0.21194784	28.017
785	0.21194785	28.0169
786	0.21194786	28.017
787	0.21194787	28.0171
788	0.21194788	28.017
789	0.21194789	28.0171
790	0.21194790	28.0172
791	0.21194791	28.0173
792	0.21194792	28.0174
793	0.21194793	28.0174
794	0.21194794	28.0175
795	0.21194795	28.0176
796	0.21194796	28.0178
797	0.21194797	28.0178
798	0.21194798	28.0179
799	0.21194799	28.0179
800	0.21194800	28.0178
801	0.21195801	28.0183
802	0.21195802	28.0183
803	0.21195803	28.0182
804	0.21195804	28.0183
805	0.21195805	28.0182
806	0.21195806	28.0181
807	0.21195807	28.0183
808	0.21195808	28.0182
809	0.21195809	28.0184
810	0.21195810	28.0184
811	0.21195811	28.0183
812	0.21195812	28.0183
813	0.21195813	28.0183
814	0.21195814	28.0183
815	0.21195815	28.0182
816	0.21195816	28.0186
817	0.21195817	28.0184
818	0.21195818	28.0186
819	0.21195819	28.0186
820	0.21195820	28.0187
821	0.21195821	28.0189
822	0.21195822	28.0189
823	0.21195823	28.0189
824	0.21195824	28.0189
825	0.21195825	28.0189
826	0.21195826	28.0189
827	0.21195827	28.019
828	0.21195828	28.019
829	0.21195829	28.019
830	0.21195830	28.019
831	0.21195831	28.019
832	0.21195832	28.019
833	0.21195833	28.019
834	0.21195834	28.019
835	0.21195835	28.019
836	0.21195836	28.019
837	0.21195837	28.019
838	0.21195838	28.0189
839	0.21195839	28.019
840	0.21195840	28.019
841	0.21195841	28.019
842	0.21195842	28.019
843	0.21195843	28.019
844	0.21195844	28.019
845	0.21195845	28.019
846	0.21195846	28.019
847	0.21195847	28.019
848	0.21195848	28.019
849	0.21195849	28.019
850	0.21195850	28.0189
851	0.21195851	28.019
852	0.21195852	28.0191
853	0.21195853	28.0191
854	0.21195854	28.0191
855	0.21195855	28.0191
856	0.21195856	28.0191
857	0.21195857	28.0191
858	0.21195858	28.0191
859	0.21195859	28.0191
860	0.21195860	28.0191
861	0.21195861	28.0191
862	0.21195862	28.0191
863	0.21195863	28.0191
864	0.21195864	28.0191
865	0.21195865	28.0191
866	0.21195866	28.0191
867	0.21195867	28.0191
868	0.21195868	28.0191
869	0.21195869	28.0191
870	0.21195870	28.0191
871	0.21195871	28.0191
872	0.21195872	28.0191
873	0.21195873	28.0191
874	0.21195874	28.0191
875	0.21195875	28.0191
876	0.21195876	28.0192
877	0.21195877	28.0192
878	0.21195878	28.0192
879	0.21195879	28.0192
880	0.21195880	28.0192
881	0.21195881	28.0192
882	0.21195882	28.0192
883	0.21195883	28.0192
884	0.21195884	28.0192
885	0.21195885	28.0192
886	0.21195886	28.0192
887	0.21195887	28.0192
888	0.21195888	28.0192
889	0.21195889	28.0192
890	0.21195890	28.0191
891	0.21195891	28.0193
892	0.21195892	28.0193
893	0.21195893	28.0193
894	0.21195894	28.0193
895	0.21195895	28.0193
896	0.21195896	28.0193
897	0.21195897	28.0193
898	0.21195898	28.0193
899	0.21195899	28.0193
900	0.21195900	28.0193
901	0.21195901	28.0193
902	0.21195902	28.0193
903	0.21195903	28.0193
904	0.21195904	28.0193
905	0.21195905	28.0193
906	0.21195906	28.0193
907	0.21195907	28.0193
908	0.21195908	28.0193
909	0.21195909	28.0193
910	0.21195910	28.0193
911	0.21195911	28.0193
912	0.21195912	28.0193
913	0.21195913	28.0193
914	0.21195914	28.0193
915	0.21195915	28.0193
916	0.21195916	28.0193
917	0.21195917	28.0193
918	0.21195918	28.0193
919	0.21195919	28.0193
920	0.21195920	28.0193
921	0.21195921	28.0193
922	0.21195922	28.0193
923	0.21195923	28.0193
924	0.21195924	28.0193
925	0.21195925	28.0193
926	0.21195926	28.0193
927	0.21195927	28.0193
928	0.21195928	28.0193
929	0.21195929	28.0193
930	0.21195930	28.0193
931	0.21195931	28.0193
932	0.21195932	28.0193
933	0.21195933	28.0193
934	0.21195934	28.0193
935	0.21195935	28.0193
936	0.21195936	28.0193
937	0.21195937	28.0193
938	0.21195938	28.0193
939	0.21195939	28.0193
940	0.21195940	28.0193
941	0.21195941	28.0193
942	0.21195942	28.0193
943	0.21195943	28.0193
944	0.21195944	28.0193
945	0.21195945	28.0193
946	0.21195946	28.0193
947	0.21195947	28.0193
948	0.21195948	28.0193
949	0.21195949	28.0193
950	0.21195950	28.0193
951	0.21195951	28.0193
952	0.21195952	28.0193
953	0.21195953	28.0193
954	0.21195954	28.0193
955	0.21195955	28.0193
956	0.21195956	28.0193
957	0.21195957	28.0193
958	0.21195958	28.0193
959	0.21195959	28.0193
960	0.21195960	28.0193
961	0.21195961	28.0193
962	0.21195962	28.0193
963	0.21195963	28.0193
964	0.21195964	28.0193
965	0.21195965	28.0193
966	0.21195966	28.0193
967	0.21195967	28.0193
968	0.21195968	28.0193
969	0.21195969	28.0193
970	0.21195970	28.0193
971	0.21195971	28.0193
972	0.21195972	28.0193
973	0.21195973	28.0193
974	0.21195974	28.0193
975	0.21195975	28.0193
976	0.21195976	28.0193
977	0.21195977	28.0193
978	0.21195978	28.0193
979	0.21195979	28.0193
980	0.21195980	28.0193
981	0.21195981	28.0193
982	0.21195982	28.0193
983	0.21195983	28.0193
984	0.21195984	28.0193
985	0.21195985	28.0193
986	0.21195986	28.0193
987	0.21195987	28.0193
988	0.21195988	28.0193
989	0.21195989	28.0193
990	0.21195990	28.0193
991	0.21195991	28.0193
992	0.21195992	28.0193
993	0.21195993	28.0193
994	0.21195994	28.0193
995	0.21195995	28.0193
996	0.21195996	28.0193
997	0.21195997	28.0193
998	0.21195998	28.0193
999	0.21195999	28.0193
1000	0.211951000	28.0193
1001	0.211951001	28.0193
1002	0.211951002	28.0193
1003	0.211951003	28.0193
1004	0.211951004	28.0193
1005	0.211951005	28.0193
1006	0.211951006	28.0193
1007	0.211951007	28.0193
1008	0.211951008	28.0193
1009	0.211951009	28.0193
1010	0.211951010	28.0193
1011	0.211951011	28.0193
1012	0.211951012	28.0193
1013	0.211951013	28.0193
1014	0.211951014	28.0193
1015	0.211951015	28.0193
1016	0.211951016	28.0193
1017	0.211951017	28.0193
1018	0.211951018	28.0193
1019	0.211951019	28.0193
1020	0.211951020	28.0193
1021	0.211951021	28.0193
1022	0.211951022	28.0193
1023	0.211951023	28.0193
1024	0.211951024	28.0193
1025	0.211951025	28.0193
1026	0.211951026	28.0193
1027	0.211951027	28.0193
1028	0.211951028	28.0193
1029	0.211951029	28.0193
1030	0.211951030	28.0193
1031	0.211951031	28.0193
1032	0.211951032	28.0193
1033	0.211951033	28.0193
1034	0.211951034	28.0193
1035	0.211951035	28.0193
1036	0.211951036	28.0193
1037	0.211951037	28.0193
1038	0.211951038	28.0193
1039	0.211951039	28.0193
1040	0.211951040	28.0193
1041	0.211951041	28.0193
1042	0.211951042	28.0193
1043	0.211951043	28.0193
1044	0.211951044	28.0193
1045	0.211951045	28.0193
1046	0.211951046	28.0193
1047	0.211951047	28.0193
1048	0.211951048	28.0193
1049	0.211951049	28.0193
1050	0.211951050	28.0193
1051	0.211951051	28.0193
1052	0.211951052	28.0193
1053	0.211951053	28.0193
1054	0.211951054	28.0193
1055	0.211951055	28.0193
1056	0.211951056	28.0193
1057	0.211951057	28.0193
1058	0.211951058	28.0193
1059	0.211951059	28.0193
1060	0.211951060	28.0193
1061	0.211951061	28.0193
1062	0.211951062	28.0193
1063	0.211951063	28.0193
1064	0.211951064	28.0193
1065	0.211951065	28.0193
1066	0.211951066	28.0193
1067	0.211951067	28.0193
1068	0.211951068	28.0193
1069	0.211951069	28.0193
1070	0.211951070	28.0193
1071	0.211951071	28.0193
1072	0.211951072	28.0193
1073	0.211951073	28.0193
1074	0.211951074	28.0193
1075	0.211951075	28.0193
1076	0.211951076	28.0193
1077	0.211951077	28.0193
1078	0.211951078	28.0193
1079	0.211951079	28.0193
1080	0.211951080	28.0193
1081	0.211951081	28.0193
1082	0.211951082	28.0193
1083	0.211951083	28.0193
1084	0.211951084	28.0193
1085	0.211951085	28.0193
1086	0.211951086	28.0193
1087	0.211951087	28.0193
1088	0.211951088	28.0193
1089	0.211951089	28.0193
1090	0.211951090	28.0193
1091	0.211951091	28.0193
1092	0.211951092	28.0193
1093	0.211951093	28.0193
1094	0.211951094	28.0193
1095	0.211951095	28.0193
1096	0.211951096	28.0193
1097	0.211951097	28.0193
1098	0.211951098	28.0193
1099	0.211951099	28.0193
1100	0.211951100	28.0193
1101	0.211951101	28.0193
1102	0.211951102	28.0193
1103	0.211951103	28.0193
1104	0.211951104	28.0193
1105	0.211951105	28.0193
1106	0.211951106	28.0193
1107	0.211951107	28.0193
1108	0.211951108	28.0193
1109	0.211951109	28.0193
1110	0.211951110	28.0193
1111	0.211951111	28.0193
1112	0.211951112	28.0193
1113	0.211951113	28.0193
1114	0.211951114	28.0193
1115	0.211951115	28.0193
1116	0.211951116	28.0193
1117	0.211951117	28.0193
1118	0.211951118	28.0193
1119	0.211951119	28.0193
1120	0.211951120	28.0193
1121	0.211951121	28.0193
1122	0.211951122	28.0193
1123	0.211951123	28.0193
1124	0.211951124	28.0193
1125	0.211951125	28.0193
1126	0.211951126	28.0193
1127	0.211951127	28.0193
1128	0.211951128	28.0193
1129	0.211951129	28.0193
1130	0.211951130	28.0193
1131	0.211951131	28.0193
1132	0.211951132	28.0193
1133	0.211951133	28.0193
1134	0.211951134	28.0193
1135	0.211951135	28.0193
1136	0.211951136	28.0193
1137	0.211951137	28.0193
1138	0.211951138	28.0193
1139	0.211951139	28.0193
1140	0.211951140	28.0193
1141	0.211951141	28.0193
1142	0.211951142	28.0193
1143	0.211951143	28.0193
1144	0.211951144	28.0193
1145	0.211951145	28.0193
1146	0.211951146	28.0193
1147	0.211951147	28.0193
1148	0.211951148	28.0193
1149	0.211951149	28.0193
1150	0.211951150	28.0193
1151	0.211951151	28.0193
1152	0.211951152	28.0193
1153	0.211951153	28.0193
1154	0.211951154	28.0193
1155	0.211951155	28.0193
1156	0.211951156	28.0193
1157	0.211951157	28.0193
1158	0.211951158	28.0193
1159	0.211951159	28.0193
1160	0.211951160	28.0193
1161	0.211951161	28.0193
1162	0.211951162	28.0193
1163	0.211951163	28.0193
1164	0.211951164	28.0193
1165	0.211951165	28.0193
1166	0.211951166	28.0193
1167	0.211951167	28.0193
1168	0.211951168	28.0193
1169	0.211951169	28.0193
1170	0.211951170	28.0193
1171	0.211951171	28.0193
1172	0.211951172	28.0193
1173	0.211951173	28.0193
1174	0.211951174	28.0193
1175	0.211951175	28.0193
1176	0.211951176	28.0193
1177	0.211951177	28.0193
1178	0.211951178	28.0193
1179	0.211951179	28.0193
1180	0.211951180	28.0193
1181	0.211951181	28.0193
1182	0.211951182	28.0193
1183	0.211951183	28.0193
1184	0.211951184	28.0193
1185	0.211951185	28.0193
1186	0.211951186	28.0193
1187	0.211951187	28.0193
1188	0.211951188	28.0193
1189	0.211951189	28.0193
1190	0.211951190	28.0193
1191	0.211951191	28.0193
1192	0.211951192	28.0193
1193	0.211951193	28.0193
1194	0.211951194	28.0193
1195	0.211951195	28.0193
1196	0.211951196	28.0193
1197	0.211951197	28.0193
1198	0.211951198	28.0193
1199	0.211951199	28.0193
1200	0.211951200	28.0193
1201	0.211951201	28.0193
1202	0.211951202	28.0193
1203	0.211951203	28.0193
1204	0.211951204	28.0193
1205	0.211951205	28.0193
1206	0.211951206	28.0193
1207	0.211951207	28.0193
1208	0.211951208	28.0193
1209	0.211951209	28.0193
1210	0.211951210	28.0193
1211	0.211951211	28.0193
1212	0.211951212	28.0193
1213	0.211951213	28.0193
1214	0.211951214	28.0193
1215	0.211951215	28.0193
1216	0.211951216	28.0193
1217	0.211951217	28.0193
1218	0.211951218	28.0193
1219	0.211951219	28.0193
1220	0.211951220	28.0193
1221	0.211951221	28.0193
1222	0.211951222	28.0193
1223	0.211951223	28.0193
1224	0.211951224	28.0193
1225	0.211951225	28.0193
1226	0.211951226	28.0193
1227	0.211951227	28.0193
1228	0.211951228	28.0193
1229	0.211951229	28.0193
1230	0.211951230	28.0193
1231	0.211951231	28.0193
1232	0.211951232	28.0193
1233	0.211951233	28.0193
1234	0.211951234	28.0193
1235	0.211951235	28.0193
1236	0.211951236	28.0193
1237	0.211951237	28.0193
1238	0.211951238	28.0193
1239	0.211951239	28.0193
1240	0.211951240	28.0193
1241	0.211951241	28.0193
1242	0.211951242	28.0193
1243	0.211951243	28.0193
1244	0.211951244	28.0193
1245	0.211951245	28.0193
1246	0.211951246	28.0193
1247	0.211951247	28.0193
1248	0.211951248	28.0193
1249	0.211951249	28.0193
1250	0.211951250	28.0193
1251	0.211951251	28.0193
1252	0.211951252	28.0193
1253	0.211951253	28.0193
1254	0.211951254	28.0193
1255	0.211951255	28.0193
1256	0.211951256	28.0193
1257	0.211951257	28.0193
1258	0.211951258	28.0193
1259	0.211951259	28.0193
1260	0.211951260	28.0193
1261	0.211951261	28.0193
1262	0.211951262	28.0193
1263	0.211951263	28.0193
1264	0.211951264	28.0193
1265	0.211951265	28.0193
1266	0.211951266	28.0193
1267	0.211951267	28.0193
1268	0.211951268	28.0193
1269	0.211951269	28.0193
1270	0.211951270	28.0193
1271	0.211951271	28.0193
1272	0.211951272	28.0193
1273	0.211951273	28.0193
1274	0.211951274	28.0193
1275	0.211951275	28.0193
1276	0.211951276	28.0193
1277	0.211951277	28.0193
1278	0.211951278	28.0193
1279	0.211951279	28.0193
1280	0.211951280	28.0193
1281	0.211951281	28.0193
1282	0.211951282	28.0193
1283	0.211951283	28.0193
1284	0.211951284	28.0193
1285	0.211951285	28.0193
1286	0.211951286	28.0193
1287	0.211951287	28.0193
1288	0.211951288	28.0193
1289	0.211951289	28.0193
1290	0.211951290	28.0193
1291	0.211951291	28.0193
1292	0.211951292	28.0193
1293	0.211951293	28.0193
1294	0.211951294	28.0193
1295	0.211951295	28.0193
1296	0.211951296	28.0193
1297	0.211951297	28.0193
1298	0.211951298	28.0193
1299	0.211951299	28.0193
1300	0.211951300	28.0193
1301	0.211951301	28.0193
1302	0.211951302	28.0193
1303	0.211951303	28.0193
1304	0.211951304	28.0193
1305	0.211951305	28.0193
1306	0.211951306	28.0193
1307	0.211951307	28.0193
1308	0.211951308	28.0193
1309	0.211951309	28.0193
1310	0.211951310	28.0193
1311	0.211951311	28.0193
1312	0.211951312	28.0193
1313	0.211951313	28.0193
1314	0.211951314	28.0193
1315	0.211951315	28.0193
1316	0.211951316	28.0193
1317	0.211951317	28.0193
1318	0.211951318	28.0193
1319	0.211951319	28.0193
1320	0.211951320	28.0193
1321	0.211951321	28.0193
1322	0.211951322	28.0193
1323	0.211951323	28.0193
1324	0.211951324	28.0193
1325	0.211951325	28.0193
1326	0.211951326	28.0193
1327	0.211951327	28.0193
1328	0.211951328	28.0193
1329	0.211951329	28.0193
1330	0.211951330	28.0193
1331	0.211951331	28.0193
1332	0.211951332	28.0193
1333	0.211951333	28.0193
1334	0.211951334	28.0193
1335	0.211951335	28.0193
1336	0.211951336	28.0193
1337	0.211951337	28.0193
1338	0.211951338	28.0193
1339	0.211951339	28.0193
1340	0.211951340	28.0193
1341	0.211951341	28.0193
1342	0.211951342	28.0193
1343	0.211951343	28.0193
1344	0.211951344	28.0193
1345	0.211951345	28.0193
1346	0.211951346	28.0193
1347	0.211951347	28.0193
1348	0.211951348	28.0193
1349	0.211951349	28.0193
1350	0.211951350	28.0193
1351	0.211951351	28.0193
1352	0.211951352	28.0193
1353	0.211951353	28.0193
1354	0.211951354	28.0193
1355	0.211951355	28.0193
1356	0.211951356	28.0193
1357	0.211951357	28.0193
1358	0.211951358	28.0193
1359	0.211951359	28.0193
1360	0.211951360	28.0193
1361	0.211951361	28.0193
1362	0.211951362	28.0193
1363	0.211951363	28.0193
1364	0.211951364	28.0193
1365	0.211951365	28.0193
1366	0.211951366	28.0193
1367	0.211951367	28.0193
1368	0.211951368	28.0193
1369	0.211951369	28.0193
1370	0.211951370	28.0193
1371	0.211951371	28.0193
1372	0.211951372	28.0193
1373	0.211951373	28.0193
1374	0.211951374	28.0193
1375	0.211951375	28.0193
1376	0.211951376	28.0193
1377	0.211951377	28.0193
1378	0.211951378	28.0193
1379	0.211951379	28.0193
1380	0.211951380	28.0193
1381	0.211951381	28.0193
1382	0.211951382	28.0193
1383	0.211951383	28.0193
1384	0.211951384	28.0193
1385	0.211951385	28.0193
1386	0.211951386	28.0193
1387	0.211951387	28.0193
1388	0.211951388	28.0193
1389	0.211951389	28.0193
1390	0.211951390	28.0193
1391	0.211951391	28.0193
1392	0.211951392	28.0193
1393	0.211951393	28.0193
1394	0.211951394	28.0193
1395	0.211951395	28.0193
1396	0.211951396	28.0193
1397	0.211951397	28.0193
1398	0.211951398	28.0193
1399	0.211951399	28.0193
1400	0.211951400	28.0193
1401	0.211951401	28.0193
1402	0.211951402	28.0193
1403	0.211951403	28.0193
1404	0.211951404	28.0193
1405	0.211951405	28.0193
1406	0.211951406	28.0193
1407	0.211951407	28.0193
1408	0.211951408	28.0193
1409	0.211951409	28.0193
1410	0.211951410	28.0193
1411	0.211951411	28.0193
1412	0.211951412	28.0193
1413	0.211951413	28.0193
1414	0.211951414	28.0193
1415	0.211951415	28.0193
1416	0.211951416	28.0193
1417	0.211951417	28.0193
1418	0.211951418	28.0193
1419	0.211951419	28.0193
1420	0.211951420	28.0193
1421	0.211951421	28.0193
1422	0.211951422	28.0193
1423	0.211951423	28.0193
1424	0.211951424	28.0193
1425	0.211951425	28.0193
1426	0.211951426	28.0193
1427	0.211951427	28.0193
1428	0.211951428	28.0193
1429	0.211951429	28.0193
1430	0.211951430	28.0193
1431	0.211951431	28.0193
1432	0.211951432	28.0193
1433	0.211951433	28.0193
1434	0.211951434	28.0193
1435	0.211951435	28.0193
1436	0.211951436	28.0193
1437	0.211951437	28.0193
1438	0.211951438	28.0193
1439	0.211951439	28.0193
1440	0.211951440	28.0193
1441	0.211951441	28.0193
1442	0.211951442	28.0193
1443	0.211951443	28.0193
1444	0.211951444	28.0193
1445	0.211951445	28.0193
1446	0.211951446	28.0193
1447	0.211951447	28.0193
1448	0.211951448	28.0193
1449	0.211951449	28.0193
1450	0.211951450	28.0193
1451	0.211951451	28.0193
1452	0.211951452	28.0193
1453	0.211951453	28.0193
1454	0.211951454	28.0193
1455	0.211951455	28.0193
1456	0.211951456	28.0193
1457	0.211951457	28.0193
1458	0.211951458	28.0193
1459	0.211951459	28.0193
1460	0.211951460	28.0193
1461	0.211951461	28.0193
1462	0.211951462	28.0193
1463	0.211951463	28.0193
1464	0.211951464	28.0193
1465	0.211951465	28.0193
1466	0.211951466	28.0193
1467	0.211951467	28.0193
1468	0.211951468	28.0193
1469	0.211951469	28.0193
1470	0.211951470	28.0193
1471	0.211951471	28.0193
1472	0.211951472	28.0193
1473	0.211951473	28.0193
1474	0.211951474	28.0193
1475	0.211951475	28.0193
1476	0.211951476	28.0193
1477	0.211951477	28.0193
1478	0.211951478	28.0193
1479	0.211951479	28.0193
1480	0.211951480	28.0193
1481	0.211951481	28.0193
1482	0.211951482	28.0193
1483	0.211951483	28.0193
1484	0.211951484	28.0193
1485	0.211951485	28.0193
1486	0.211951486	28.0193
1487	0.211951487	28.0193
1488	0.211951488	28.0193
1489	0.211951489	28.0193
1490	0.211951490	28.0193
1491	0.211951491	28.0193
1492	0.211951492	28.0193
1493	0.211951493	28.0193
1494	0.211951494	28.0193
1495	0.211951495	28.0193
1496	0.211951496	28.0193
1497	0.211951497	28.0193
1498	0.211951498	28.0193
1499	0.211951499	28.0193
1500	0.211951500	28.0193
1501	0.211951501	28.0193
1502	0.211951502	28.0193
1503	0.211951503	28.0193
1504	0.211951504	28.0193
1505	0.211951505	28.0193
1506	0.211951506	28.0193
1507	0.211951507	28.0193
1508	0.211951508	28.0193
1509	0.211951509	28.0193
1510	0.211951510	28.0193
1511	0.211951511	28.0193
1512	0.211951512	28.0193
1513	0.211951513	28.0193
1514	0.211951514	28.0193
1515	0.211951515	28.0193
1516	0.211951516	28.0193
1517	0.211951517	28.0193
1518	0.211951518	28.0193
1519	0.211951519	28.0193
1520	0.211951520	28.0193
1521	0.211951521	28.0193
1522	0.211951522	28.0193
1523	0.211951523	28.0193
1524	0.211951524	28.0193
1525	0.211951525	28.0193
1526	0.211951526	28.0193
1527	0.211951527	28.0193
1528	0.211951528	28.0193
1529	0.211951529	28.0193
1530	0.211951530	28.0193
1531	0.211951531	28.0193
1532	0.211951532	28.0193
1533	0.211951533	28.0193
1534	0.211951534	28.0193
1535	0.211951535	28.0193
1536	0.211951536	28.0193
1537	0.211951537	28.0193
1538	0.211951538	28.0193
1539	0.211951539	28.0193
1540	0.211951540	28.0193
1541	0.211951541	28.0193
1542	0.211951542	28.0193
1543	0.211951543	28.0193
1544	0.211951544	28.0193
1545	0.211951545	28.0193
1546	0.211951546	28.0193
1547	0.211951547	28.0193
1548	0.211951548	28.0193
1549	0.211951549	28.0193
1550	0.211951550	28.0193
1551	0.211951551	28.0193
1552	0.211951552	28.0193
1553	0.211951553	28.0193
1554	0.211951554	28.0193
1555	0.211951555	28.0193
1556	0.211951556	28.0193
1557	0.211951557	28.0193
1558	0.211951558	28.0193
1559	0.211951559	28.0193
1560	0.211951560	28.0193
1561	0.211951561	28.0193
1562	0.211951562	28.0193
1563	0.211951563	28.0193
1564	0.211951564	28.0193
1565	0.211951565	28.0193
1566	0.211951566	28.0193
1567	0.211951567	28.0193
1568	0.211951568	28.0193
1569	0.211951569	28.0193
1570	0.211951570	28.0193
1571	0.211951571	28.0193
1572	0.211951572	28.0193
1573	0.211951573	28.0193
1574	0.211951574	28.0193
1575	0.211951575	28.0193
1576	0.211951576	28.0193
1577	0.211951577	28.0193
1578	0.211951578	28.0193
1579	0.211951579	28.0193
1580	0.211951580	28.0193
1581	0.211951581	28.0193
1582	0.211951582	28.0193
1583	0.211951583	28.0193
1584	0.211951584	28.0193
1585	0.211951585	28.0193
1586	0.211951586	28.0193
1587	0.211951587	28.0193
1588	0.211951588	28.0193
1589	0.211951589	28.0193
1590	0.211951590	28.0193
1591	0.211951591	28.0193
1592	0.211951592	28.0193
1593	0.211951593	28.0193
1594	0.211951594	28.0193
1595	0.211951595	28.0193
1596	0.211951596	28.0193
1597	0.211951597	28.0193
1598	0.211951598	28.0193
1599	0.211951599	28.0193
1600	0.211951600	28.0193
1601	0.211951601	28.0193
1602	0.211951602	28.0193
1603	0.211951603	28.0193
1604	0.211951604	28.0193
1605	0.211951605	28.0193
1606	0.211951606	28.0193
1607	0.211951607	28.0193
1608	0.211951608	28.0193
1609	0.211951609	28.0193
1610	0.211951610	28.0193
1611	0.211951611	28.0193
1612	0.211951612	28.0193
1613	0.211951613	28.0193
1614	0.211951614	28.0193
1615	0.211951615	28.0193
1616	0.211951616	28.0193
1617	0.211951617	28.0193
1618	0.211951618	28.0193
1619	0.211951619	28.0193
1620	0.211951620	28.0193
1621	0.211951621	28.0193
1622	0.211951622	28.0193
1623	0.211951623	28.0193
1624	0.211951624	28.0193
1625	0.211951625	28.0193
1626	0.211951626	28.0193
1627	0.211951627	28.0193
1628	0.211951628	28.0193
1629	0.211951629	28.0193
1630	0.211951630	28.0193
1631	0.211951631	28.0193
1632	0.211951632	28.0193
1633	0.211951633	28.0193
1634	0.211951634	28.0193
1635	0.211951635	28.0193
1636	0.211951636	28.0193
1637	0.211951637	28.0193
1638	0.211951638	28.0193
1639	0.211951639	28.0193
1640	0.211951640	28.0193
1641	0.211951641	28.0193
1642	0.211951642	28.0193
1643	0.211951643	28.0193
1644	0.211951644	28.0193
1645	0.211951645	28.0193
1646	0.211951646	28.0193
1647	0.211951647	28.0193
1648	0.211951648	28.0193
1649	0.211951649	28.0193
1650	0.211951650	28.0193
1651	0.211951651	28.0193
1652	0.211951652	28.0193
1653	0.211951653	28.0193
1654	0.211951654	28.0193
1655	0.211951655	28.0193
1656	0.211951656	28.0193
1657	0.211951657	28.0193
1658	0.211951658	28.0193
1659	0.211951659	28.0193
1660	0.211951660	28.0193
1661	0.211951661	28.0193
1662	0.211951662	28.0193
1663	0.211951663	28.0193
1664	0.211951664	28.0193
1665	0.211951665	28.0193
1666	0.211951666	28.0193
1667	0.211951667	28.0193
1668	0.211951668	28.0193
1669	0.211951669	28.0193
1670	0.211951670	28.0193
1671	0.211951671	28.0193
1672	0.211951672	28.0193
1673	0.211951673	28.0193
1674	0.211951674	28.0193
1675	0.211951675	28.0193
1676	0.211951676	28.0193
1677	0.211951677	28.0193
1678	0.211951678	28.0193
1679	0.211951679	28.0193
1680	0.211951680	28.0193
1681	0.211951681	28.0193
1682	0.211951682	28.0193
1683	0.211951683	28.0193
1684	0.211951684	28.0193
1685	0.211951685	28.0193
1686	0.211951686	28.0193
1687	0.211951687	28.0193
1688	0.211951688	28.0193
1689	0.211951689	28.0193
1690	0.211951690	28.0193
1691	0.211951691	28.0193
1692	0.211951692	28.0193
1693	0.211951693	28.0193
1694	0.211951694	28.0193
1695	0.211951695	28.0193
1696	0.211951696	28.0193
1697	0.211951697	28.0193
1698	0.211951698	28.0193
1699	0.211951699	28.0193
1700	0.211951700	28.0193
1701	0.211951701	28.0193
1702	0.211951702	28.0193
1703	0.211951703	28.0193
1704	0.211951704	28.0193
1705	0.211951705	28.0193
1706	0.211951706	28.0193
1707	0.211951707	28.0193
1708	0.211951708	28.0193
1709	0.211951709	28.0193
1710	0.211951710	28.0193
1711	0.211951711	28.0193
1712	0.211951712	28.0193
1713	0.211951713	28.0193
1714	0.211951714	28.0193
1715	0.211951715	28.0193
1716	0.211951716	28.0193
1717	0.211951717	28.0193
1718	0.211951718	28.0193
1719	0.211951719	28.0193
1720	0.211951720	28.0193
1721	0.211951721	28.0193
1722	0.211951722	28.0193
1723	0.211951723	28.0193
1724	0.211951724	28.0193
1725	0.211951725	28.0193
1726	0.211951726	28.0193
1727	0.211951727	28.0193
1728	0.211951728	28.0193
1729	0.211951729	28.0193
1730	0.211951730	28.0193
1731	0.211951731	28.0193
1732	0.211951732	28.0193
1733	0.211951733	28.0193
1734	0.211951734	28.0193
1735	0.211951735	28.0193
1736	0.211951736	28.0193
1737	0.211951737	28.0193
1738	0.211951738	28.0193
1739	0.211951739	28.0193
1740	0.211951740	28.0193
1741	0.211951741	28.0193
1742	0.211951742	28.0193
1743	0.211951743	28.0193
1744	0.211951744	28.0193
1745	0.211951745	28.0193
1746	0.211951746	28.0193
1747	0.211951747	28.0193
1748	0.211951748	28.0193
1749	0.211951749	28.0193
1750	0.211951750	28.0193
1751	0.211951751	28.0193
1752	0.211951752	28.0193
1753	0.211951753	28.0193
1754	0.211951754	28.0193
1755	0.211951755	28.0193
1756	0.211951756	28.0193
1757	0.211951757	28.0193
1758	0.211951758	28.0193
1759	0.211951759	28.0193
1760	0.211951760	28.0193
1761	0.211951761	28.0193
1762	0.211951762	28.0193
1763	0.211951763	28.0193
1764	0.211951764	28.0193
1765	0.211951765	28.0193
1766	0.211951766	28.0193
1767	0.211951767	28.0193
1768	0.211951768	28.0193
1769	0.211951769	28.0193
1770	0.211951770	28.0193
1771	0.211951771	28.0193
1772	0.211951772	28.0193
1773	0.211951773	28.0193
1774	0.211951774	28.0193
1775	0.211951775	28.0193
1776	0.211951776	28.0193
1777	0.211951777	28.0193
1778	0.211951778	28.0193
1779	0.211951779	28.0193
1780	0.211951780	28.0193
1781	0.211951781	28.0193
1782	0.211951782	28.0193
1783	0.211951783	28.0193
1784	0.211951784	28.0193
1785	0.211951785	28.0193
1786	0.211951786	28.0193
1787	0.211951787	28.0193
1788	0.211951788	28.0193
1789	0.211951789	28.0193
1790	0.211951790	28.0193
1791	0.211951791	28.0193
1792	0.211951792	28.0193
1793	0.211951793	28.0193
1794	0.211951794	28.0193
1795	0.211951795	28.0193
1796	0.211951796	28.0193
1797	0.211951797	28.0193
1798	0.211951798	28.0193
1799	0.211951799	28.0193
1800	0.211951800	28.0193
1801	0.211951801	28.0193
1802	0.211951802	28.0193
1803	0.211951803	28.0193
1804	0.211951804	28.0193
1805	0.211951805	28.0193
1806	0.211951806	28.0193
1807	0.211951807	28.0193
1808	0.211951808	28.0193
1809	0.211951809	28.0193
1810	0.211951810	28.0193
1811	0.211951811	28.0193
1812	0.211951812	28.0193
1813	0.211951813	28.0193
1814	0.211951814	28.0193
1815	0.211951815	28.0193
1816	0.211951816	28.0193
1817	0.211951817	28.0193
1818	0.211951818	28.0193
1819	0.211951819	28.0193
1820	0.211951820	28.0193
1821	0.211951821	28.0193
1822	0.211951822	28.0193
1823	0.211951823	28.0193
1824	0.211951824	28.0193
1825	0.211951825	28.0193
1826	0.211951826	28.0193
1827	0.211951827	28.0193
1828	0.211951828	28.0193
1829	0.211951829	28.0193
1830	0.211951830	28.0193
1831	0.211951831	28.0193
1832	0.211951832	28.0193
1833	0.211951833	28.0193
1834	0.211951834	28.0193
1835	0.211951835	28.0193
1836	0.211951836	28.0193
1837	0.211951837	28.0193
1838	0.211951838	28.0193
1839	0.211951839	28.0193
1840	0.211951840	28.0193
1841	0.211951841	28.0193
1842	0.211951842	28.0193
1843	0.211951843	28.0193
1844	0.211951844	28.0193
1845	0.211951845	28.0193
1846	0.211951846	28.0193
1847	0.211951847	28.0193
1848	0.211951848	28.0193
1849	0.211951849	28.0193
1850	0.211951850	28.0193
1851	0.211951851	28.0193
1852	0.211951852	28.0193
1853	0.211951853	28.0193
1854	0.211951854	28.0193
1855	0.211951855	28.0193
1856	0.211951856	28.0193
1857	0.211951857	28.0193
1858	0.211951858	28.0193
1859	0.211951859	28.0193
1860	0.211951860	28.0193
1861	0.211951861	28.0193
1862	0.211951862	28.0193
1863	0.211951863	28.0193
1864	0.211951864	28.0193
1865	0.211951865	28.0193
1866	0.211951866	28.0193
1867	0.211951867	28.0193
1868	0.211951868	28.0193
1869	0.211951869	28.0193
1870	0.211951870	28.0193
1871	0.211951871	28.0193
1872	0.211951872	28.0193
1873	0.211951873	28.0193
1874	0.211951874	28.0193
1875	0.211951875	28.0193
1876	0.211951876	28.0193
1877	0.211951877	28.0193
1878	0.211951878	28.0193
1879	0.211951879	28.0193
1880	0.211951880	28.0193
1881	0.211951881	28.0193
1882	0.211951882	28.0193
1883	0.211951883	28.0193
1884	0.211951884	28.0193
1885	0.211951885	28.0193
1886	0.211951886	28.0193
1887	0.211951887	28.0193
1888	0.211951888	28.0193
1889	0.211951889	28.0193
1890	0.211951890	28.0193
1891	0.211951891	28.0193
1892	0.211951892	28.0193
1893	0.211951893	28.0193
1894	0.211951894	28.0193
1895	0.211951895	28.0193
1896	0.211951896	28.0193
1897	0.211951897	28.0193
1898	0.211951898	28.0193
1899	0.211951899	28.0193
1900	0.211951900	28.0193
1901	0.211951901	28.0193
1902	0.211951902	28.0193
1903	0.211951903	28.0193
1904	0.211951904	28.0193
1905	0.211951905	28.0193
1906	0.211951906	28.0193
1907	0.211951907	28.0193
1908	0.211951908	28.0193
1909	0.211951909	28.0193
1910	0.211951910	28.0193
1911	0.211951911	28.0193
1912	0.211951912	28.0193
1913	0.211951913	28.0193
1914	0.211951914	28.0193
1915	0.211951915	28.0193
1916	0.211951916	28.0193
1917	0.211951917	28.0193
1918	0.211951918	28.0193
1919	0.211951919	28.0193
1920	0.211951920	28.0193
1921	0.211951921	28.0193
1922	0.211951922	28.0193
1923	0.211951923	28.0193
1924	0.211951924	28.0193
1925	0.211951925	28.0193
1926	0.211951926	28.0193
1927	0.211951927	28.0193
1928	0.211951928	28.0193
1929	0.211951929	28.0193
1930	0.211951930	28.0193
1931	0.211951931	28.0193
1932	0.211951932	28.0193
1933	0.211951933	28.0193
1934	0.211951934	28.0193
1935	0.211951935	28.0193
1936	0.211951936	28.0193
1937	0.211951937	28.0193
1938	0.211951938	28.0193
1939	0.211951939	28.0193
1940	0.211951940	28.0193
1941	0.211951941	28.0193
1942	0.211951942	28.0193
1943	0.211951943	28.0193
1944	0.211951944	28.0193
1945	0.211951945	28.0193
1946	0.211951946	28.0193
1947	0.211951947	28.0193
1948	0.211951948	28.0193
1949	0.211951949	28.0193
1950	0.211951950	28.0193
1951	0.211951951	28.0193
1952	0.211951952	28.0193
1953	0.211951953	28.0193
1954	0.211951954	28.0193
1955	0.211951955	28.0193
1956	0.211951956	28.0193
1957	0.211951957	28.0193
1958	0.211951958	28.0193
1959	0.211951959	28.0193
1960	0.211951960	28.0193
1961	0.211951961	28.0193
1962	0.211951962	28.0193
1963	0.211951963	28.0193
1964	0.211951964	28.0193
1965	0.211951965	28.0193
1966	0.211951966	28.0193
1967	0.211951967	28.0193
1968	0.211951968	28.0193
1969	0.211951969	28.0193
1970	0.211951970	28.0193
1971	0.211951971	28.0193
1972	0.211951972	28.0193
1973	0.211951973	28.0193
1974	0.211951974	28.0193
1975	0.211951975	28.0193
1976	0.211951976	28.0193
1977	0.211951977	28.0193
1978	0.211951978	28.0193
1979	0.211951979	28.0193
1980	0.211951980	28.0193
1981	0.211951981	28.0193
1982	0.211951982	28.0193
1983	0.211951983	28.0193
1984	0.211951984	28.0193
1985	0.211951985	28.0193
1986	0.211951986	28.0193
1987	0.211951987	28.0193
1988	0.211951988	28.0193
1989	0.211951989	28.0193
1990	0.211951990	28.0193
1991	0.211951991	28.0193
1992	0.211951992	28.0193
1993	0.211951993	28.0193
1994	0.211951994	28.0193
1995	0.211951995	28.0193
1996	0.211951996	28.0193
1997	0.211951997	28.0193
1998	0.211951998	28.0193
1999	0.211951999	28.0193
