# Generation	mean_fitness
0	23.452
1	23.203
2	23.316
3	23.621
4	23.392
5	23.629
6	23.154
7	23.597
8	23.465
9	23.456
10	23.198
11	23.35
12	23.374
13	23.472
14	23.381
15	23.583
16	23.563
17	23.478
18	23.175
19	23.48
20	23.629
21	23.364
22	23.547
23	23.294
24	23.484
25	23.471
26	23.411
27	23.705
28	23.523
29	23.546
30	23.414
31	23.474
32	23.397
33	23.526
34	23.438
35	23.368
36	23.434
37	23.659
38	23.532
39	23.594
40	23.736
41	23.288
42	23.74
43	23.506
44	23.26
45	23.613
46	23.532
47	23.589
48	23.461
49	23.733
50	23.495
51	23.612
52	23.596
53	23.758
54	23.514
55	23.523
56	23.491
57	23.529
58	23.538
59	23.536
60	23.822
61	23.782
62	23.738
63	23.547
64	23.528
65	23.569
66	23.487
67	23.598
68	23.641
69	23.639
70	23.63
71	23.692
72	23.559
73	23.353
74	23.404
75	23.513
76	23.465
77	23.583
78	23.859
79	23.834
80	23.539
81	23.711
82	23.843
83	23.831
84	23.616
85	23.765
86	23.749
87	23.6
88	23.649
89	23.771
90	23.682
91	23.572
92	23.744
93	23.709
94	23.901
95	23.934
96	23.61
97	23.869
98	23.6
99	23.619
100	23.502
101	23.494
102	23.633
103	23.936
104	23.885
105	23.643
106	23.609
107	23.597
108	23.69
109	23.813
110	23.486
111	23.669
112	23.474
113	23.952
114	23.781
115	23.92
116	23.795
117	23.848
118	23.502
119	23.606
120	23.787
121	23.837
122	23.912
123	23.806
124	23.69
125	23.518
126	23.68
127	23.798
128	23.748
129	23.616
130	23.994
131	23.8
132	24.047
133	23.794
134	23.837
135	23.851
136	24.115
137	24.019
138	23.611
139	23.777
140	23.672
141	23.782
142	23.5
143	23.902
144	23.922
145	23.696
146	23.966
147	23.807
148	23.697
149	23.764
150	23.741
151	23.999
152	24.117
153	23.962
154	23.579
155	23.749
156	23.888
157	23.817
158	23.932
159	24.055
160	24.082
161	23.902
162	24.02
163	24.165
164	24.106
165	24.044
166	23.789
167	23.956
168	24.065
169	23.889
170	23.881
171	23.875
172	23.956
173	23.72
174	24.078
175	23.989
176	23.96
177	23.807
178	24.253
179	24.13
180	23.985
181	23.872
182	23.99
183	24.279
184	24.174
185	24.232
186	24.276
187	24.099
188	24.24
189	24.202
190	24.196
191	24.157
192	24.022
193	24.077
194	24.201
195	24.237
196	24.046
197	24.143
198	23.914
199	24.267
200	23.767
201	24.029
202	24.099
203	24.267
204	24.359
205	24.366
206	24.22
207	24.304
208	24.245
209	24.308
210	24.263
211	24.223
212	24.113
213	24.219
214	24.223
215	24.155
216	24.198
217	24.126
218	24.472
219	24.347
220	24.551
221	24.401
222	24.184
223	24.276
224	24.255
225	24.292
226	24.264
227	24.261
228	24.155
229	24.095
230	24.076
231	24.148
232	24.031
233	24.235
234	24.388
235	24.319
236	24.312
237	24.309
238	24.468
239	24.497
240	24.44
241	24.648
242	24.438
243	24.44
244	24.339
245	24.233
246	24.339
247	24.267
248	24.318
249	24.768
250	24.527
251	24.569
252	24.739
253	24.431
254	24.55
255	24.541
256	24.783
257	24.533
258	24.463
259	24.502
260	24.646
261	24.338
262	24.796
263	24.698
264	24.813
265	24.75
266	24.795
267	24.631
268	24.496
269	24.708
270	24.659
271	24.856
272	24.584
273	24.475
274	24.351
275	24.279
276	24.536
277	24.715
278	24.685
279	24.893
280	24.873
281	24.912
282	25.003
283	24.805
284	24.847
285	24.914
286	25.126
287	25.069
288	25.015
289	24.926
290	24.795
291	24.822
292	24.905
293	24.897
294	24.744
295	24.716
296	24.729
297	24.756
298	24.919
299	24.973
300	25.071
301	24.762
302	24.731
303	24.864
304	24.73
305	24.912
306	25.154
307	24.864
308	25.066
309	24.932
310	24.777
311	24.712
312	24.899
313	25.063
314	24.885
315	24.864
316	25.022
317	25.174
318	25.329
319	25.035
320	24.982
321	25.079
322	25.089
323	24.908
324	24.88
325	25.036
326	25.18
327	25.143
328	25.292
329	25.271
330	25.165
331	25.127
332	24.973
333	25.014
334	25.073
335	25.074
336	25.223
337	25.146
338	25.036
339	25.084
340	25.083
341	25.209
342	25.201
343	25.292
344	25.194
345	25.075
346	25.541
347	25.356
348	25.353
349	25.27
350	25.423
351	25.425
352	25.455
353	25.356
354	25.265
355	25.35
356	25.352
357	25.351
358	25.645
359	25.523
360	25.449
361	25.4
362	25.641
363	25.758
364	25.613
365	25.557
366	25.528
367	25.313
368	25.507
369	25.478
370	25.452
371	25.332
372	25.673
373	25.594
374	25.517
375	25.623
376	25.773
377	25.739
378	25.744
379	25.696
380	25.643
381	26.005
382	25.762
383	25.76
384	25.562
385	25.64
386	25.564
387	25.717
388	25.687
389	26.004
390	25.809
391	25.797
392	25.822
393	25.805
394	25.867
395	25.599
396	25.863
397	25.83
398	25.809
399	25.868
400	25.963
401	26.073
402	25.983
403	25.929
404	26.082
405	25.947
406	26.053
407	26.066
408	25.893
409	25.948
410	25.905
411	25.885
412	25.942
413	25.965
414	25.934
415	26.071
416	25.973
417	25.977
418	26.195
419	26.312
420	26.395
421	26.285
422	26.227
423	26.255
424	26.168
425	26.104
426	26.38
427	26.411
428	26.315
429	26.239
430	26.301
431	26.219
432	26.309
433	26.127
434	26.397
435	26.289
436	26.427
437	26.577
438	26.303
439	26.416
440	26.372
441	26.441
442	26.576
443	26.391
444	26.544
445	26.53
446	26.459
447	26.46
448	26.344
449	26.421
450	26.508
451	26.537
452	26.487
453	26.614
454	26.649
455	26.535
456	26.457
457	26.554
458	26.694
459	26.612
460	26.701
461	26.687
462	26.668
463	26.78
464	26.721
465	26.83
466	26.647
467	26.64
468	26.626
469	26.673
470	26.749
471	26.822
472	26.844
473	26.844
474	26.854
475	26.908
476	26.858
477	26.931
478	27.003
479	26.997
480	27.002
481	26.909
482	27.089
483	27.185
484	26.937
485	26.98
486	26.999
487	27.141
488	26.978
489	27.069
490	27.026
491	27.195
492	27.168
493	27.36
494	27.343
495	27.358
496	27.377
497	27.372
498	27.311
499	27.279
500	27.409
501	27.342
502	27.31
503	27.379
504	27.458
505	27.392
506	27.426
507	27.422
508	27.43
509	27.537
510	27.476
511	27.538
512	27.464
513	27.498
514	27.499
515	27.657
516	27.544
517	27.648
518	27.578
519	27.443
520	27.429
521	27.56
522	27.494
523	27.597
524	27.468
525	27.622
526	27.642
527	27.61
528	27.841
529	27.82
530	27.739
531	27.699
532	27.689
533	27.759
534	27.758
535	27.57
536	27.569
537	27.787
538	27.929
539	27.863
540	27.673
541	27.665
542	27.761
543	27.819
544	27.942
545	27.961
546	28.012
547	27.951
548	27.757
549	27.798
550	27.927
551	28.066
552	27.987
553	28.046
554	28.011
555	28.103
556	28.023
557	28.021
558	28.186
559	28.13
560	28.093
561	28.099
562	28.133
563	28.197
564	28.176
565	28.237
566	28.239
567	28.225
568	28.168
569	28.172
570	28.059
571	28.035
572	27.998
573	28.076
574	28.098
575	28.084
576	28.113
577	28.306
578	28.23
579	28.327
580	28.385
581	28.428
582	28.482
583	28.388
584	28.293
585	28.375
586	28.342
587	28.332
588	28.337
589	28.323
590	28.362
591	28.384
592	28.373
593	28.472
594	28.455
595	28.525
596	28.541
597	28.531
598	28.57
599	28.547
600	28.57
601	28.582
602	28.545
603	28.573
604	28.55
605	28.565
606	28.593
607	28.581
608	28.524
609	28.596
610	28.512
611	28.626
612	28.709
613	28.615
614	28.631
615	28.692
616	28.712
617	28.762
618	28.832
619	28.671
620	28.727
621	28.734
622	28.84
623	28.83
624	28.865
625	28.784
626	28.796
627	28.843
628	28.883
629	28.82
630	28.925
631	28.925
632	28.927
633	28.992
634	28.99
635	28.951
636	28.978
637	28.992
638	28.941
639	29.017
640	29.052
641	29.025
642	29.044
643	29.071
644	29.065
645	29.067
646	28.998
647	29.048
648	29.075
649	29.184
650	29.214
651	29.212
652	29.221
653	29.2
654	29.152
655	29.222
656	29.2
657	29.176
658	29.141
659	29.182
660	29.157
661	29.2
662	29.201
663	29.195
664	29.194
665	29.147
666	29.211
667	29.174
668	29.219
669	29.164
670	29.16
671	29.159
672	29.199
673	29.296
674	29.334
675	29.318
676	29.318
677	29.302
678	29.301
679	29.31
680	29.348
681	29.343
682	29.392
683	29.412
684	29.417
685	29.345
686	29.346
687	29.325
688	29.342
689	29.325
690	29.368
691	29.379
692	29.391
693	29.376
694	29.434
695	29.448
696	29.422
697	29.481
698	29.459
699	29.448
700	29.436
701	29.446
702	29.427
703	29.554
704	29.583
705	29.618
706	29.543
707	29.592
708	29.577
709	29.582
710	29.598
711	29.607
712	29.617
713	29.651
714	29.621
715	29.614
716	29.641
717	29.64
718	29.647
719	29.638
720	29.607
721	29.607
722	29.665
723	29.677
724	29.664
725	29.703
726	29.741
727	29.722
728	29.7
729	29.715
730	29.752
731	29.729
732	29.723
733	29.734
734	29.776
735	29.807
736	29.798
737	29.76
738	29.743
739	29.751
740	29.743
741	29.767
742	29.756
743	29.762
744	29.775
745	29.814
746	29.836
747	29.847
748	29.842
749	29.864
750	29.858
751	29.861
752	29.889
753	29.868
754	29.85
755	29.863
756	29.848
757	29.888
758	29.909
759	29.926
760	29.92
761	29.888
762	29.889
763	29.881
764	29.899
765	29.909
766	29.885
767	29.889
768	29.89
769	29.911
770	29.948
771	29.939
772	29.901
773	29.941
774	29.942
775	29.956
776	29.964
777	29.957
778	29.995
779	30.005
780	30.009
781	30.015
782	30.016
783	30.027
784	30.003
785	30.019
786	30.026
787	30.074
788	30.072
789	30.078
790	30.058
791	30.06
792	30.078
793	30.073
794	30.074
795	30.09
796	30.092
797	30.087
798	30.065
799	30.089
800	30.103
801	30.078
802	30.079
803	30.067
804	30.078
805	30.096
806	30.112
807	30.127
808	30.119
809	30.116
810	30.129
811	30.15
812	30.136
813	30.118
814	30.114
815	30.149
816	30.144
817	30.16
818	30.158
819	30.178
820	30.166
821	30.164
822	30.159
823	30.155
824	30.155
825	30.148
826	30.15
827	30.151
828	30.154
829	30.152
830	30.157
831	30.163
832	30.162
833	30.186
834	30.191
835	30.193
836	30.216
837	30.236
838	30.233
839	30.225
840	30.229
841	30.223
842	30.208
843	30.203
844	30.219
845	30.223
846	30.217
847	30.231
848	30.239
849	30.255
850	30.265
851	30.277
852	30.281
853	30.278
854	30.269
855	30.275
856	30.278
857	30.276
858	30.273
859	30.288
860	30.289
861	30.301
862	30.305
863	30.31
864	30.317
865	30.308
866	30.306
867	30.319
868	30.326
869	30.327
870	30.329
871	30.319
872	30.313
873	30.311
874	30.307
875	30.309
876	30.312
877	30.318
878	30.331
879	30.329
880	30.336
881	30.339
882	30.329
883	30.337
884	30.337
885	30.34
886	30.341
887	30.338
888	30.341
889	30.353
890	30.356
891	30.359
892	30.366
893	30.372
894	30.37
895	30.371
896	30.366
897	30.369
898	30.362
899	30.364
900	30.374
901	30.363
902	30.36
903	30.351
904	30.377
905	30.376
906	30.372
907	30.382
908	30.388
909	30.381
910	30.387
911	30.383
912	30.381
913	30.381
914	30.382
915	30.392
916	30.394
917	30.387
918	30.382
919	30.388
920	30.392
921	30.387
922	30.392
923	30.396
924	30.403
925	30.401
926	30.408
927	30.403
928	30.407
929	30.412
930	30.404
931	30.406
932	30.413
933	30.413
934	30.409
935	30.406
936	30.412
937	30.412
938	30.412
939	30.408
940	30.402
941	30.406
942	30.412
943	30.426
944	30.428
945	30.432
946	30.431
947	30.421
948	30.411
949	30.418
950	30.411
951	30.411
952	30.418
953	30.407
954	30.414
955	30.414
956	30.408
957	30.416
958	30.428
959	30.434
960	30.44
961	30.435
962	30.444
963	30.442
964	30.442
965	30.443
966	30.445
967	30.438
968	30.441
969	30.439
970	30.449
971	30.448
972	30.454
973	30.464
974	30.454
975	30.46
976	30.461
977	30.461
978	30.461
979	30.464
980	30.464
981	30.467
982	30.467
983	30.465
984	30.474
985	30.475
986	30.471
987	30.465
988	30.474
989	30.478
990	30.476
991	30.476
992	30.478
993	30.478
994	30.475
995	30.484
996	30.484
997	30.488
998	30.489
999	30.489
1000	30.485
1001	30.49
1002	30.488
1003	30.491
1004	30.496
1005	30.493
1006	30.497
1007	30.497
1008	30.505
1009	30.503
1010	30.501
1011	30.498
1012	30.499
1013	30.498
1014	30.493
1015	30.495
1016	30.496
1017	30.497
1018	30.499
1019	30.503
1020	30.5
1021	30.499
1022	30.498
1023	30.498
1024	30.497
1025	30.499
1026	30.499
1027	30.503
1028	30.506
1029	30.503
1030	30.505
1031	30.503
1032	30.509
1033	30.509
1034	30.513
1035	30.513
1036	30.51
1037	30.512
1038	30.51
1039	30.512
1040	30.51
1041	30.51
1042	30.512
1043	30.511
1044	30.514
1045	30.508
1046	30.508
1047	30.506
1048	30.511
1049	30.51
1050	30.507
1051	30.504
1052	30.503
1053	30.505
1054	30.509
1055	30.513
1056	30.514
1057	30.515
1058	30.516
1059	30.517
1060	30.516
1061	30.515
1062	30.516
1063	30.517
1064	30.513
1065	30.514
1066	30.514
1067	30.512
1068	30.51
1069	30.513
1070	30.515
1071	30.515
1072	30.517
1073	30.518
1074	30.513
1075	30.516
1076	30.517
1077	30.517
1078	30.519
1079	30.52
1080	30.52
1081	30.52
1082	30.519
1083	30.518
1084	30.516
1085	30.518
1086	30.519
1087	30.522
1088	30.521
1089	30.524
1090	30.522
1091	30.523
1092	30.522
1093	30.52
1094	30.523
1095	30.525
1096	30.526
1097	30.527
1098	30.527
1099	30.526
1100	30.527
1101	30.527
1102	30.528
1103	30.527
1104	30.525
1105	30.527
1106	30.527
1107	30.527
1108	30.526
1109	30.526
1110	30.526
1111	30.525
1112	30.525
1113	30.524
1114	30.523
1115	30.522
1116	30.524
1117	30.523
1118	30.522
1119	30.522
1120	30.524
1121	30.526
1122	30.526
1123	30.526
1124	30.525
1125	30.525
1126	30.523
1127	30.525
1128	30.525
1129	30.526
1130	30.528
1131	30.527
1132	30.526
1133	30.526
1134	30.526
1135	30.526
1136	30.525
1137	30.524
1138	30.524
1139	30.525
1140	30.526
1141	30.527
1142	30.527
1143	30.527
1144	30.527
1145	30.525
1146	30.525
1147	30.525
1148	30.525
1149	30.527
1150	30.527
1151	30.527
1152	30.527
1153	30.527
1154	30.527
1155	30.527
1156	30.526
1157	30.526
1158	30.526
1159	30.527
1160	30.527
1161	30.528
1162	30.528
1163	30.528
1164	30.528
1165	30.528
1166	30.528
1167	30.528
1168	30.528
1169	30.528
1170	30.528
1171	30.528
1172	30.528
1173	30.528
1174	30.528
1175	30.528
1176	30.528
1177	30.528
1178	30.528
1179	30.528
1180	30.528
1181	30.528
1182	30.528
1183	30.528
1184	30.528
1185	30.528
1186	30.528
1187	30.528
1188	30.527
1189	30.527
1190	30.527
1191	30.527
1192	30.527
1193	30.527
1194	30.526
1195	30.526
1196	30.526
1197	30.526
1198	30.526
1199	30.526
1200	30.526
1201	30.526
1202	30.527
1203	30.527
1204	30.527
1205	30.527
1206	30.527
1207	30.527
1208	30.527
1209	30.527
1210	30.527
1211	30.527
1212	30.527
1213	30.527
1214	30.528
1215	30.528
1216	30.528
1217	30.528
1218	30.528
1219	30.528
1220	30.528
1221	30.528
1222	30.528
1223	30.528
1224	30.528
1225	30.528
1226	30.528
1227	30.528
1228	30.528
1229	30.528
1230	30.528
1231	30.528
1232	30.528
1233	30.528
1234	30.528
1235	30.528
1236	30.528
1237	30.528
1238	30.528
1239	30.528
1240	30.528
1241	30.528
1242	30.528
1243	30.528
1244	30.528
1245	30.528
1246	30.528
1247	30.528
1248	30.528
1249	30.528
1250	30.528
1251	30.528
1252	30.528
1253	30.528
1254	30.528
1255	30.528
1256	30.528
1257	30.528
1258	30.528
1259	30.528
1260	30.528
1261	30.528
1262	30.528
1263	30.528
1264	30.528
1265	30.528
1266	30.528
1267	30.528
1268	30.528
1269	30.528
1270	30.528
1271	30.528
1272	30.528
1273	30.528
1274	30.528
1275	30.528
1276	30.528
1277	30.528
1278	30.528
1279	30.528
1280	30.528
1281	30.528
1282	30.528
1283	30.528
1284	30.528
1285	30.528
1286	30.528
1287	30.528
1288	30.528
1289	30.528
1290	30.528
1291	30.528
1292	30.528
1293	30.528
1294	30.528
1295	30.528
1296	30.528
1297	30.528
1298	30.528
1299	30.528
1300	30.528
1301	30.528
1302	30.528
1303	30.528
1304	30.528
1305	30.528
1306	30.528
1307	30.528
1308	30.528
1309	30.528
1310	30.528
1311	30.528
1312	30.528
1313	30.528
1314	30.528
1315	30.528
1316	30.528
1317	30.528
1318	30.528
1319	30.528
1320	30.528
1321	30.528
1322	30.528
1323	30.528
1324	30.528
1325	30.528
1326	30.528
1327	30.528
1328	30.528
1329	30.528
1330	30.528
1331	30.528
1332	30.528
1333	30.528
1334	30.528
1335	30.528
1336	30.528
1337	30.528
1338	30.528
1339	30.528
1340	30.528
1341	30.528
1342	30.528
1343	30.528
1344	30.528
1345	30.528
1346	30.528
1347	30.528
1348	30.528
1349	30.528
1350	30.528
1351	30.528
1352	30.528
1353	30.528
1354	30.528
1355	30.528
1356	30.528
1357	30.528
1358	30.528
1359	30.528
1360	30.528
1361	30.528
1362	30.528
1363	30.528
1364	30.528
1365	30.528
1366	30.528
1367	30.528
1368	30.528
1369	30.528
1370	30.528
1371	30.528
1372	30.528
1373	30.528
1374	30.528
1375	30.528
1376	30.528
1377	30.528
1378	30.528
1379	30.528
1380	30.528
1381	30.528
1382	30.528
1383	30.528
1384	30.528
1385	30.528
1386	30.528
1387	30.528
1388	30.528
1389	30.528
1390	30.528
1391	30.528
1392	30.528
1393	30.528
1394	30.528
1395	30.528
1396	30.528
1397	30.528
1398	30.528
1399	30.528
1400	30.528
1401	30.528
1402	30.528
1403	30.528
1404	30.528
1405	30.528
1406	30.528
1407	30.528
1408	30.528
1409	30.528
1410	30.528
1411	30.528
1412	30.528
1413	30.528
1414	30.528
1415	30.528
1416	30.528
1417	30.528
1418	30.528
1419	30.528
1420	30.528
1421	30.528
1422	30.528
1423	30.528
1424	30.528
1425	30.528
1426	30.528
1427	30.528
1428	30.528
1429	30.528
1430	30.528
1431	30.528
1432	30.528
1433	30.528
1434	30.528
1435	30.528
1436	30.528
1437	30.528
1438	30.528
1439	30.528
1440	30.528
1441	30.528
1442	30.528
1443	30.528
1444	30.528
1445	30.528
1446	30.528
1447	30.528
1448	30.528
1449	30.528
1450	30.528
1451	30.528
1452	30.528
1453	30.528
1454	30.528
1455	30.528
1456	30.528
1457	30.528
1458	30.528
1459	30.528
1460	30.528
1461	30.528
1462	30.528
1463	30.528
1464	30.528
1465	30.528
1466	30.528
1467	30.528
1468	30.528
1469	30.528
1470	30.528
1471	30.528
1472	30.528
1473	30.528
1474	30.528
1475	30.528
1476	30.528
1477	30.528
1478	30.528
1479	30.528
1480	30.528
1481	30.528
1482	30.528
1483	30.528
1484	30.528
1485	30.528
1486	30.528
1487	30.528
1488	30.528
1489	30.528
1490	30.528
1491	30.528
1492	30.528
1493	30.528
1494	30.528
1495	30.528
1496	30.528
1497	30.528
1498	30.528
1499	30.528
1500	30.528
1501	30.528
1502	30.528
1503	30.528
1504	30.528
1505	30.528
1506	30.528
1507	30.528
1508	30.528
1509	30.528
1510	30.528
1511	30.528
1512	30.528
1513	30.528
1514	30.528
1515	30.528
1516	30.528
1517	30.528
1518	30.528
1519	30.528
1520	30.528
1521	30.528
1522	30.528
1523	30.528
1524	30.528
1525	30.528
1526	30.528
1527	30.528
1528	30.528
1529	30.528
1530	30.528
1531	30.528
1532	30.528
1533	30.528
1534	30.528
1535	30.528
1536	30.528
1537	30.528
1538	30.528
1539	30.528
1540	30.528
1541	30.528
1542	30.528
1543	30.528
1544	30.528
1545	30.528
1546	30.528
1547	30.528
1548	30.528
1549	30.528
1550	30.528
1551	30.528
1552	30.528
1553	30.528
1554	30.528
1555	30.528
1556	30.528
1557	30.528
1558	30.528
1559	30.528
1560	30.528
1561	30.528
1562	30.528
1563	30.528
1564	30.528
1565	30.528
1566	30.528
1567	30.528
1568	30.528
1569	30.528
1570	30.528
1571	30.528
1572	30.528
1573	30.528
1574	30.528
1575	30.528
1576	30.528
1577	30.528
1578	30.528
1579	30.528
1580	30.528
1581	30.528
1582	30.528
1583	30.528
1584	30.528
1585	30.528
1586	30.528
1587	30.528
1588	30.528
1589	30.528
1590	30.528
1591	30.528
1592	30.528
1593	30.528
1594	30.528
1595	30.528
1596	30.528
1597	30.528
1598	30.528
1599	30.528
1600	30.528
1601	30.528
1602	30.528
1603	30.528
1604	30.528
1605	30.528
1606	30.528
1607	30.528
1608	30.528
1609	30.528
1610	30.528
1611	30.528
1612	30.528
1613	30.528
1614	30.528
1615	30.528
1616	30.528
1617	30.528
1618	30.528
1619	30.528
1620	30.528
1621	30.528
1622	30.528
1623	30.528
1624	30.528
1625	30.528
1626	30.528
1627	30.528
1628	30.528
1629	30.528
1630	30.528
1631	30.528
1632	30.528
1633	30.528
1634	30.528
1635	30.528
1636	30.528
1637	30.528
1638	30.528
1639	30.528
1640	30.528
1641	30.528
1642	30.528
1643	30.528
1644	30.528
1645	30.528
1646	30.528
1647	30.528
1648	30.528
1649	30.528
1650	30.528
1651	30.528
1652	30.528
1653	30.528
1654	30.528
1655	30.528
1656	30.528
1657	30.528
1658	30.528
1659	30.528
1660	30.528
1661	30.528
1662	30.528
1663	30.528
1664	30.528
1665	30.528
1666	30.528
1667	30.528
1668	30.528
1669	30.528
1670	30.528
1671	30.528
1672	30.528
1673	30.528
1674	30.528
1675	30.528
1676	30.528
1677	30.528
1678	30.528
1679	30.528
1680	30.528
1681	30.528
1682	30.528
1683	30.528
1684	30.528
1685	30.528
1686	30.528
1687	30.528
1688	30.528
1689	30.528
1690	30.528
1691	30.528
1692	30.528
1693	30.528
1694	30.528
1695	30.528
1696	30.528
1697	30.528
1698	30.528
1699	30.528
1700	30.528
1701	30.528
1702	30.528
1703	30.528
1704	30.528
1705	30.528
1706	30.528
1707	30.528
1708	30.528
1709	30.528
1710	30.528
1711	30.528
1712	30.528
1713	30.528
1714	30.528
1715	30.528
1716	30.528
1717	30.528
1718	30.528
1719	30.528
1720	30.528
1721	30.528
1722	30.528
1723	30.528
1724	30.528
1725	30.528
1726	30.528
1727	30.528
1728	30.528
1729	30.528
1730	30.528
1731	30.528
1732	30.528
1733	30.528
1734	30.528
1735	30.528
1736	30.528
1737	30.528
1738	30.528
1739	30.528
1740	30.528
1741	30.528
1742	30.528
1743	30.528
1744	30.528
1745	30.528
1746	30.528
1747	30.528
1748	30.528
1749	30.528
1750	30.528
1751	30.528
1752	30.528
1753	30.528
1754	30.528
1755	30.528
1756	30.528
1757	30.528
1758	30.528
1759	30.528
1760	30.528
1761	30.528
1762	30.528
1763	30.528
1764	30.528
1765	30.528
1766	30.528
1767	30.528
1768	30.528
1769	30.528
1770	30.528
1771	30.528
1772	30.528
1773	30.528
1774	30.528
1775	30.528
1776	30.528
1777	30.528
1778	30.528
1779	30.528
1780	30.528
1781	30.528
1782	30.528
1783	30.528
1784	30.528
1785	30.528
1786	30.528
1787	30.528
1788	30.528
1789	30.528
1790	30.528
1791	30.528
1792	30.528
1793	30.528
1794	30.528
1795	30.528
1796	30.528
1797	30.528
1798	30.528
1799	30.528
1800	30.528
1801	30.528
1802	30.528
1803	30.528
1804	30.528
1805	30.528
1806	30.528
1807	30.528
1808	30.528
1809	30.528
1810	30.528
1811	30.528
1812	30.528
1813	30.528
1814	30.528
1815	30.528
1816	30.528
1817	30.528
1818	30.528
1819	30.528
1820	30.528
1821	30.528
1822	30.528
1823	30.528
1824	30.528
1825	30.528
1826	30.528
1827	30.528
1828	30.528
1829	30.528
1830	30.528
1831	30.528
1832	30.528
1833	30.528
1834	30.528
1835	30.528
1836	30.528
1837	30.528
1838	30.528
1839	30.528
1840	30.528
1841	30.528
1842	30.528
1843	30.528
1844	30.528
1845	30.528
1846	30.528
1847	30.528
1848	30.528
1849	30.528
1850	30.528
1851	30.528
1852	30.528
1853	30.528
1854	30.528
1855	30.528
1856	30.528
1857	30.528
1858	30.528
1859	30.528
1860	30.528
1861	30.528
1862	30.528
1863	30.528
1864	30.528
1865	30.528
1866	30.528
1867	30.528
1868	30.528
1869	30.528
1870	30.528
1871	30.528
1872	30.528
1873	30.528
1874	30.528
1875	30.528
1876	30.528
1877	30.528
1878	30.528
1879	30.528
1880	30.528
1881	30.528
1882	30.528
1883	30.528
1884	30.528
1885	30.528
1886	30.528
1887	30.528
1888	30.528
1889	30.528
1890	30.528
1891	30.528
1892	30.528
1893	30.528
1894	30.528
1895	30.528
1896	30.528
1897	30.528
1898	30.528
1899	30.528
1900	30.528
1901	30.528
1902	30.528
1903	30.528
1904	30.528
1905	30.528
1906	30.528
1907	30.528
1908	30.528
1909	30.528
1910	30.528
1911	30.528
1912	30.528
1913	30.528
1914	30.528
1915	30.528
1916	30.528
1917	30.528
1918	30.528
1919	30.528
1920	30.528
1921	30.528
1922	30.528
1923	30.528
1924	30.528
1925	30.528
1926	30.528
1927	30.528
1928	30.528
1929	30.528
1930	30.528
1931	30.528
1932	30.528
1933	30.528
1934	30.528
1935	30.528
1936	30.528
1937	30.528
1938	30.528
1939	30.528
1940	30.528
1941	30.528
1942	30.528
1943	30.528
1944	30.528
1945	30.528
1946	30.528
1947	30.528
1948	30.528
1949	30.528
1950	30.528
1951	30.528
1952	30.528
1953	30.528
1954	30.528
1955	30.528
1956	30.528
1957	30.528
1958	30.528
1959	30.528
1960	30.528
1961	30.528
1962	30.528
1963	30.528
1964	30.528
1965	30.528
1966	30.528
1967	30.528
1968	30.528
1969	30.528
1970	30.528
1971	30.528
1972	30.528
1973	30.528
1974	30.528
1975	30.528
1976	30.528
1977	30.528
1978	30.528
1979	30.528
1980	30.528
1981	30.528
1982	30.528
1983	30.528
1984	30.528
1985	30.528
1986	30.528
1987	30.528
1988	30.528
1989	30.528
1990	30.528
1991	30.528
1992	30.528
1993	30.528
1994	30.528
1995	30.528
1996	30.528
1997	30.528
1998	30.528
1999	30.528
